0.444287374487578,0.111980391442049,-0.0656003681883881,79.5272728410196
0.468451434064858,0.124397169193064,-0.124478259942952,79.970548136382
0.399509210910824,0.210783733484093,-0.0123127822639696,118.602313618647
0.448251619943565,0.133948954394767,-0.0630040982014805,93.2459133185893
0.506132360354341,0.148247283469619,-0.0288738486342314,42.5793820648731
0.458315336460333,0.0654506660217471,-0.0707025241010608,64.2622664137443
0.396407670765313,0.202319659705928,-0.0331773799390727,120.088553902207
0.472630237160665,0.120080329027259,-0.296724180996777,58.3129353333193
0.473186589668112,0.115959181460965,-0.147503893931299,60.5636108201887
0,0,0,0
0.427479489096264,0.290017335735705,-0.0902233036102887,53.5577682877994
0.490860511785829,0.0390098087776418,-0.274368275396929,71.2769579519686
0.457814832413306,0.0467161182956513,-0.704665292547953,70.0406534029336
0,0,0,0
0,0,0,0
0,0,0,0
0,0,0,0
0,0,0,0
0,0,0,0
0,0,0,0
0,0,0,0
0,0,0,0
0,0,0,0
0,0,0,0
0,0,0,0
0,0,0,0
0,0,0,0
0,0,0,0
0,0,0,0
0,0,0,0
0,0,0,0
0,0,0,0
0,0,0,0
0,0,0,0
0,0,0,0
0,0,0,0
0,0,0,0
0,0,0,0
0,0,0,0
0,0,0,0
0,0,0,0
0,0,0,0
0,0,0,0
0,0,0,0
0,0,0,0
0,0,0,0
0,0,0,0
0,0,0,0
0,0,0,0
0,0,0,0
0,0,0,0
0,0,0,0
0,0,0,0
0,0,0,0
0,0,0,0
0,0,0,0
0,0,0,0
0,0,0,0
0,0,0,0
0,0,0,0
0,0,0,0
0,0,0,0
0,0,0,0
0,0,0,0
0,0,0,0
0,0,0,0
0,0,0,0
0,0,0,0
0,0,0,0
0,0,0,0
0,0,0,0
0,0,0,0
0,0,0,0
0,0,0,0
0,0,0,0
0,0,0,0
0,0,0,0
0,0,0,0
0,0,0,0
0,0,0,0
0,0,0,0
0,0,0,0
0,0,0,0
0,0,0,0
0,0,0,0
0,0,0,0
0,0,0,0
0,0,0,0
0,0,0,0
0,0,0,0
0,0,0,0
0,0,0,0
0,0,0,0
0,0,0,0
0,0,0,0
0,0,0,0
0,0,0,0
0,0,0,0
0,0,0,0
0,0,0,0
