3 19 0.035934 
3 20 0.062653 
3 23 0.014097 
3 24 0.016061 
3 26 0.069921 
3 27 0.017172 
3 28 0.040044 
3 30 0.033070 
3 31 0.067408 
3 32 0.028241 
3 34 0.055203 
3 35 0.038321 
3 37 0.057987 
3 38 0.031816 
3 19 0.035934 
3 20 0.062653 
3 23 0.014097 
3 24 0.016061 
3 26 0.069921 
3 27 0.017172 
3 28 0.040044 
3 30 0.033070 
3 31 0.067408 
3 32 0.028241 
3 34 0.055203 
3 35 0.038321 
3 37 0.057987 
3 38 0.031816 
3 19 0.035934 
3 20 0.062653 
3 23 0.014097 
3 24 0.016061 
3 26 0.069921 
3 27 0.017172 
3 28 0.040044 
3 30 0.033070 
3 31 0.067408 
3 32 0.028241 
3 34 0.055203 
3 35 0.038321 
3 37 0.057987 
3 38 0.031816 
4 1 0.022183 
4 2 0.024276 
4 3 0.023019 
4 4 0.046641 
4 5 0.015997 
4 6 0.027682 
4 7 0.018077 
4 8 0.071709 
4 9 0.060941 
4 10 0.072951 
4 11 0.036583 
4 12 0.068034 
4 13 0.057349 
4 14 0.081063 
4 15 0.085368 
4 16 0.066999 
4 17 0.081425 
4 18 0.040036 
10 1 0.044582 
3 19 0.035934 
3 20 0.062653 
3 23 0.014097 
3 24 0.016061 
3 26 0.069921 
3 27 0.017172 
3 28 0.040044 
3 30 0.033070 
3 31 0.067408 
3 32 0.028241 
3 34 0.055203 
3 35 0.038321 
3 37 0.057987 
3 38 0.031816 
4 1 0.022183 
4 2 0.024276 
4 3 0.023019 
4 4 0.046641 
4 5 0.015997 
4 6 0.027682 
4 7 0.018077 
4 8 0.071709 
4 9 0.060941 
4 10 0.072951 
4 11 0.036583 
4 12 0.068034 
4 13 0.057349 
4 14 0.081063 
4 15 0.085368 
4 16 0.066999 
4 17 0.081425 
4 18 0.040036 
10 1 0.044582 
