3 19 0.032039 
3 20 0.037508 
3 23 0.017762 
3 24 0.014068 
3 26 0.035278 
3 27 0.024150 
3 28 0.034339 
3 30 0.027147 
3 31 0.031837 
3 32 0.025605 
3 34 0.034315 
3 35 0.038325 
3 37 0.038928 
3 38 0.035673 
3 19 0.032039 
3 20 0.037508 
3 23 0.017762 
3 24 0.014068 
3 26 0.035278 
3 27 0.024150 
3 28 0.034339 
3 30 0.027147 
3 31 0.031837 
3 32 0.025605 
3 34 0.034315 
3 35 0.038325 
3 37 0.038928 
3 38 0.035673 
3 19 0.032039 
3 20 0.037508 
3 23 0.017762 
3 24 0.014068 
3 26 0.035278 
3 27 0.024150 
3 28 0.034339 
3 30 0.027147 
3 31 0.031837 
3 32 0.025605 
3 34 0.034315 
3 35 0.038325 
3 37 0.038928 
3 38 0.035673 
4 1 0.036895 
4 2 0.011961 
4 3 0.026961 
4 4 0.026444 
4 5 0.036114 
4 6 0.040454 
4 7 0.034003 
4 8 0.043482 
4 9 0.047345 
4 10 0.038722 
4 11 0.042478 
4 12 0.044976 
4 13 0.045387 
4 14 0.044889 
4 15 0.041184 
4 16 0.039900 
4 17 0.043128 
4 18 0.034814 
10 1 0.037056 
3 19 0.032039 
3 20 0.037508 
3 23 0.017762 
3 24 0.014068 
3 26 0.035278 
3 27 0.024150 
3 28 0.034339 
3 30 0.027147 
3 31 0.031837 
3 32 0.025605 
3 34 0.034315 
3 35 0.038325 
3 37 0.038928 
3 38 0.035673 
4 1 0.036895 
4 2 0.011961 
4 3 0.026961 
4 4 0.026444 
4 5 0.036114 
4 6 0.040454 
4 7 0.034003 
4 8 0.043482 
4 9 0.047345 
4 10 0.038722 
4 11 0.042478 
4 12 0.044976 
4 13 0.045387 
4 14 0.044889 
4 15 0.041184 
4 16 0.039900 
4 17 0.043128 
4 18 0.034814 
10 1 0.037056 
