3 19 0.500059 
3 20 0.500860 
3 23 0.500117 
3 24 0.500861 
3 26 0.437920 
3 27 0.499410 
3 28 0.475659 
3 30 0.505141 
3 31 0.452807 
3 32 0.495688 
3 34 0.440084 
3 35 0.455785 
3 37 0.650524 
3 38 0.546592 
4 1 0.470041 
4 2 0.515161 
4 3 0.530988 
4 4 0.582617 
4 5 0.471618 
4 6 0.490463 
4 7 0.478239 
4 8 0.584792 
4 9 0.564532 
4 10 0.602877 
4 11 0.478187 
4 12 0.583818 
4 13 0.563264 
4 14 0.597478 
4 15 0.426274 
4 16 0.497583 
4 17 0.569965 
4 18 0.539628 
10 1 0.471757 
3 19 0.500059 
3 20 0.500860 
3 23 0.500117 
3 24 0.500861 
3 26 0.437920 
3 27 0.499410 
3 28 0.475659 
3 30 0.505141 
3 31 0.452807 
3 32 0.495688 
3 34 0.440084 
3 35 0.455785 
3 37 0.650524 
3 38 0.546592 
4 1 0.470041 
4 2 0.515161 
4 3 0.530988 
4 4 0.582617 
4 5 0.471618 
4 6 0.490463 
4 7 0.478239 
4 8 0.584792 
4 9 0.564532 
4 10 0.602877 
4 11 0.478187 
4 12 0.583818 
4 13 0.563264 
4 14 0.597478 
4 15 0.426274 
4 16 0.497583 
4 17 0.569965 
4 18 0.539628 
10 1 0.471757 
