3 19 2.306544 
3 20 2.148270 
3 23 2.255537 
3 24 2.689708 
3 26 2.562149 
3 27 2.524106 
3 28 2.630847 
3 30 2.690537 
3 31 2.694447 
3 32 2.421231 
3 34 2.393957 
3 35 2.377624 
3 37 2.392394 
3 38 2.455501 
3 19 2.306544 
3 20 2.148270 
3 23 2.255537 
3 24 2.689708 
3 26 2.562149 
3 27 2.524106 
3 28 2.630847 
3 30 2.690537 
3 31 2.694447 
3 32 2.421231 
3 34 2.393957 
3 35 2.377624 
3 37 2.392394 
3 38 2.455501 
3 19 2.306544 
3 20 2.148270 
3 23 2.255537 
3 24 2.689708 
3 26 2.562149 
3 27 2.524106 
3 28 2.630847 
3 30 2.690537 
3 31 2.694447 
3 32 2.421231 
3 34 2.393957 
3 35 2.377624 
3 37 2.392394 
3 38 2.455501 
4 1 1.953519 
4 2 2.066626 
4 3 2.070125 
4 4 2.358246 
4 5 2.294249 
4 6 2.115160 
4 7 2.173992 
4 8 2.102894 
4 9 2.275130 
4 10 2.145197 
4 11 2.110685 
4 12 2.137839 
4 13 2.130878 
4 14 2.239298 
4 15 2.282500 
4 16 2.292189 
4 17 2.197188 
4 18 2.303755 
10 1 2.371671 
3 19 2.306544 
3 20 2.148270 
3 23 2.255537 
3 24 2.689708 
3 26 2.562149 
3 27 2.524106 
3 28 2.630847 
3 30 2.690537 
3 31 2.694447 
3 32 2.421231 
3 34 2.393957 
3 35 2.377624 
3 37 2.392394 
3 38 2.455501 
4 1 1.953519 
4 2 2.066626 
4 3 2.070125 
4 4 2.358246 
4 5 2.294249 
4 6 2.115160 
4 7 2.173992 
4 8 2.102894 
4 9 2.275130 
4 10 2.145197 
4 11 2.110685 
4 12 2.137839 
4 13 2.130878 
4 14 2.239298 
4 15 2.282500 
4 16 2.292189 
4 17 2.197188 
4 18 2.303755 
10 1 2.371671 
