3 19 2.223289 
3 20 2.224056 
3 23 2.041187 
3 24 2.532769 
3 26 2.410000 
3 27 2.529952 
3 28 2.851068 
3 30 2.439130 
3 31 2.057977 
3 32 2.589275 
3 34 2.187477 
3 35 2.184688 
3 37 2.311167 
3 38 2.419909 
3 19 2.223289 
3 20 2.224056 
3 23 2.041187 
3 24 2.532769 
3 26 2.410000 
3 27 2.529952 
3 28 2.851068 
3 30 2.439130 
3 31 2.057977 
3 32 2.589275 
3 34 2.187477 
3 35 2.184688 
3 37 2.311167 
3 38 2.419909 
3 19 2.223289 
3 20 2.224056 
3 23 2.041187 
3 24 2.532769 
3 26 2.410000 
3 27 2.529952 
3 28 2.851068 
3 30 2.439130 
3 31 2.057977 
3 32 2.589275 
3 34 2.187477 
3 35 2.184688 
3 37 2.311167 
3 38 2.419909 
4 1 1.995297 
4 2 1.933982 
4 3 2.036140 
4 4 2.123863 
4 5 2.210050 
4 6 1.684316 
4 7 1.885108 
4 8 1.869831 
4 9 1.995797 
4 10 2.030261 
4 11 2.067369 
4 12 1.988871 
4 13 2.021997 
4 14 1.995233 
4 15 1.990550 
4 16 1.822694 
4 17 1.893112 
4 18 2.077474 
10 1 2.298155 
3 19 2.223289 
3 20 2.224056 
3 23 2.041187 
3 24 2.532769 
3 26 2.410000 
3 27 2.529952 
3 28 2.851068 
3 30 2.439130 
3 31 2.057977 
3 32 2.589275 
3 34 2.187477 
3 35 2.184688 
3 37 2.311167 
3 38 2.419909 
4 1 1.995297 
4 2 1.933982 
4 3 2.036140 
4 4 2.123863 
4 5 2.210050 
4 6 1.684316 
4 7 1.885108 
4 8 1.869831 
4 9 1.995797 
4 10 2.030261 
4 11 2.067369 
4 12 1.988871 
4 13 2.021997 
4 14 1.995233 
4 15 1.990550 
4 16 1.822694 
4 17 1.893112 
4 18 2.077474 
10 1 2.298155 
