depth,sid,value,WY
2.500000,19,12.950304,2007
2.500000,19,39.212868,2008
2.500000,19,155.362522,2009
2.500000,19,19.531415,2010
2.500000,19,NaN,2011
2.500000,19,10.006391,2012
2.500000,19,NaN,2013
2.500000,19,NaN,2014
2.500000,19,NaN,2015
2.500000,19,NaN,2016
2.500000,19,22.826362,2017
2.500000,19,10.818401,2018
2.500000,19,9.536667,2019
2.500000,20,7.172541,2007
2.500000,20,26.859753,2008
2.500000,20,51.459867,2009
2.500000,20,23.631927,2010
2.500000,20,16.907209,2011
2.500000,20,24.368994,2012
2.500000,20,25.038735,2013
2.500000,20,146.338625,2014
2.500000,20,NaN,2015
2.500000,20,145.144326,2016
2.500000,20,26.271833,2017
2.500000,20,6.731985,2018
2.500000,20,84.466284,2019
2.500000,23,60.875747,2007
2.500000,23,31.828384,2008
2.500000,23,51.999882,2009
2.500000,23,130.725105,2010
2.500000,23,NaN,2011
2.500000,23,NaN,2012
2.500000,23,NaN,2013
2.500000,23,NaN,2014
2.500000,23,NaN,2015
2.500000,23,NaN,2016
2.500000,23,6.746772,2017
2.500000,23,NaN,2018
2.500000,24,25.705919,2007
2.500000,24,160.223805,2007
2.500000,24,43.384055,2008
2.500000,24,42.271454,2009
2.500000,24,90.963267,2010
2.500000,24,NaN,2011
2.500000,24,NaN,2012
2.500000,24,NaN,2013
2.500000,24,NaN,2014
2.500000,24,NaN,2015
2.500000,24,NaN,2016
2.500000,24,NaN,2017
2.500000,24,19.473269,2018
2.500000,26,63.943492,2007
2.500000,26,26.561986,2007
2.500000,26,48.473261,2008
2.500000,26,NaN,2009
2.500000,27,18.851517,2007
2.500000,27,NaN,2007
2.500000,27,NaN,2008
2.500000,27,55.890810,2009
2.500000,27,38.207059,2010
2.500000,27,NaN,2011
2.500000,27,NaN,2012
2.500000,27,NaN,2013
2.500000,27,51.440208,2014
2.500000,27,NaN,2015
2.500000,27,154.427343,2016
2.500000,27,21.454024,2017
2.500000,27,45.000000,2018
2.500000,28,17.388806,2007
2.500000,28,41.713095,2007
2.500000,28,NaN,2008
2.500000,28,31.105776,2009
2.500000,28,NaN,2010
2.500000,28,26.303232,2011
2.500000,28,35.387967,2012
2.500000,28,7.733968,2013
2.500000,28,19.805494,2014
2.500000,28,NaN,2015
2.500000,30,NaN,2007
2.500000,30,NaN,2007
2.500000,30,13.636491,2008
2.500000,30,46.655300,2009
2.500000,30,NaN,2010
2.500000,30,12.547352,2011
2.500000,30,NaN,2012
2.500000,30,NaN,2013
2.500000,30,19.068711,2014
2.500000,30,NaN,2015
2.500000,30,25.920468,2016
2.500000,30,NaN,2017
2.500000,30,NaN,2018
2.500000,31,14.423335,2007
2.500000,31,6.435700,2008
2.500000,31,12.686656,2009
2.500000,32,93.362621,2007
2.500000,32,14.857455,2007
2.500000,32,13.520418,2008
2.500000,32,NaN,2009
2.500000,32,167.391120,2010
2.500000,32,4.949370,2011
2.500000,32,22.447075,2012
2.500000,32,NaN,2013
2.500000,32,41.954071,2014
2.500000,32,NaN,2015
2.500000,32,16.301183,2016
2.500000,32,63.512076,2017
2.500000,32,41.736944,2018
2.500000,34,5.639215,2007
2.500000,34,26.706802,2008
2.500000,34,18.326163,2009
2.500000,34,NaN,2010
2.500000,34,NaN,2011
2.500000,34,NaN,2012
2.500000,34,26.552872,2013
2.500000,34,NaN,2014
2.500000,34,NaN,2015
2.500000,34,NaN,2016
2.500000,34,21.442572,2017
2.500000,34,45.047137,2018
2.500000,34,14.476873,2019
2.500000,35,NaN,2007
2.500000,35,10.301097,2008
2.500000,35,6.266708,2009
2.500000,35,6.757639,2010
2.500000,35,NaN,2011
2.500000,35,4.807285,2012
2.500000,35,14.369991,2013
2.500000,35,14.499024,2014
2.500000,35,37.330668,2015
2.500000,35,NaN,2016
2.500000,35,75.159777,2017
2.500000,35,45.037428,2018
2.500000,35,25.690996,2019
2.500000,37,NaN,2007
2.500000,37,43.555108,2008
2.500000,37,16.447603,2009
2.500000,37,129.661759,2010
2.500000,37,5.707362,2011
2.500000,37,NaN,2012
2.500000,37,11.464021,2013
2.500000,37,26.717279,2014
2.500000,38,8.870682,2007
2.500000,38,12.154538,2007
2.500000,38,11.592095,2008
2.500000,38,13.933071,2009
2.500000,38,82.239279,2010
2.500000,38,6.286024,2011
2.500000,38,28.793160,2012
2.500000,38,8.486995,2013
4.000000,1,NaN,2007
4.000000,1,79.272338,2007
4.000000,1,55.732582,2007
4.000000,1,NaN,2007
4.000000,1,14.999806,2007
4.000000,1,19.724885,2007
4.000000,1,17.810165,2008
4.000000,1,11.310451,2009
4.000000,1,22.788081,2010
4.000000,1,17.413399,2011
4.000000,2,14.364049,2007
4.000000,2,29.185716,2007
4.000000,2,36.026591,2007
4.000000,2,5.692743,2007
4.000000,2,145.620987,2007
4.000000,2,21.420355,2007
4.000000,2,55.780108,2008
4.000000,2,6.119495,2009
4.000000,2,33.212339,2010
4.000000,2,11.508420,2011
4.000000,3,NaN,2007
4.000000,3,82.547597,2007
4.000000,3,23.056615,2007
4.000000,3,10.564312,2007
4.000000,3,29.863027,2007
4.000000,3,51.997234,2007
4.000000,3,NaN,2008
4.000000,3,13.513755,2009
4.000000,3,NaN,2010
4.000000,3,71.000106,2011
4.000000,4,33.656293,2007
4.000000,4,NaN,2007
4.000000,4,29.194161,2007
4.000000,4,55.288630,2007
4.000000,4,43.839455,2007
4.000000,4,60.940614,2007
4.000000,4,NaN,2008
4.000000,4,8.143634,2009
4.000000,4,43.635074,2010
4.000000,5,NaN,2007
4.000000,5,NaN,2007
4.000000,5,75.746796,2007
4.000000,5,NaN,2007
4.000000,5,NaN,2007
4.000000,5,17.469984,2007
4.000000,5,30.621339,2008
4.000000,5,15.603653,2009
4.000000,5,NaN,2010
4.000000,6,22.511011,2007
4.000000,6,NaN,2007
4.000000,6,10.667701,2007
4.000000,6,21.469264,2007
4.000000,6,21.146749,2007
4.000000,6,84.205885,2007
4.000000,6,22.384363,2008
4.000000,6,18.679476,2009
4.000000,6,NaN,2010
4.000000,7,NaN,2007
4.000000,7,NaN,2007
4.000000,7,78.124662,2007
4.000000,7,17.519650,2007
4.000000,7,44.023507,2007
4.000000,7,74.811822,2007
4.000000,7,20.028775,2008
4.000000,7,87.036262,2009
4.000000,7,49.514297,2010
4.000000,7,NaN,2011
4.000000,8,NaN,2007
4.000000,8,98.555551,2007
4.000000,8,142.625573,2007
4.000000,8,43.294270,2007
4.000000,8,80.350343,2007
4.000000,8,45.967253,2007
4.000000,8,64.039483,2008
4.000000,8,95.975724,2009
4.000000,8,63.854493,2010
4.000000,9,NaN,2007
4.000000,9,85.640126,2007
4.000000,9,46.339140,2007
4.000000,10,NaN,2007
4.000000,10,119.476205,2007
4.000000,10,47.224904,2007
4.000000,10,9.676268,2007
4.000000,10,54.484660,2007
4.000000,10,58.592030,2007
4.000000,10,NaN,2008
4.000000,10,16.822332,2009
4.000000,10,14.809127,2010
4.000000,10,106.461697,2011
4.000000,10,10.534069,2012
4.000000,11,NaN,2007
4.000000,11,124.999559,2007
4.000000,11,39.409075,2007
4.000000,11,10.095489,2007
4.000000,11,42.427563,2007
4.000000,11,47.079027,2007
4.000000,11,NaN,2008
4.000000,11,11.268836,2009
4.000000,11,30.425377,2010
4.000000,11,3.948390,2011
4.000000,12,NaN,2007
4.000000,12,30.165863,2007
4.000000,12,101.879580,2007
4.000000,12,37.699174,2007
4.000000,12,49.943662,2007
4.000000,12,48.809296,2007
4.000000,13,NaN,2007
4.000000,13,37.254581,2007
4.000000,13,42.000106,2007
4.000000,13,32.000105,2007
4.000000,13,43.397287,2007
4.000000,13,NaN,2007
4.000000,13,23.656273,2008
4.000000,13,40.881152,2009
4.000000,13,62.204901,2010
4.000000,14,NaN,2007
4.000000,14,81.373140,2007
4.000000,14,44.314669,2007
4.000000,14,38.516622,2007
4.000000,14,60.822447,2007
4.000000,14,10.905782,2007
4.000000,14,34.479599,2008
4.000000,14,50.992769,2009
4.000000,14,69.448554,2010
4.000000,15,NaN,2007
4.000000,15,71.219335,2007
4.000000,15,35.308903,2007
4.000000,15,28.523029,2007
4.000000,15,37.261421,2007
4.000000,15,12.743489,2007
4.000000,15,49.974060,2008
4.000000,15,49.388691,2009
4.000000,15,60.744725,2010
4.000000,15,21.762677,2011
4.000000,15,16.923577,2012
4.000000,16,NaN,2007
4.000000,16,69.613093,2007
4.000000,16,37.850338,2007
4.000000,16,18.565335,2007
4.000000,16,67.720963,2007
4.000000,16,29.138561,2007
4.000000,16,56.770915,2008
4.000000,16,40.306505,2009
4.000000,16,5.501456,2010
4.000000,16,55.905802,2011
4.000000,16,NaN,2012
4.000000,17,NaN,2007
4.000000,17,72.370211,2007
4.000000,17,35.850626,2007
4.000000,17,46.978553,2007
4.000000,17,82.896426,2007
4.000000,17,19.474107,2007
4.000000,17,35.256182,2008
4.000000,17,58.767046,2009
4.000000,18,NaN,2007
4.000000,18,NaN,2007
4.000000,18,27.676897,2007
4.000000,18,12.583175,2007
4.000000,18,125.717948,2007
4.000000,18,32.450861,2007
4.000000,18,22.669475,2008
4.000000,18,62.108222,2009
4.000000,18,60.336616,2010
10.000000,1,74.153615,2007
10.000000,1,51.990115,2008
10.000000,1,49.000000,2009
10.000000,1,100.005698,2010
10.000000,1,7.558617,2011
10.000000,1,26.053089,2012
10.000000,1,67.463327,2013
10.000000,1,16.521697,2014
10.000000,1,41.142586,2015
10.000000,1,NaN,2016
10.000000,1,36.414202,2017
10.000000,1,6.644463,2018
10.000000,1,4.828637,2019
