3 19 -172.000000 2007 
3 19 -148.999901 2008 
3 19 -111.000000 2009 
3 19 -101.867207 2010 
3 19 NaN 2011 
3 19 -143.999971 2012 
3 19 -93.999298 2013 
3 19 -16.509362 2014 
3 19 9.999823 2015 
3 19 NaN 2016 
3 19 -91.543871 2017 
3 19 -29.877824 2018 
3 19 -6.479971 2019 
3 20 -171.772210 2007 
3 20 -154.797071 2008 
3 20 -123.169552 2009 
3 20 -99.584111 2010 
3 20 -128.224139 2011 
3 20 -91.872880 2012 
3 20 -127.210467 2013 
3 20 -82.141354 2014 
3 20 NaN 2015 
3 20 -218.504642 2016 
3 20 -97.110074 2017 
3 20 -28.993413 2018 
3 20 -50.000000 2019 
3 23 -172.000000 2007 
3 23 -149.000013 2008 
3 23 -122.372420 2009 
3 23 -113.828812 2010 
3 23 NaN 2011 
3 23 NaN 2012 
3 23 NaN 2013 
3 23 NaN 2014 
3 23 NaN 2015 
3 23 NaN 2016 
3 23 NaN 2017 
3 23 NaN 2018 
3 24 188.200246 2007 
3 24 NaN 2007 
3 24 174.999978 2008 
3 24 213.876725 2009 
3 24 279.670553 2010 
3 24 NaN 2011 
3 24 NaN 2012 
3 24 NaN 2013 
3 24 NaN 2014 
3 24 NaN 2015 
3 24 NaN 2016 
3 24 NaN 2017 
3 24 NaN 2018 
3 26 187.127140 2007 
3 26 206.381957 2007 
3 26 233.000000 2008 
3 26 247.999996 2009 
3 27 189.556717 2007 
3 27 200.000000 2007 
3 27 177.000000 2008 
3 27 213.757319 2009 
3 27 236.715789 2010 
3 27 NaN 2011 
3 27 NaN 2012 
3 27 NaN 2013 
3 27 184.452497 2014 
3 27 NaN 2015 
3 27 258.777763 2016 
3 27 NaN 2017 
3 27 NaN 2018 
3 28 NaN 2007 
3 28 200.042572 2007 
3 28 346.027211 2008 
3 28 213.198900 2009 
3 28 193.698115 2010 
3 28 221.157143 2011 
3 28 222.596072 2012 
3 28 247.925039 2013 
3 28 228.999912 2014 
3 28 NaN 2015 
3 30 NaN 2007 
3 30 NaN 2007 
3 30 176.231983 2008 
3 30 215.292811 2009 
3 30 237.053999 2010 
3 30 219.000000 2011 
3 30 NaN 2012 
3 30 NaN 2013 
3 30 229.136899 2014 
3 30 NaN 2015 
3 30 263.264288 2016 
3 30 219.000000 2017 
3 30 150.172201 2018 
3 31 198.848666 2007 
3 31 199.999982 2007 
3 31 177.392424 2008 
3 32 139.049277 2007 
3 32 199.144993 2007 
3 32 180.000205 2008 
3 32 272.538756 2009 
3 32 145.999060 2010 
3 32 222.476117 2011 
3 32 259.720572 2012 
3 32 NaN 2013 
3 32 228.921711 2014 
3 32 NaN 2015 
3 32 258.791346 2016 
3 32 NaN 2017 
3 32 NaN 2018 
3 34 141.000003 2007 
3 34 194.155431 2007 
3 34 228.000570 2008 
3 34 316.405490 2009 
3 34 234.579562 2010 
3 34 221.998317 2011 
3 34 220.648865 2012 
3 34 162.133684 2013 
3 34 229.000000 2014 
3 34 NaN 2015 
3 34 258.000000 2016 
3 34 NaN 2017 
3 34 NaN 2018 
3 35 NaN 2007 
3 35 198.999995 2007 
3 35 186.544822 2008 
3 35 272.002559 2009 
3 35 235.000178 2010 
3 35 155.148041 2011 
3 35 252.064952 2012 
3 35 247.218491 2013 
3 35 234.209149 2014 
3 35 NaN 2015 
3 35 261.617577 2016 
3 35 216.000000 2017 
3 35 NaN 2018 
3 37 NaN 2007 
3 37 197.998771 2007 
3 37 230.474849 2008 
3 37 292.000000 2009 
3 37 230.000000 2010 
3 37 130.833201 2011 
3 37 275.000235 2012 
3 37 246.494592 2013 
3 38 NaN 2007 
3 38 200.000089 2007 
3 38 186.106999 2008 
3 38 365.999757 2009 
3 38 NaN 2010 
3 38 215.000002 2011 
3 38 225.575390 2012 
3 38 247.679796 2013 
4 1 NaN 2007 
4 1 -1206.999954 2007 
4 1 -784.865108 2007 
4 1 -417.759226 2007 
4 1 -65.013660 2007 
4 1 -120.563123 2007 
4 1 -162.999941 2008 
4 1 -113.897859 2009 
4 1 NaN 2010 
4 1 NaN 2011 
4 2 NaN 2007 
4 2 NaN 2007 
4 2 -829.593259 2007 
4 2 NaN 2007 
4 2 -177.402200 2007 
4 2 -140.677994 2007 
4 2 NaN 2008 
4 2 -14.304120 2009 
4 2 NaN 2010 
4 2 -22.000109 2011 
4 3 NaN 2007 
4 3 NaN 2007 
4 3 -831.950127 2007 
4 3 -486.678535 2007 
4 3 -174.441081 2007 
4 3 -138.445598 2007 
4 3 NaN 2008 
4 3 -13.566161 2009 
4 3 NaN 2010 
4 3 -124.217447 2011 
4 4 -1525.540685 2007 
4 4 -1211.759262 2007 
4 4 -872.000000 2007 
4 4 -491.110891 2007 
4 4 -177.596720 2007 
4 4 188.784853 2007 
4 4 NaN 2007 
4 4 179.482322 2008 
4 4 206.543172 2009 
4 5 NaN 2007 
4 5 -1251.620672 2007 
4 5 -866.002682 2007 
4 5 NaN 2007 
4 5 -95.966454 2007 
4 5 -176.000000 2007 
4 5 -158.663707 2008 
4 5 -107.000000 2009 
4 5 -38.785694 2010 
4 6 -1546.000000 2007 
4 6 NaN 2007 
4 6 -867.000000 2007 
4 6 -466.834237 2007 
4 6 -130.253463 2007 
4 6 -168.835817 2007 
4 6 -158.000000 2008 
4 6 -105.455709 2009 
4 6 -148.907762 2010 
4 7 -1531.730980 2007 
4 7 NaN 2007 
4 7 -875.000000 2007 
4 7 -467.000034 2007 
4 7 -85.447106 2007 
4 7 -168.951641 2007 
4 7 NaN 2008 
4 7 -132.327919 2009 
4 7 NaN 2010 
4 7 -122.079318 2011 
4 8 NaN 2007 
4 8 NaN 2007 
4 8 -829.903418 2007 
4 8 -469.000000 2007 
4 8 -79.999973 2007 
4 8 -141.000000 2007 
4 8 -162.000000 2008 
4 8 -114.138491 2009 
4 8 NaN 2010 
4 9 NaN 2007 
4 9 -1206.000004 2007 
4 9 -828.892901 2007 
4 10 NaN 2007 
4 10 -1225.032765 2007 
4 10 -830.000238 2007 
4 10 -446.239377 2007 
4 10 -80.210845 2007 
4 10 -132.235662 2007 
4 10 NaN 2008 
4 10 -20.861713 2009 
4 10 NaN 2010 
4 10 NaN 2011 
4 10 -123.000286 2012 
4 11 NaN 2007 
4 11 -1206.000064 2007 
4 11 -829.875655 2007 
4 11 -448.842477 2007 
4 11 -74.999903 2007 
4 11 -141.000000 2007 
4 11 -166.256683 2008 
4 11 -117.579751 2009 
4 11 NaN 2010 
4 11 -123.624233 2011 
4 12 NaN 2007 
4 12 -1206.062112 2007 
4 12 -829.896651 2007 
4 12 -469.000000 2007 
4 12 -79.999951 2007 
4 12 -141.000000 2007 
4 13 NaN 2007 
4 13 NaN 2007 
4 13 -833.000000 2007 
4 13 -468.000002 2007 
4 13 -78.999520 2007 
4 13 -169.471539 2007 
4 13 -148.748635 2008 
4 13 -116.328917 2009 
4 13 -97.908147 2010 
4 14 NaN 2007 
4 14 NaN 2007 
4 14 -832.999995 2007 
4 14 -468.000009 2007 
4 14 -78.755515 2007 
4 14 -162.826141 2007 
4 14 -148.373625 2008 
4 14 -115.385978 2009 
4 14 NaN 2010 
4 15 NaN 2007 
4 15 NaN 2007 
4 15 -832.617276 2007 
4 15 -526.104607 2007 
4 15 -67.000000 2007 
4 15 -169.339806 2007 
4 15 -152.826022 2008 
4 15 -110.673878 2009 
4 15 NaN 2010 
4 15 -124.000225 2011 
4 15 -143.999841 2012 
4 16 NaN 2007 
4 16 NaN 2007 
4 16 -832.649990 2007 
4 16 -468.000002 2007 
4 16 -67.578920 2007 
4 16 -135.998965 2007 
4 16 -148.448978 2008 
4 16 -117.699154 2009 
4 16 -98.330308 2010 
4 16 -123.999588 2011 
4 16 -141.999930 2012 
4 17 NaN 2007 
4 17 NaN 2007 
4 17 -832.999912 2007 
4 17 -468.000003 2007 
4 17 -78.999803 2007 
4 17 -141.099262 2007 
4 17 -148.475719 2008 
4 17 -109.999706 2009 
4 18 -1530.435329 2007 
4 18 -1252.000000 2007 
4 18 -867.095788 2007 
4 18 -488.168750 2007 
4 18 -180.890648 2007 
4 18 188.000000 2007 
4 18 NaN 2007 
4 18 176.015941 2008 
4 18 213.998743 2009 
10 1 188.000007 2007 
10 1 200.429479 2007 
10 1 186.883865 2008 
10 1 205.049567 2009 
10 1 238.761098 2010 
10 1 219.478219 2011 
10 1 224.814878 2012 
10 1 247.711161 2013 
10 1 228.999999 2014 
10 1 NaN 2015 
10 1 257.000000 2016 
10 1 330.000000 2017 
10 1 NaN 2018 
