depth,sid,value,WY
2.500000,19,62.000000,2007
2.500000,19,44.000000,2008
2.500000,19,214.000000,2009
2.500000,19,20.000000,2010
2.500000,19,NaN,2011
2.500000,19,85.000000,2012
2.500000,19,NaN,2013
2.500000,19,NaN,2014
2.500000,19,NaN,2015
2.500000,19,NaN,2016
2.500000,19,24.000000,2017
2.500000,19,9.000000,2018
2.500000,19,9.000000,2019
2.500000,20,6.000000,2007
2.500000,20,7.000000,2008
2.500000,20,53.000000,2009
2.500000,20,27.000000,2010
2.500000,20,128.000000,2011
2.500000,20,20.000000,2012
2.500000,20,23.000000,2013
2.500000,20,NaN,2014
2.500000,20,NaN,2015
2.500000,20,207.000000,2016
2.500000,20,31.000000,2017
2.500000,20,6.000000,2018
2.500000,20,101.000000,2019
2.500000,23,67.000000,2007
2.500000,23,34.000000,2008
2.500000,23,58.000000,2009
2.500000,23,NaN,2010
2.500000,23,NaN,2011
2.500000,23,NaN,2012
2.500000,23,NaN,2013
2.500000,23,NaN,2014
2.500000,23,NaN,2015
2.500000,23,NaN,2016
2.500000,23,61.000000,2017
2.500000,23,NaN,2018
2.500000,24,65.000000,2007
2.500000,24,NaN,2007
2.500000,24,39.000000,2008
2.500000,24,48.000000,2009
2.500000,24,108.000000,2010
2.500000,24,NaN,2011
2.500000,24,NaN,2012
2.500000,24,NaN,2013
2.500000,24,NaN,2014
2.500000,24,NaN,2015
2.500000,24,NaN,2016
2.500000,24,NaN,2017
2.500000,24,23.000000,2018
2.500000,26,73.000000,2007
2.500000,26,33.000000,2007
2.500000,26,57.000000,2008
2.500000,26,NaN,2009
2.500000,27,19.000000,2007
2.500000,27,NaN,2007
2.500000,27,NaN,2008
2.500000,27,59.000000,2009
2.500000,27,NaN,2010
2.500000,27,NaN,2011
2.500000,27,NaN,2012
2.500000,27,NaN,2013
2.500000,27,47.000000,2014
2.500000,27,NaN,2015
2.500000,27,NaN,2016
2.500000,27,28.000000,2017
2.500000,27,1.000000,2018
2.500000,28,16.000000,2007
2.500000,28,40.000000,2007
2.500000,28,NaN,2008
2.500000,28,40.000000,2009
2.500000,28,NaN,2010
2.500000,28,9.000000,2011
2.500000,28,37.000000,2012
2.500000,28,10.000000,2013
2.500000,28,19.000000,2014
2.500000,28,NaN,2015
2.500000,30,4.000000,2007
2.500000,30,NaN,2007
2.500000,30,12.000000,2008
2.500000,30,47.000000,2009
2.500000,30,NaN,2010
2.500000,30,11.000000,2011
2.500000,30,NaN,2012
2.500000,30,NaN,2013
2.500000,30,25.000000,2014
2.500000,30,NaN,2015
2.500000,30,23.000000,2016
2.500000,30,NaN,2017
2.500000,30,5.000000,2018
2.500000,31,13.000000,2007
2.500000,31,6.000000,2008
2.500000,31,11.000000,2009
2.500000,32,113.000000,2007
2.500000,32,21.000000,2007
2.500000,32,10.000000,2008
2.500000,32,1.000000,2009
2.500000,32,NaN,2010
2.500000,32,4.000000,2011
2.500000,32,NaN,2012
2.500000,32,NaN,2013
2.500000,32,35.000000,2014
2.500000,32,NaN,2015
2.500000,32,15.000000,2016
2.500000,32,64.000000,2017
2.500000,32,7.000000,2018
2.500000,34,4.000000,2007
2.500000,34,34.000000,2008
2.500000,34,NaN,2009
2.500000,34,NaN,2010
2.500000,34,2.000000,2011
2.500000,34,NaN,2012
2.500000,34,NaN,2013
2.500000,34,NaN,2014
2.500000,34,NaN,2015
2.500000,34,NaN,2016
2.500000,34,20.000000,2017
2.500000,34,105.000000,2018
2.500000,34,108.000000,2019
2.500000,35,NaN,2007
2.500000,35,11.000000,2008
2.500000,35,5.000000,2009
2.500000,35,5.000000,2010
2.500000,35,NaN,2011
2.500000,35,3.000000,2012
2.500000,35,15.000000,2013
2.500000,35,14.000000,2014
2.500000,35,36.000000,2015
2.500000,35,NaN,2016
2.500000,35,80.000000,2017
2.500000,35,47.000000,2018
2.500000,35,25.000000,2019
2.500000,37,NaN,2007
2.500000,37,39.000000,2008
2.500000,37,13.000000,2009
2.500000,37,191.000000,2010
2.500000,37,5.000000,2011
2.500000,37,NaN,2012
2.500000,37,11.000000,2013
2.500000,37,83.000000,2014
2.500000,38,8.000000,2007
2.500000,38,14.000000,2007
2.500000,38,10.000000,2008
2.500000,38,148.000000,2009
2.500000,38,108.000000,2010
2.500000,38,7.000000,2011
2.500000,38,28.000000,2012
2.500000,38,6.000000,2013
4.000000,1,NaN,2007
4.000000,1,100.000000,2007
4.000000,1,NaN,2007
4.000000,1,NaN,2007
4.000000,1,121.000000,2007
4.000000,1,20.000000,2007
4.000000,1,23.000000,2008
4.000000,1,12.000000,2009
4.000000,1,21.000000,2010
4.000000,1,15.000000,2011
4.000000,2,132.000000,2007
4.000000,2,28.000000,2007
4.000000,2,189.000000,2007
4.000000,2,92.000000,2007
4.000000,2,NaN,2007
4.000000,2,98.000000,2007
4.000000,2,58.000000,2008
4.000000,2,70.000000,2009
4.000000,2,38.000000,2010
4.000000,2,NaN,2011
4.000000,3,NaN,2007
4.000000,3,110.000000,2007
4.000000,3,NaN,2007
4.000000,3,NaN,2007
4.000000,3,40.000000,2007
4.000000,3,56.000000,2007
4.000000,3,NaN,2008
4.000000,3,12.000000,2009
4.000000,3,NaN,2010
4.000000,3,126.000000,2011
4.000000,4,36.000000,2007
4.000000,4,NaN,2007
4.000000,4,133.000000,2007
4.000000,4,96.000000,2007
4.000000,4,NaN,2007
4.000000,4,71.000000,2007
4.000000,4,NaN,2008
4.000000,4,7.000000,2009
4.000000,4,52.000000,2010
4.000000,5,NaN,2007
4.000000,5,NaN,2007
4.000000,5,NaN,2007
4.000000,5,NaN,2007
4.000000,5,94.000000,2007
4.000000,5,16.000000,2007
4.000000,5,25.000000,2008
4.000000,5,14.000000,2009
4.000000,5,NaN,2010
4.000000,6,19.000000,2007
4.000000,6,NaN,2007
4.000000,6,38.000000,2007
4.000000,6,15.000000,2007
4.000000,6,NaN,2007
4.000000,6,85.000000,2007
4.000000,6,22.000000,2008
4.000000,6,18.000000,2009
4.000000,6,NaN,2010
4.000000,7,NaN,2007
4.000000,7,NaN,2007
4.000000,7,170.000000,2007
4.000000,7,16.000000,2007
4.000000,7,NaN,2007
4.000000,7,87.000000,2007
4.000000,7,22.000000,2008
4.000000,7,NaN,2009
4.000000,7,71.000000,2010
4.000000,7,9.000000,2011
4.000000,8,NaN,2007
4.000000,8,104.000000,2007
4.000000,8,178.000000,2007
4.000000,8,192.000000,2007
4.000000,8,76.000000,2007
4.000000,8,61.000000,2007
4.000000,8,67.000000,2008
4.000000,8,NaN,2009
4.000000,8,78.000000,2010
4.000000,9,NaN,2007
4.000000,9,86.000000,2007
4.000000,9,246.000000,2007
4.000000,10,NaN,2007
4.000000,10,136.000000,2007
4.000000,10,182.000000,2007
4.000000,10,123.000000,2007
4.000000,10,68.000000,2007
4.000000,10,62.000000,2007
4.000000,10,NaN,2008
4.000000,10,NaN,2009
4.000000,10,15.000000,2010
4.000000,10,134.000000,2011
4.000000,10,NaN,2012
4.000000,11,NaN,2007
4.000000,11,139.000000,2007
4.000000,11,35.000000,2007
4.000000,11,26.000000,2007
4.000000,11,62.000000,2007
4.000000,11,47.000000,2007
4.000000,11,NaN,2008
4.000000,11,59.000000,2009
4.000000,11,29.000000,2010
4.000000,11,6.000000,2011
4.000000,12,NaN,2007
4.000000,12,30.000000,2007
4.000000,12,153.000000,2007
4.000000,12,127.000000,2007
4.000000,12,71.000000,2007
4.000000,12,48.000000,2007
4.000000,13,NaN,2007
4.000000,13,50.000000,2007
4.000000,13,NaN,2007
4.000000,13,33.000000,2007
4.000000,13,81.000000,2007
4.000000,13,NaN,2007
4.000000,13,36.000000,2008
4.000000,13,39.000000,2009
4.000000,13,76.000000,2010
4.000000,14,NaN,2007
4.000000,14,98.000000,2007
4.000000,14,188.000000,2007
4.000000,14,NaN,2007
4.000000,14,214.000000,2007
4.000000,14,12.000000,2007
4.000000,14,38.000000,2008
4.000000,14,65.000000,2009
4.000000,14,79.000000,2010
4.000000,15,NaN,2007
4.000000,15,85.000000,2007
4.000000,15,42.000000,2007
4.000000,15,30.000000,2007
4.000000,15,68.000000,2007
4.000000,15,13.000000,2007
4.000000,15,51.000000,2008
4.000000,15,55.000000,2009
4.000000,15,68.000000,2010
4.000000,15,95.000000,2011
4.000000,15,34.000000,2012
4.000000,16,NaN,2007
4.000000,16,77.000000,2007
4.000000,16,158.000000,2007
4.000000,16,23.000000,2007
4.000000,16,65.000000,2007
4.000000,16,25.000000,2007
4.000000,16,NaN,2008
4.000000,16,46.000000,2009
4.000000,16,4.000000,2010
4.000000,16,58.000000,2011
4.000000,16,NaN,2012
4.000000,17,NaN,2007
4.000000,17,90.000000,2007
4.000000,17,139.000000,2007
4.000000,17,110.000000,2007
4.000000,17,83.000000,2007
4.000000,17,72.000000,2007
4.000000,17,45.000000,2008
4.000000,17,73.000000,2009
4.000000,18,NaN,2007
4.000000,18,NaN,2007
4.000000,18,72.000000,2007
4.000000,18,15.000000,2007
4.000000,18,174.000000,2007
4.000000,18,68.000000,2007
4.000000,18,22.000000,2008
4.000000,18,54.000000,2009
4.000000,18,68.000000,2010
10.000000,1,90.000000,2007
10.000000,1,47.000000,2008
10.000000,1,NaN,2009
10.000000,1,93.000000,2010
10.000000,1,144.000000,2011
10.000000,1,83.000000,2012
10.000000,1,177.000000,2013
10.000000,1,20.000000,2014
10.000000,1,40.000000,2015
10.000000,1,NaN,2016
10.000000,1,66.000000,2017
10.000000,1,22.000000,2018
10.000000,1,9.000000,2019
