depth,sid,value,WY
2.500000,19,NaN,2007
2.500000,19,NaN,2008
2.500000,19,733565.000000,2009
2.500000,19,734053.000000,2010
2.500000,19,NaN,2011
2.500000,19,NaN,2012
2.500000,19,NaN,2013
2.500000,19,NaN,2014
2.500000,19,NaN,2015
2.500000,19,NaN,2016
2.500000,19,736511.000000,2017
2.500000,19,NaN,2018
2.500000,19,737208.000000,2019
2.500000,20,NaN,2007
2.500000,20,NaN,2008
2.500000,20,733579.000000,2009
2.500000,20,733917.000000,2010
2.500000,20,734311.000000,2011
2.500000,20,NaN,2012
2.500000,20,734881.000000,2013
2.500000,20,NaN,2014
2.500000,20,NaN,2015
2.500000,20,NaN,2016
2.500000,20,736503.000000,2017
2.500000,20,NaN,2018
2.500000,20,737207.000000,2019
2.500000,23,732847.000000,2007
2.500000,23,733216.000000,2008
2.500000,23,733596.000000,2009
2.500000,23,733873.000000,2010
2.500000,23,NaN,2011
2.500000,23,NaN,2012
2.500000,23,NaN,2013
2.500000,23,NaN,2014
2.500000,23,NaN,2015
2.500000,23,NaN,2016
2.500000,23,NaN,2017
2.500000,23,NaN,2018
2.500000,24,NaN,2007
2.500000,24,NaN,2007
2.500000,24,NaN,2008
2.500000,24,NaN,2009
2.500000,24,734118.000000,2010
2.500000,24,NaN,2011
2.500000,24,NaN,2012
2.500000,24,NaN,2013
2.500000,24,NaN,2014
2.500000,24,NaN,2015
2.500000,24,NaN,2016
2.500000,24,NaN,2017
2.500000,24,737254.000000,2018
2.500000,26,NaN,2007
2.500000,26,733246.000000,2007
2.500000,26,733563.000000,2008
2.500000,26,NaN,2009
2.500000,27,NaN,2007
2.500000,27,NaN,2007
2.500000,27,NaN,2008
2.500000,27,733912.000000,2009
2.500000,27,734196.000000,2010
2.500000,27,NaN,2011
2.500000,27,NaN,2012
2.500000,27,NaN,2013
2.500000,27,735644.000000,2014
2.500000,27,NaN,2015
2.500000,27,736436.000000,2016
2.500000,27,736794.000000,2017
2.500000,27,737170.000000,2018
2.500000,28,NaN,2007
2.500000,28,733231.000000,2007
2.500000,28,NaN,2008
2.500000,28,733955.000000,2009
2.500000,28,NaN,2010
2.500000,28,NaN,2011
2.500000,28,734912.000000,2012
2.500000,28,NaN,2013
2.500000,28,735669.000000,2014
2.500000,28,NaN,2015
2.500000,30,NaN,2007
2.500000,30,NaN,2007
2.500000,30,733569.000000,2008
2.500000,30,733874.000000,2009
2.500000,30,NaN,2010
2.500000,30,734499.000000,2011
2.500000,30,734913.000000,2012
2.500000,30,NaN,2013
2.500000,30,NaN,2014
2.500000,30,NaN,2015
2.500000,30,736493.000000,2016
2.500000,30,NaN,2017
2.500000,30,NaN,2018
2.500000,31,NaN,2007
2.500000,31,733157.000000,2008
2.500000,31,733568.000000,2009
2.500000,32,NaN,2007
2.500000,32,733195.000000,2007
2.500000,32,NaN,2008
2.500000,32,733873.000000,2009
2.500000,32,734270.000000,2010
2.500000,32,NaN,2011
2.500000,32,734911.000000,2012
2.500000,32,NaN,2013
2.500000,32,735609.000000,2014
2.500000,32,NaN,2015
2.500000,32,736501.000000,2016
2.500000,32,736761.000000,2017
2.500000,32,737170.000000,2018
2.500000,34,NaN,2007
2.500000,34,733196.000000,2008
2.500000,34,733511.000000,2009
2.500000,34,NaN,2010
2.500000,34,734276.000000,2011
2.500000,34,NaN,2012
2.500000,34,NaN,2013
2.500000,34,NaN,2014
2.500000,34,NaN,2015
2.500000,34,NaN,2016
2.500000,34,736460.000000,2017
2.500000,34,736819.000000,2018
2.500000,34,737170.000000,2019
2.500000,35,NaN,2007
2.500000,35,733187.000000,2008
2.500000,35,733584.000000,2009
2.500000,35,733828.000000,2010
2.500000,35,734284.000000,2011
2.500000,35,734631.000000,2012
2.500000,35,734910.000000,2013
2.500000,35,735398.000000,2014
2.500000,35,735732.000000,2015
2.500000,35,NaN,2016
2.500000,35,736496.000000,2017
2.500000,35,736944.000000,2018
2.500000,35,737196.000000,2019
2.500000,37,NaN,2007
2.500000,37,733146.000000,2008
2.500000,37,733511.000000,2009
2.500000,37,733874.000000,2010
2.500000,37,734281.000000,2011
2.500000,37,NaN,2012
2.500000,37,NaN,2013
2.500000,37,NaN,2014
2.500000,38,NaN,2007
2.500000,38,733146.000000,2007
2.500000,38,733555.000000,2008
2.500000,38,733874.000000,2009
2.500000,38,NaN,2010
2.500000,38,NaN,2011
2.500000,38,734905.000000,2012
2.500000,38,735377.000000,2013
4.000000,1,NaN,2007
4.000000,1,731431.000000,2007
4.000000,1,731724.000000,2007
4.000000,1,NaN,2007
4.000000,1,NaN,2007
4.000000,1,732841.000000,2007
4.000000,1,733199.000000,2008
4.000000,1,NaN,2009
4.000000,1,733864.000000,2010
4.000000,1,NaN,2011
4.000000,2,NaN,2007
4.000000,2,NaN,2007
4.000000,2,NaN,2007
4.000000,2,732215.000000,2007
4.000000,2,732461.000000,2007
4.000000,2,732816.000000,2007
4.000000,2,733169.000000,2008
4.000000,2,733555.000000,2009
4.000000,2,733949.000000,2010
4.000000,2,NaN,2011
4.000000,3,NaN,2007
4.000000,3,NaN,2007
4.000000,3,NaN,2007
4.000000,3,732104.000000,2007
4.000000,3,732467.000000,2007
4.000000,3,732825.000000,2007
4.000000,3,NaN,2008
4.000000,3,NaN,2009
4.000000,3,NaN,2010
4.000000,3,NaN,2011
4.000000,4,NaN,2007
4.000000,4,NaN,2007
4.000000,4,NaN,2007
4.000000,4,732079.000000,2007
4.000000,4,NaN,2007
4.000000,4,732825.000000,2007
4.000000,4,NaN,2008
4.000000,4,733661.000000,2009
4.000000,4,733936.000000,2010
4.000000,5,NaN,2007
4.000000,5,NaN,2007
4.000000,5,NaN,2007
4.000000,5,NaN,2007
4.000000,5,NaN,2007
4.000000,5,732863.000000,2007
4.000000,5,733145.000000,2008
4.000000,5,733557.000000,2009
4.000000,5,733877.000000,2010
4.000000,6,NaN,2007
4.000000,6,NaN,2007
4.000000,6,731790.000000,2007
4.000000,6,NaN,2007
4.000000,6,732480.000000,2007
4.000000,6,732875.000000,2007
4.000000,6,733182.000000,2008
4.000000,6,733512.000000,2009
4.000000,6,NaN,2010
4.000000,7,NaN,2007
4.000000,7,NaN,2007
4.000000,7,NaN,2007
4.000000,7,732120.000000,2007
4.000000,7,732483.000000,2007
4.000000,7,732848.000000,2007
4.000000,7,733167.000000,2008
4.000000,7,733566.000000,2009
4.000000,7,733917.000000,2010
4.000000,7,NaN,2011
4.000000,8,NaN,2007
4.000000,8,731342.000000,2007
4.000000,8,731757.000000,2007
4.000000,8,732109.000000,2007
4.000000,8,NaN,2007
4.000000,8,NaN,2007
4.000000,8,733199.000000,2008
4.000000,8,733604.000000,2009
4.000000,8,733970.000000,2010
4.000000,9,NaN,2007
4.000000,9,731342.000000,2007
4.000000,9,731734.000000,2007
4.000000,10,NaN,2007
4.000000,10,731365.000000,2007
4.000000,10,731754.000000,2007
4.000000,10,732096.000000,2007
4.000000,10,NaN,2007
4.000000,10,732905.000000,2007
4.000000,10,NaN,2008
4.000000,10,733478.000000,2009
4.000000,10,734003.000000,2010
4.000000,10,734341.000000,2011
4.000000,10,734701.000000,2012
4.000000,11,NaN,2007
4.000000,11,731341.000000,2007
4.000000,11,731708.000000,2007
4.000000,11,732090.000000,2007
4.000000,11,NaN,2007
4.000000,11,732896.000000,2007
4.000000,11,NaN,2008
4.000000,11,NaN,2009
4.000000,11,NaN,2010
4.000000,11,734342.000000,2011
4.000000,12,NaN,2007
4.000000,12,731363.000000,2007
4.000000,12,NaN,2007
4.000000,12,732098.000000,2007
4.000000,12,732468.000000,2007
4.000000,12,NaN,2007
4.000000,13,NaN,2007
4.000000,13,731370.000000,2007
4.000000,13,731773.000000,2007
4.000000,13,732131.000000,2007
4.000000,13,732557.000000,2007
4.000000,13,NaN,2007
4.000000,13,733149.000000,2008
4.000000,13,733621.000000,2009
4.000000,13,NaN,2010
4.000000,14,NaN,2007
4.000000,14,NaN,2007
4.000000,14,NaN,2007
4.000000,14,732125.000000,2007
4.000000,14,NaN,2007
4.000000,14,NaN,2007
4.000000,14,733218.000000,2008
4.000000,14,733598.000000,2009
4.000000,14,NaN,2010
4.000000,15,NaN,2007
4.000000,15,731237.000000,2007
4.000000,15,NaN,2007
4.000000,15,732141.000000,2007
4.000000,15,NaN,2007
4.000000,15,732934.000000,2007
4.000000,15,733226.000000,2008
4.000000,15,NaN,2009
4.000000,15,734017.000000,2010
4.000000,15,NaN,2011
4.000000,15,NaN,2012
4.000000,16,NaN,2007
4.000000,16,731403.000000,2007
4.000000,16,NaN,2007
4.000000,16,732196.000000,2007
4.000000,16,732512.000000,2007
4.000000,16,732895.000000,2007
4.000000,16,733110.000000,2008
4.000000,16,733571.000000,2009
4.000000,16,733947.000000,2010
4.000000,16,734382.000000,2011
4.000000,16,NaN,2012
4.000000,17,NaN,2007
4.000000,17,731428.000000,2007
4.000000,17,NaN,2007
4.000000,17,732167.000000,2007
4.000000,17,732495.000000,2007
4.000000,17,732857.000000,2007
4.000000,17,733189.000000,2008
4.000000,17,733608.000000,2009
4.000000,18,NaN,2007
4.000000,18,NaN,2007
4.000000,18,NaN,2007
4.000000,18,732078.000000,2007
4.000000,18,NaN,2007
4.000000,18,732835.000000,2007
4.000000,18,733177.000000,2008
4.000000,18,733565.000000,2009
4.000000,18,733874.000000,2010
10.000000,1,NaN,2007
10.000000,1,NaN,2008
10.000000,1,NaN,2009
10.000000,1,733950.000000,2010
10.000000,1,734336.000000,2011
10.000000,1,NaN,2012
10.000000,1,734913.000000,2013
10.000000,1,NaN,2014
10.000000,1,735701.000000,2015
10.000000,1,NaN,2016
10.000000,1,736477.000000,2017
10.000000,1,736979.000000,2018
10.000000,1,737170.000000,2019
