depth,sid,value,WY
2.500000,19,NaN,2007
2.500000,19,733213.000000,2008
2.500000,19,733590.302826,2009
2.500000,19,733959.287276,2010
2.500000,19,NaN,2011
2.500000,19,NaN,2012
2.500000,19,NaN,2013
2.500000,19,NaN,2014
2.500000,19,NaN,2015
2.500000,19,NaN,2016
2.500000,19,736490.000000,2017
2.500000,19,736911.301358,2018
2.500000,19,737208.371964,2019
2.500000,20,NaN,2007
2.500000,20,733110.436125,2008
2.500000,20,733577.000000,2009
2.500000,20,733946.000000,2010
2.500000,20,734338.515380,2011
2.500000,20,NaN,2012
2.500000,20,734912.216814,2013
2.500000,20,735306.999999,2014
2.500000,20,NaN,2015
2.500000,20,NaN,2016
2.500000,20,736500.487540,2017
2.500000,20,736912.091127,2018
2.500000,20,737213.000000,2019
2.500000,23,732859.000000,2007
2.500000,23,733218.000000,2008
2.500000,23,733592.819716,2009
2.500000,23,733874.000000,2010
2.500000,23,NaN,2011
2.500000,23,NaN,2012
2.500000,23,NaN,2013
2.500000,23,NaN,2014
2.500000,23,NaN,2015
2.500000,23,NaN,2016
2.500000,23,NaN,2017
2.500000,23,NaN,2018
2.500000,24,NaN,2007
2.500000,24,733077.613992,2007
2.500000,24,NaN,2008
2.500000,24,733876.000000,2009
2.500000,24,734160.548785,2010
2.500000,24,734563.202992,2011
2.500000,24,NaN,2012
2.500000,24,NaN,2013
2.500000,24,NaN,2014
2.500000,24,NaN,2015
2.500000,24,NaN,2016
2.500000,24,NaN,2017
2.500000,24,737194.994091,2018
2.500000,26,NaN,2007
2.500000,26,733180.203835,2007
2.500000,26,733589.391264,2008
2.500000,26,NaN,2009
2.500000,27,NaN,2007
2.500000,27,NaN,2007
2.500000,27,NaN,2008
2.500000,27,733915.000000,2009
2.500000,27,NaN,2010
2.500000,27,NaN,2011
2.500000,27,NaN,2012
2.500000,27,NaN,2013
2.500000,27,735649.000000,2014
2.500000,27,NaN,2015
2.500000,27,736442.427381,2016
2.500000,27,736794.193683,2017
2.500000,27,NaN,2018
2.500000,28,NaN,2007
2.500000,28,733180.999999,2007
2.500000,28,NaN,2008
2.500000,28,733934.982289,2009
2.500000,28,NaN,2010
2.500000,28,NaN,2011
2.500000,28,734915.000000,2012
2.500000,28,735306.142342,2013
2.500000,28,735673.187604,2014
2.500000,28,NaN,2015
2.500000,30,NaN,2007
2.500000,30,NaN,2007
2.500000,30,733583.553036,2008
2.500000,30,733877.000000,2009
2.500000,30,NaN,2010
2.500000,30,NaN,2011
2.500000,30,734916.640012,2012
2.500000,30,NaN,2013
2.500000,30,NaN,2014
2.500000,30,NaN,2015
2.500000,30,736488.000000,2016
2.500000,30,NaN,2017
2.500000,30,NaN,2018
2.500000,31,NaN,2007
2.500000,31,733169.574620,2008
2.500000,31,733513.357706,2009
2.500000,32,NaN,2007
2.500000,32,733180.350698,2007
2.500000,32,733597.999999,2008
2.500000,32,733874.889115,2009
2.500000,32,734283.601902,2010
2.500000,32,NaN,2011
2.500000,32,NaN,2012
2.500000,32,NaN,2013
2.500000,32,735631.000000,2014
2.500000,32,NaN,2015
2.500000,32,736488.262612,2016
2.500000,32,736762.000000,2017
2.500000,32,737176.000000,2018
2.500000,34,NaN,2007
2.500000,34,733203.651951,2008
2.500000,34,733516.447360,2009
2.500000,34,NaN,2010
2.500000,34,734301.999915,2011
2.500000,34,734739.499237,2012
2.500000,34,734939.177565,2013
2.500000,34,NaN,2014
2.500000,34,NaN,2015
2.500000,34,NaN,2016
2.500000,34,736487.298949,2017
2.500000,34,736814.758420,2018
2.500000,34,737206.745129,2019
2.500000,35,NaN,2007
2.500000,35,733181.457950,2008
2.500000,35,733513.000000,2009
2.500000,35,733873.000000,2010
2.500000,35,734322.000000,2011
2.500000,35,734632.000000,2012
2.500000,35,734912.445105,2013
2.500000,35,735381.681434,2014
2.500000,35,735685.000000,2015
2.500000,35,NaN,2016
2.500000,35,736489.259434,2017
2.500000,35,736909.948714,2018
2.500000,35,737208.059682,2019
2.500000,37,NaN,2007
2.500000,37,733167.131232,2008
2.500000,37,733520.280389,2009
2.500000,37,733882.177209,2010
2.500000,37,734298.283565,2011
2.500000,37,NaN,2012
2.500000,37,NaN,2013
2.500000,37,735416.056602,2014
2.500000,38,NaN,2007
2.500000,38,733172.000000,2007
2.500000,38,733592.000000,2008
2.500000,38,733875.145250,2009
2.500000,38,734260.683970,2010
2.500000,38,NaN,2011
2.500000,38,734913.000000,2012
2.500000,38,735376.576428,2013
4.000000,1,NaN,2007
4.000000,1,731381.999967,2007
4.000000,1,731701.999946,2007
4.000000,1,NaN,2007
4.000000,1,NaN,2007
4.000000,1,732837.179538,2007
4.000000,1,733107.825738,2008
4.000000,1,733623.000368,2009
4.000000,1,733862.694195,2010
4.000000,1,NaN,2011
4.000000,2,NaN,2007
4.000000,2,731237.544205,2007
4.000000,2,731754.485207,2007
4.000000,2,732328.070868,2007
4.000000,2,732467.032436,2007
4.000000,2,732820.747354,2007
4.000000,2,733088.842307,2008
4.000000,2,733555.999706,2009
4.000000,2,733875.700000,2010
4.000000,2,734318.246833,2011
4.000000,3,NaN,2007
4.000000,3,731238.000000,2007
4.000000,3,731839.067554,2007
4.000000,3,732102.680236,2007
4.000000,3,732467.122605,2007
4.000000,3,732829.787890,2007
4.000000,3,NaN,2008
4.000000,3,NaN,2009
4.000000,3,NaN,2010
4.000000,3,734353.000493,2011
4.000000,4,NaN,2007
4.000000,4,NaN,2007
4.000000,4,731813.233372,2007
4.000000,4,732089.538214,2007
4.000000,4,732486.599580,2007
4.000000,4,732837.083572,2007
4.000000,4,NaN,2008
4.000000,4,733513.000000,2009
4.000000,4,733878.000000,2010
4.000000,5,NaN,2007
4.000000,5,NaN,2007
4.000000,5,731619.000000,2007
4.000000,5,NaN,2007
4.000000,5,732470.624063,2007
4.000000,5,732782.000000,2007
4.000000,5,733146.000000,2008
4.000000,5,733556.462494,2009
4.000000,5,733878.487634,2010
4.000000,6,NaN,2007
4.000000,6,NaN,2007
4.000000,6,731673.124455,2007
4.000000,6,732177.000016,2007
4.000000,6,732478.314588,2007
4.000000,6,732862.000000,2007
4.000000,6,733176.923790,2008
4.000000,6,NaN,2009
4.000000,6,NaN,2010
4.000000,7,NaN,2007
4.000000,7,NaN,2007
4.000000,7,731796.438903,2007
4.000000,7,732106.999910,2007
4.000000,7,732471.649093,2007
4.000000,7,732845.552370,2007
4.000000,7,733172.992283,2008
4.000000,7,733581.999960,2009
4.000000,7,733918.999999,2010
4.000000,7,734192.827662,2011
4.000000,8,NaN,2007
4.000000,8,731360.000000,2007
4.000000,8,731751.134044,2007
4.000000,8,732105.676070,2007
4.000000,8,732490.796216,2007
4.000000,8,732878.000394,2007
4.000000,8,733198.369761,2008
4.000000,8,733594.062380,2009
4.000000,8,733947.568611,2010
4.000000,9,NaN,2007
4.000000,9,731345.649421,2007
4.000000,9,731778.077302,2007
4.000000,10,NaN,2007
4.000000,10,731385.123023,2007
4.000000,10,731740.603581,2007
4.000000,10,732097.896619,2007
4.000000,10,732492.999993,2007
4.000000,10,732869.000000,2007
4.000000,10,NaN,2008
4.000000,10,733477.891357,2009
4.000000,10,733941.334048,2010
4.000000,10,734357.465796,2011
4.000000,10,734676.000005,2012
4.000000,11,NaN,2007
4.000000,11,731343.307675,2007
4.000000,11,731716.446951,2007
4.000000,11,732088.984263,2007
4.000000,11,732482.229766,2007
4.000000,11,732770.125344,2007
4.000000,11,NaN,2008
4.000000,11,NaN,2009
4.000000,11,733972.755452,2010
4.000000,11,734348.536012,2011
4.000000,12,NaN,2007
4.000000,12,731398.764743,2007
4.000000,12,731751.736536,2007
4.000000,12,732095.609356,2007
4.000000,12,732469.270697,2007
4.000000,12,NaN,2007
4.000000,13,NaN,2007
4.000000,13,731366.670097,2007
4.000000,13,731753.035838,2007
4.000000,13,732114.000004,2007
4.000000,13,732490.622336,2007
4.000000,13,NaN,2007
4.000000,13,733106.793095,2008
4.000000,13,733595.000000,2009
4.000000,13,733875.000000,2010
4.000000,14,NaN,2007
4.000000,14,731240.000000,2007
4.000000,14,731754.288293,2007
4.000000,14,732111.397204,2007
4.000000,14,732494.099267,2007
4.000000,14,732868.513149,2007
4.000000,14,733215.000000,2008
4.000000,14,733605.532473,2009
4.000000,14,733986.082274,2010
4.000000,15,NaN,2007
4.000000,15,731241.036270,2007
4.000000,15,731792.000000,2007
4.000000,15,732147.071440,2007
4.000000,15,732508.275219,2007
4.000000,15,732869.310914,2007
4.000000,15,733219.346718,2008
4.000000,15,733606.231221,2009
4.000000,15,733951.834080,2010
4.000000,15,734346.280194,2011
4.000000,15,NaN,2012
4.000000,16,NaN,2007
4.000000,16,731392.000013,2007
4.000000,16,731809.597116,2007
4.000000,16,732191.063013,2007
4.000000,16,732498.474977,2007
4.000000,16,732861.000000,2007
4.000000,16,733112.894912,2008
4.000000,16,733583.974263,2009
4.000000,16,733941.457975,2010
4.000000,16,734352.227424,2011
4.000000,16,NaN,2012
4.000000,17,NaN,2007
4.000000,17,731374.120459,2007
4.000000,17,731805.000000,2007
4.000000,17,732174.480986,2007
4.000000,17,732499.037674,2007
4.000000,17,732784.457031,2007
4.000000,17,733215.157529,2008
4.000000,17,733609.070229,2009
4.000000,18,NaN,2007
4.000000,18,NaN,2007
4.000000,18,731620.944943,2007
4.000000,18,732083.026316,2007
4.000000,18,732481.628415,2007
4.000000,18,732838.001806,2007
4.000000,18,733169.169810,2008
4.000000,18,733571.218428,2009
4.000000,18,733917.000000,2010
10.000000,1,NaN,2007
10.000000,1,733214.000000,2008
10.000000,1,733598.157803,2009
10.000000,1,733938.000042,2010
10.000000,1,734191.000000,2011
10.000000,1,NaN,2012
10.000000,1,734914.999999,2013
10.000000,1,735427.999998,2014
10.000000,1,735673.000000,2015
10.000000,1,NaN,2016
10.000000,1,736488.683673,2017
10.000000,1,736796.000000,2018
10.000000,1,737207.729554,2019
