depth,sid,value,WY
2.500000,19,732941.000000,2007
2.500000,19,733313.000000,2008
2.500000,19,733815.000000,2009
2.500000,19,734037.000000,2010
2.500000,19,NaN,2011
2.500000,19,734803.000000,2012
2.500000,19,NaN,2013
2.500000,19,NaN,2014
2.500000,19,NaN,2015
2.500000,19,NaN,2016
2.500000,19,736630.000000,2017
2.500000,19,737081.000000,2018
2.500000,19,737432.000000,2019
2.500000,20,733010.000000,2007
2.500000,20,733282.000000,2008
2.500000,20,733668.000000,2009
2.500000,20,734037.000000,2010
2.500000,20,734497.000000,2011
2.500000,20,734759.000000,2012
2.500000,20,735140.000000,2013
2.500000,20,NaN,2014
2.500000,20,NaN,2015
2.500000,20,736315.000000,2016
2.500000,20,736648.000000,2017
2.500000,20,737053.000000,2018
2.500000,20,737338.000000,2019
2.500000,23,732955.000000,2007
2.500000,23,733305.000000,2008
2.500000,23,733707.000000,2009
2.500000,23,NaN,2010
2.500000,23,NaN,2011
2.500000,23,NaN,2012
2.500000,23,NaN,2013
2.500000,23,NaN,2014
2.500000,23,NaN,2015
2.500000,23,NaN,2016
2.500000,23,736746.000000,2017
2.500000,23,NaN,2018
2.500000,24,732941.000000,2007
2.500000,24,NaN,2007
2.500000,24,733699.000000,2008
2.500000,24,734053.000000,2009
2.500000,24,734502.000000,2010
2.500000,24,NaN,2011
2.500000,24,NaN,2012
2.500000,24,NaN,2013
2.500000,24,NaN,2014
2.500000,24,NaN,2015
2.500000,24,NaN,2016
2.500000,24,NaN,2017
2.500000,24,737359.000000,2018
2.500000,26,732950.000000,2007
2.500000,26,733303.000000,2007
2.500000,26,733706.000000,2008
2.500000,26,NaN,2009
2.500000,27,732909.000000,2007
2.500000,27,NaN,2007
2.500000,27,NaN,2008
2.500000,27,734033.000000,2009
2.500000,27,NaN,2010
2.500000,27,NaN,2011
2.500000,27,NaN,2012
2.500000,27,NaN,2013
2.500000,27,735841.000000,2014
2.500000,27,NaN,2015
2.500000,27,NaN,2016
2.500000,27,737087.000000,2017
2.500000,27,737418.000000,2018
2.500000,28,732932.000000,2007
2.500000,28,733287.000000,2007
2.500000,28,NaN,2008
2.500000,28,734009.000000,2009
2.500000,28,NaN,2010
2.500000,28,734797.000000,2011
2.500000,28,735147.000000,2012
2.500000,28,735475.000000,2013
2.500000,28,735797.000000,2014
2.500000,28,NaN,2015
2.500000,30,733007.000000,2007
2.500000,30,NaN,2007
2.500000,30,733778.000000,2008
2.500000,30,734020.000000,2009
2.500000,30,NaN,2010
2.500000,30,734757.000000,2011
2.500000,30,NaN,2012
2.500000,30,NaN,2013
2.500000,30,735817.000000,2014
2.500000,30,NaN,2015
2.500000,30,736639.000000,2016
2.500000,30,NaN,2017
2.500000,30,737418.000000,2018
2.500000,31,732969.000000,2007
2.500000,31,733315.000000,2008
2.500000,31,733780.000000,2009
2.500000,32,732949.000000,2007
2.500000,32,733274.000000,2007
2.500000,32,733775.000000,2008
2.500000,32,734144.000000,2009
2.500000,32,NaN,2010
2.500000,32,734749.000000,2011
2.500000,32,NaN,2012
2.500000,32,NaN,2013
2.500000,32,735807.000000,2014
2.500000,32,NaN,2015
2.500000,32,736626.000000,2016
2.500000,32,737121.000000,2017
2.500000,32,737421.000000,2018
2.500000,34,733008.000000,2007
2.500000,34,733286.000000,2008
2.500000,34,NaN,2009
2.500000,34,NaN,2010
2.500000,34,734487.000000,2011
2.500000,34,NaN,2012
2.500000,34,NaN,2013
2.500000,34,NaN,2014
2.500000,34,NaN,2015
2.500000,34,NaN,2016
2.500000,34,736629.000000,2017
2.500000,34,737124.000000,2018
2.500000,34,737478.000000,2019
2.500000,35,NaN,2007
2.500000,35,733270.000000,2008
2.500000,35,733771.000000,2009
2.500000,35,734143.000000,2010
2.500000,35,NaN,2011
2.500000,35,734841.000000,2012
2.500000,35,735121.000000,2013
2.500000,35,735476.000000,2014
2.500000,35,735816.000000,2015
2.500000,35,NaN,2016
2.500000,35,736700.000000,2017
2.500000,35,737110.000000,2018
2.500000,35,737277.000000,2019
2.500000,37,NaN,2007
2.500000,37,733281.000000,2008
2.500000,37,733778.000000,2009
2.500000,37,734117.000000,2010
2.500000,37,734408.000000,2011
2.500000,37,NaN,2012
2.500000,37,735238.000000,2013
2.500000,37,735515.000000,2014
2.500000,38,733011.000000,2007
2.500000,38,733266.000000,2007
2.500000,38,733773.000000,2008
2.500000,38,734295.000000,2009
2.500000,38,734448.000000,2010
2.500000,38,734845.000000,2011
2.500000,38,735139.000000,2012
2.500000,38,735511.000000,2013
4.000000,1,NaN,2007
4.000000,1,731525.000000,2007
4.000000,1,NaN,2007
4.000000,1,NaN,2007
4.000000,1,732687.000000,2007
4.000000,1,732954.000000,2007
4.000000,1,733296.000000,2008
4.000000,1,733688.000000,2009
4.000000,1,734082.000000,2010
4.000000,1,734390.000000,2011
4.000000,2,731210.000000,2007
4.000000,2,731517.000000,2007
4.000000,2,731977.000000,2007
4.000000,2,732320.000000,2007
4.000000,2,NaN,2007
4.000000,2,732986.000000,2007
4.000000,2,733294.000000,2008
4.000000,2,733827.000000,2009
4.000000,2,734090.000000,2010
4.000000,2,NaN,2011
4.000000,3,NaN,2007
4.000000,3,731525.000000,2007
4.000000,3,NaN,2007
4.000000,3,NaN,2007
4.000000,3,732621.000000,2007
4.000000,3,732939.000000,2007
4.000000,3,NaN,2008
4.000000,3,733782.000000,2009
4.000000,3,NaN,2010
4.000000,3,734494.000000,2011
4.000000,4,731146.000000,2007
4.000000,4,NaN,2007
4.000000,4,731921.000000,2007
4.000000,4,732262.000000,2007
4.000000,4,NaN,2007
4.000000,4,732960.000000,2007
4.000000,4,NaN,2008
4.000000,4,733779.000000,2009
4.000000,4,734033.000000,2010
4.000000,5,NaN,2007
4.000000,5,NaN,2007
4.000000,5,NaN,2007
4.000000,5,NaN,2007
4.000000,5,732699.000000,2007
4.000000,5,732907.000000,2007
4.000000,5,733466.000000,2008
4.000000,5,733777.000000,2009
4.000000,5,NaN,2010
4.000000,6,731182.000000,2007
4.000000,6,NaN,2007
4.000000,6,731964.000000,2007
4.000000,6,732381.000000,2007
4.000000,6,NaN,2007
4.000000,6,732978.000000,2007
4.000000,6,733472.000000,2008
4.000000,6,733795.000000,2009
4.000000,6,NaN,2010
4.000000,7,NaN,2007
4.000000,7,NaN,2007
4.000000,7,731958.000000,2007
4.000000,7,732213.000000,2007
4.000000,7,NaN,2007
4.000000,7,732976.000000,2007
4.000000,7,733277.000000,2008
4.000000,7,NaN,2009
4.000000,7,734030.000000,2010
4.000000,7,734501.000000,2011
4.000000,8,NaN,2007
4.000000,8,731542.000000,2007
4.000000,8,731996.000000,2007
4.000000,8,732343.000000,2007
4.000000,8,732665.000000,2007
4.000000,8,732973.000000,2007
4.000000,8,733325.000000,2008
4.000000,8,NaN,2009
4.000000,8,734122.000000,2010
4.000000,9,NaN,2007
4.000000,9,731533.000000,2007
4.000000,9,732034.000000,2007
4.000000,10,NaN,2007
4.000000,10,731538.000000,2007
4.000000,10,731986.000000,2007
4.000000,10,732283.000000,2007
4.000000,10,732646.000000,2007
4.000000,10,732955.000000,2007
4.000000,10,NaN,2008
4.000000,10,NaN,2009
4.000000,10,734079.000000,2010
4.000000,10,734491.000000,2011
4.000000,10,NaN,2012
4.000000,11,NaN,2007
4.000000,11,731542.000000,2007
4.000000,11,732009.000000,2007
4.000000,11,732226.000000,2007
4.000000,11,732646.000000,2007
4.000000,11,732936.000000,2007
4.000000,11,NaN,2008
4.000000,11,733683.000000,2009
4.000000,11,734077.000000,2010
4.000000,11,734502.000000,2011
4.000000,12,NaN,2007
4.000000,12,731514.000000,2007
4.000000,12,731969.000000,2007
4.000000,12,732300.000000,2007
4.000000,12,732654.000000,2007
4.000000,12,732949.000000,2007
4.000000,13,NaN,2007
4.000000,13,731522.000000,2007
4.000000,13,NaN,2007
4.000000,13,732236.000000,2007
4.000000,13,732653.000000,2007
4.000000,13,NaN,2007
4.000000,13,733302.000000,2008
4.000000,13,733814.000000,2009
4.000000,13,734078.000000,2010
4.000000,14,NaN,2007
4.000000,14,731531.000000,2007
4.000000,14,731981.000000,2007
4.000000,14,NaN,2007
4.000000,14,732750.000000,2007
4.000000,14,732940.000000,2007
4.000000,14,733307.000000,2008
4.000000,14,733709.000000,2009
4.000000,14,734081.000000,2010
4.000000,15,NaN,2007
4.000000,15,731521.000000,2007
4.000000,15,731902.000000,2007
4.000000,15,732247.000000,2007
4.000000,15,732660.000000,2007
4.000000,15,732945.000000,2007
4.000000,15,733325.000000,2008
4.000000,15,733709.000000,2009
4.000000,15,734085.000000,2010
4.000000,15,734467.000000,2011
4.000000,15,734802.000000,2012
4.000000,16,NaN,2007
4.000000,16,731522.000000,2007
4.000000,16,731974.000000,2007
4.000000,16,732243.000000,2007
4.000000,16,732664.000000,2007
4.000000,16,733040.000000,2007
4.000000,16,NaN,2008
4.000000,16,733688.000000,2009
4.000000,16,734070.000000,2010
4.000000,16,734458.000000,2011
4.000000,16,NaN,2012
4.000000,17,NaN,2007
4.000000,17,731522.000000,2007
4.000000,17,731964.000000,2007
4.000000,17,732288.000000,2007
4.000000,17,732669.000000,2007
4.000000,17,732956.000000,2007
4.000000,17,733309.000000,2008
4.000000,17,733711.000000,2009
4.000000,18,NaN,2007
4.000000,18,NaN,2007
4.000000,18,731906.000000,2007
4.000000,18,732221.000000,2007
4.000000,18,732708.000000,2007
4.000000,18,732948.000000,2007
4.000000,18,733283.000000,2008
4.000000,18,733694.000000,2009
4.000000,18,734027.000000,2010
10.000000,1,732969.000000,2007
10.000000,1,733304.000000,2008
10.000000,1,NaN,2009
10.000000,1,734066.000000,2010
10.000000,1,734506.000000,2011
10.000000,1,734809.000000,2012
10.000000,1,735242.000000,2013
10.000000,1,735480.000000,2014
10.000000,1,735820.000000,2015
10.000000,1,NaN,2016
10.000000,1,736660.000000,2017
10.000000,1,737084.000000,2018
10.000000,1,737423.000000,2019
