3 19 15-Aug-2006 2007 
3 19 27-Sep-2007 2008 
3 19 11-Jan-2009 2009 
3 19 20-Sep-2009 2010 
3 19 NaT 2011 
3 19 20-Sep-2011 2012 
3 19 NaT 2013 
3 19 NaT 2014 
3 19 NaT 2015 
3 19 NaT 2016 
3 19 26-Oct-2016 2017 
3 19 20-Jan-2018 2018 
3 19 06-Jan-2019 2019 
3 20 29-Nov-2006 2007 
3 20 02-Sep-2007 2008 
3 20 12-Sep-2008 2009 
3 20 18-Sep-2009 2010 
3 20 03-Oct-2010 2011 
3 20 15-Sep-2011 2012 
3 20 28-Sep-2012 2013 
3 20 26-Feb-2014 2014 
3 20 NaT 2015 
3 20 01-Nov-2015 2016 
3 20 11-Nov-2016 2017 
3 20 24-Dec-2017 2018 
3 20 24-Sep-2018 2019 
3 23 29-Sep-2006 2007 
3 23 19-Sep-2007 2008 
3 23 22-Oct-2008 2009 
3 23 03-Apr-2010 2010 
3 23 NaT 2011 
3 23 NaT 2012 
3 23 NaT 2013 
3 23 NaT 2014 
3 23 NaT 2015 
3 23 NaT 2016 
3 23 01-Dec-2016 2017 
3 23 NaT 2018 
3 24 23-Aug-2006 2007 
3 24 22-Feb-2008 2007 
3 24 18-Oct-2008 2008 
3 24 04-Oct-2009 2009 
3 24 21-Dec-2010 2010 
3 24 NaT 2011 
3 24 NaT 2012 
3 24 NaT 2013 
3 24 NaT 2014 
3 24 NaT 2015 
3 24 NaT 2016 
3 24 NaT 2017 
3 24 24-Oct-2018 2018 
3 26 27-Sep-2006 2007 
3 26 15-Sep-2007 2007 
3 26 19-Oct-2008 2008 
3 26 NaT 2009 
3 27 19-Aug-2006 2007 
3 27 NaT 2007 
3 27 NaT 2008 
3 27 13-Sep-2009 2009 
3 27 27-Nov-2010 2010 
3 27 NaT 2011 
3 27 NaT 2012 
3 27 NaT 2013 
3 27 31-Aug-2014 2014 
3 27 NaT 2015 
3 27 05-Feb-2017 2016 
3 27 23-Jan-2018 2017 
3 27 01-Jan-2019 2018 
3 28 12-Sep-2006 2007 
3 28 03-Sep-2007 2007 
3 28 NaT 2008 
3 28 19-Aug-2009 2009 
3 28 NaT 2010 
3 28 23-Sep-2011 2011 
3 28 04-Oct-2012 2012 
3 28 09-Jul-2013 2013 
3 28 16-Jul-2014 2014 
3 28 NaT 2015 
3 30 NaT 2007 
3 30 NaT 2007 
3 30 05-Jan-2009 2008 
3 30 04-Sep-2009 2009 
3 30 NaT 2010 
3 30 11-Sep-2011 2011 
3 30 NaT 2012 
3 30 NaT 2013 
3 30 03-Aug-2014 2014 
3 30 NaT 2015 
3 30 04-Nov-2016 2016 
3 30 NaT 2017 
3 30 NaT 2018 
3 31 19-Oct-2006 2007 
3 31 29-Sep-2007 2008 
3 31 07-Jan-2009 2009 
3 32 11-Sep-2006 2007 
3 32 16-Aug-2007 2007 
3 32 04-Jan-2009 2008 
3 32 NaT 2009 
3 32 24-Feb-2011 2010 
3 32 03-Sep-2011 2011 
3 32 13-Dec-2012 2012 
3 32 NaT 2013 
3 32 01-Aug-2014 2014 
3 32 NaT 2015 
3 32 23-Oct-2016 2016 
3 32 06-Mar-2018 2017 
3 32 03-Jan-2019 2018 
3 34 27-Nov-2006 2007 
3 34 28-Aug-2007 2008 
3 34 12-Oct-2008 2009 
3 34 NaT 2010 
3 34 NaT 2011 
3 34 NaT 2012 
3 34 23-Sep-2012 2013 
3 34 NaT 2014 
3 34 NaT 2015 
3 34 NaT 2016 
3 34 26-Oct-2016 2017 
3 34 22-Jan-2018 2018 
3 34 04-Dec-2018 2019 
3 35 NaT 2007 
3 35 15-Aug-2007 2008 
3 35 29-Dec-2008 2009 
3 35 05-Jan-2010 2010 
3 35 NaT 2011 
3 35 04-Dec-2011 2012 
3 35 08-Sep-2012 2013 
3 35 30-Aug-2013 2014 
3 35 05-Aug-2014 2015 
3 35 NaT 2016 
3 35 04-Jan-2017 2017 
3 35 16-Feb-2018 2018 
3 35 05-Aug-2018 2019 
3 37 NaT 2007 
3 37 28-Aug-2007 2008 
3 37 06-Jan-2009 2009 
3 37 05-Nov-2009 2010 
3 37 27-Sep-2010 2011 
3 37 NaT 2012 
3 37 13-Dec-2012 2013 
3 37 07-Sep-2013 2014 
3 38 29-Nov-2006 2007 
3 38 10-Aug-2007 2007 
3 38 31-Dec-2008 2008 
3 38 30-Jan-2010 2009 
3 38 23-Oct-2010 2010 
3 38 20-Oct-2011 2011 
3 38 27-Sep-2012 2012 
3 38 04-Oct-2013 2013 
4 1 NaT 2007 
4 1 29-Oct-2002 2007 
4 1 26-Oct-2003 2007 
4 1 NaT 2007 
4 1 17-Oct-2005 2007 
4 1 03-Oct-2006 2007 
4 1 08-Sep-2007 2008 
4 1 06-Oct-2008 2009 
4 1 06-Nov-2009 2010 
4 1 09-Sep-2010 2011 
4 2 29-Oct-2001 2007 
4 2 27-Oct-2002 2007 
4 2 10-Nov-2003 2007 
4 2 14-Oct-2004 2007 
4 2 04-Jan-2006 2007 
4 2 30-Sep-2006 2007 
4 2 08-Sep-2007 2008 
4 2 02-Feb-2009 2009 
4 2 09-Nov-2009 2010 
4 2 27-Sep-2010 2011 
4 3 NaT 2007 
4 3 26-Oct-2002 2007 
4 3 27-Oct-2003 2007 
4 3 24-Sep-2004 2007 
4 3 29-Oct-2005 2007 
4 3 18-Sep-2006 2007 
4 3 NaT 2008 
4 3 09-Jan-2009 2009 
4 3 NaT 2010 
4 3 20-Nov-2010 2011 
4 4 20-Oct-2001 2007 
4 4 NaT 2007 
4 4 29-Sep-2003 2007 
4 4 25-Oct-2004 2007 
4 4 30-Oct-2005 2007 
4 4 04-Oct-2006 2007 
4 4 NaT 2008 
4 4 05-Jan-2009 2009 
4 4 13-Sep-2009 2010 
4 5 NaT 2007 
4 5 NaT 2007 
4 5 04-Nov-2003 2007 
4 5 NaT 2007 
4 5 NaT 2007 
4 5 18-Aug-2006 2007 
4 5 02-Mar-2008 2008 
4 5 04-Jan-2009 2009 
4 5 NaT 2010 
4 6 28-Nov-2001 2007 
4 6 NaT 2007 
4 6 08-Sep-2003 2007 
4 6 13-Mar-2005 2007 
4 6 26-Sep-2005 2007 
4 6 26-Oct-2006 2007 
4 6 04-Mar-2008 2008 
4 6 21-Jan-2009 2009 
4 6 NaT 2010 
4 7 NaT 2007 
4 7 NaT 2007 
4 7 17-Nov-2003 2007 
4 7 22-Sep-2004 2007 
4 7 03-Oct-2005 2007 
4 7 18-Oct-2006 2007 
4 7 21-Aug-2007 2008 
4 7 02-Feb-2009 2009 
4 7 03-Sep-2009 2010 
4 7 NaT 2011 
4 8 NaT 2007 
4 8 16-Nov-2002 2007 
4 8 04-Feb-2004 2007 
4 8 24-Oct-2004 2007 
4 8 19-Dec-2005 2007 
4 8 15-Oct-2006 2007 
4 8 10-Oct-2007 2008 
4 8 18-Nov-2008 2009 
4 8 08-Dec-2009 2010 
4 9 NaT 2007 
4 9 07-Nov-2002 2007 
4 9 19-Nov-2003 2007 
4 10 NaT 2007 
4 10 07-Nov-2002 2007 
4 10 17-Nov-2003 2007 
4 10 12-Oct-2004 2007 
4 10 21-Nov-2005 2007 
4 10 30-Sep-2006 2007 
4 10 NaT 2008 
4 10 22-Oct-2008 2009 
4 10 01-Nov-2009 2010 
4 10 10-Dec-2010 2011 
4 10 21-Oct-2011 2012 
4 11 NaT 2007 
4 11 10-Nov-2002 2007 
4 11 05-Mar-2004 2007 
4 11 25-Aug-2004 2007 
4 11 19-Nov-2005 2007 
4 11 19-Sep-2006 2007 
4 11 NaT 2008 
4 11 12-Sep-2008 2009 
4 11 31-Oct-2009 2010 
4 11 24-Nov-2010 2011 
4 12 NaT 2007 
4 12 24-Oct-2002 2007 
4 12 30-Dec-2003 2007 
4 12 20-Oct-2004 2007 
4 12 27-Nov-2005 2007 
4 12 28-Sep-2006 2007 
4 13 NaT 2007 
4 13 27-Oct-2002 2007 
4 13 16-Nov-2003 2007 
4 13 14-Oct-2004 2007 
4 13 20-Nov-2005 2007 
4 13 NaT 2007 
4 13 10-Sep-2007 2008 
4 13 10-Feb-2009 2009 
4 13 28-Oct-2009 2010 
4 14 NaT 2007 
4 14 30-Oct-2002 2007 
4 14 16-Nov-2003 2007 
4 14 18-Oct-2004 2007 
4 14 29-Nov-2005 2007 
4 14 19-Sep-2006 2007 
4 14 21-Sep-2007 2008 
4 14 21-Oct-2008 2009 
4 14 01-Nov-2009 2010 
4 15 NaT 2007 
4 15 23-Oct-2002 2007 
4 15 12-Nov-2003 2007 
4 15 25-Oct-2004 2007 
4 15 27-Nov-2005 2007 
4 15 24-Sep-2006 2007 
4 15 09-Oct-2007 2008 
4 15 24-Oct-2008 2009 
4 15 03-Nov-2009 2010 
4 15 07-Oct-2010 2011 
4 15 19-Oct-2011 2012 
4 16 NaT 2007 
4 16 26-Oct-2002 2007 
4 16 18-Nov-2003 2007 
4 16 20-Oct-2004 2007 
4 16 18-Dec-2005 2007 
4 16 31-Dec-2006 2007 
4 16 04-Oct-2007 2008 
4 16 03-Oct-2008 2009 
4 16 24-Oct-2009 2010 
4 16 12-Nov-2010 2011 
4 16 NaT 2012 
4 17 NaT 2007 
4 17 23-Oct-2002 2007 
4 17 15-Nov-2003 2007 
4 17 02-Nov-2004 2007 
4 17 22-Dec-2005 2007 
4 17 23-Aug-2006 2007 
4 17 20-Sep-2007 2008 
4 17 22-Oct-2008 2009 
4 18 NaT 2007 
4 18 NaT 2007 
4 18 31-Oct-2003 2007 
4 18 28-Sep-2004 2007 
4 18 08-Jan-2006 2007 
4 18 02-Sep-2006 2007 
4 18 29-Aug-2007 2008 
4 18 18-Oct-2008 2009 
4 18 07-Sep-2009 2010 
10 1 10-Oct-2006 2007 
10 1 22-Sep-2007 2008 
10 1 19-Oct-2008 2009 
10 1 24-Oct-2009 2010 
10 1 27-Sep-2010 2011 
10 1 20-Sep-2011 2012 
10 1 29-Oct-2012 2013 
10 1 31-Aug-2013 2014 
10 1 08-Aug-2014 2015 
10 1 NaT 2016 
10 1 09-Nov-2016 2017 
10 1 21-Dec-2017 2018 
10 1 04-Dec-2018 2019 
3 19 15-Aug-2006 2007 
3 19 27-Sep-2007 2008 
3 19 11-Jan-2009 2009 
3 19 20-Sep-2009 2010 
3 19 NaT 2011 
3 19 20-Sep-2011 2012 
3 19 NaT 2013 
3 19 NaT 2014 
3 19 NaT 2015 
3 19 NaT 2016 
3 19 26-Oct-2016 2017 
3 19 20-Jan-2018 2018 
3 19 06-Jan-2019 2019 
3 20 29-Nov-2006 2007 
3 20 02-Sep-2007 2008 
3 20 12-Sep-2008 2009 
3 20 18-Sep-2009 2010 
3 20 03-Oct-2010 2011 
3 20 15-Sep-2011 2012 
3 20 28-Sep-2012 2013 
3 20 26-Feb-2014 2014 
3 20 NaT 2015 
3 20 01-Nov-2015 2016 
3 20 11-Nov-2016 2017 
3 20 24-Dec-2017 2018 
3 20 24-Sep-2018 2019 
3 23 29-Sep-2006 2007 
3 23 19-Sep-2007 2008 
3 23 22-Oct-2008 2009 
3 23 03-Apr-2010 2010 
3 23 NaT 2011 
3 23 NaT 2012 
3 23 NaT 2013 
3 23 NaT 2014 
3 23 NaT 2015 
3 23 NaT 2016 
3 23 01-Dec-2016 2017 
3 23 NaT 2018 
3 24 23-Aug-2006 2007 
3 24 22-Feb-2008 2007 
3 24 18-Oct-2008 2008 
3 24 04-Oct-2009 2009 
3 24 21-Dec-2010 2010 
3 24 NaT 2011 
3 24 NaT 2012 
3 24 NaT 2013 
3 24 NaT 2014 
3 24 NaT 2015 
3 24 NaT 2016 
3 24 NaT 2017 
3 24 24-Oct-2018 2018 
3 26 27-Sep-2006 2007 
3 26 15-Sep-2007 2007 
3 26 19-Oct-2008 2008 
3 26 NaT 2009 
3 27 19-Aug-2006 2007 
3 27 NaT 2007 
3 27 NaT 2008 
3 27 13-Sep-2009 2009 
3 27 27-Nov-2010 2010 
3 27 NaT 2011 
3 27 NaT 2012 
3 27 NaT 2013 
3 27 31-Aug-2014 2014 
3 27 NaT 2015 
3 27 05-Feb-2017 2016 
3 27 23-Jan-2018 2017 
3 27 01-Jan-2019 2018 
3 28 12-Sep-2006 2007 
3 28 03-Sep-2007 2007 
3 28 NaT 2008 
3 28 19-Aug-2009 2009 
3 28 NaT 2010 
3 28 23-Sep-2011 2011 
3 28 04-Oct-2012 2012 
3 28 09-Jul-2013 2013 
3 28 16-Jul-2014 2014 
3 28 NaT 2015 
3 30 NaT 2007 
3 30 NaT 2007 
3 30 05-Jan-2009 2008 
3 30 04-Sep-2009 2009 
3 30 NaT 2010 
3 30 11-Sep-2011 2011 
3 30 NaT 2012 
3 30 NaT 2013 
3 30 03-Aug-2014 2014 
3 30 NaT 2015 
3 30 04-Nov-2016 2016 
3 30 NaT 2017 
3 30 NaT 2018 
3 31 19-Oct-2006 2007 
3 31 29-Sep-2007 2008 
3 31 07-Jan-2009 2009 
3 32 11-Sep-2006 2007 
3 32 16-Aug-2007 2007 
3 32 04-Jan-2009 2008 
3 32 NaT 2009 
3 32 24-Feb-2011 2010 
3 32 03-Sep-2011 2011 
3 32 13-Dec-2012 2012 
3 32 NaT 2013 
3 32 01-Aug-2014 2014 
3 32 NaT 2015 
3 32 23-Oct-2016 2016 
3 32 06-Mar-2018 2017 
3 32 03-Jan-2019 2018 
3 34 27-Nov-2006 2007 
3 34 28-Aug-2007 2008 
3 34 12-Oct-2008 2009 
3 34 NaT 2010 
3 34 NaT 2011 
3 34 NaT 2012 
3 34 23-Sep-2012 2013 
3 34 NaT 2014 
3 34 NaT 2015 
3 34 NaT 2016 
3 34 26-Oct-2016 2017 
3 34 22-Jan-2018 2018 
3 34 04-Dec-2018 2019 
3 35 NaT 2007 
3 35 15-Aug-2007 2008 
3 35 29-Dec-2008 2009 
3 35 05-Jan-2010 2010 
3 35 NaT 2011 
3 35 04-Dec-2011 2012 
3 35 08-Sep-2012 2013 
3 35 30-Aug-2013 2014 
3 35 05-Aug-2014 2015 
3 35 NaT 2016 
3 35 04-Jan-2017 2017 
3 35 16-Feb-2018 2018 
3 35 05-Aug-2018 2019 
3 37 NaT 2007 
3 37 28-Aug-2007 2008 
3 37 06-Jan-2009 2009 
3 37 05-Nov-2009 2010 
3 37 27-Sep-2010 2011 
3 37 NaT 2012 
3 37 13-Dec-2012 2013 
3 37 07-Sep-2013 2014 
3 38 29-Nov-2006 2007 
3 38 10-Aug-2007 2007 
3 38 31-Dec-2008 2008 
3 38 30-Jan-2010 2009 
3 38 23-Oct-2010 2010 
3 38 20-Oct-2011 2011 
3 38 27-Sep-2012 2012 
3 38 04-Oct-2013 2013 
4 1 NaT 2007 
4 1 29-Oct-2002 2007 
4 1 26-Oct-2003 2007 
4 1 NaT 2007 
4 1 17-Oct-2005 2007 
4 1 03-Oct-2006 2007 
4 1 08-Sep-2007 2008 
4 1 06-Oct-2008 2009 
4 1 06-Nov-2009 2010 
4 1 09-Sep-2010 2011 
4 2 29-Oct-2001 2007 
4 2 27-Oct-2002 2007 
4 2 10-Nov-2003 2007 
4 2 14-Oct-2004 2007 
4 2 04-Jan-2006 2007 
4 2 30-Sep-2006 2007 
4 2 08-Sep-2007 2008 
4 2 02-Feb-2009 2009 
4 2 09-Nov-2009 2010 
4 2 27-Sep-2010 2011 
4 3 NaT 2007 
4 3 26-Oct-2002 2007 
4 3 27-Oct-2003 2007 
4 3 24-Sep-2004 2007 
4 3 29-Oct-2005 2007 
4 3 18-Sep-2006 2007 
4 3 NaT 2008 
4 3 09-Jan-2009 2009 
4 3 NaT 2010 
4 3 20-Nov-2010 2011 
4 4 20-Oct-2001 2007 
4 4 NaT 2007 
4 4 29-Sep-2003 2007 
4 4 25-Oct-2004 2007 
4 4 30-Oct-2005 2007 
4 4 04-Oct-2006 2007 
4 4 NaT 2008 
4 4 05-Jan-2009 2009 
4 4 13-Sep-2009 2010 
4 5 NaT 2007 
4 5 NaT 2007 
4 5 04-Nov-2003 2007 
4 5 NaT 2007 
4 5 NaT 2007 
4 5 18-Aug-2006 2007 
4 5 02-Mar-2008 2008 
4 5 04-Jan-2009 2009 
4 5 NaT 2010 
4 6 28-Nov-2001 2007 
4 6 NaT 2007 
4 6 08-Sep-2003 2007 
4 6 13-Mar-2005 2007 
4 6 26-Sep-2005 2007 
4 6 26-Oct-2006 2007 
4 6 04-Mar-2008 2008 
4 6 21-Jan-2009 2009 
4 6 NaT 2010 
4 7 NaT 2007 
4 7 NaT 2007 
4 7 17-Nov-2003 2007 
4 7 22-Sep-2004 2007 
4 7 03-Oct-2005 2007 
4 7 18-Oct-2006 2007 
4 7 21-Aug-2007 2008 
4 7 02-Feb-2009 2009 
4 7 03-Sep-2009 2010 
4 7 NaT 2011 
4 8 NaT 2007 
4 8 16-Nov-2002 2007 
4 8 04-Feb-2004 2007 
4 8 24-Oct-2004 2007 
4 8 19-Dec-2005 2007 
4 8 15-Oct-2006 2007 
4 8 10-Oct-2007 2008 
4 8 18-Nov-2008 2009 
4 8 08-Dec-2009 2010 
4 9 NaT 2007 
4 9 07-Nov-2002 2007 
4 9 19-Nov-2003 2007 
4 10 NaT 2007 
4 10 07-Nov-2002 2007 
4 10 17-Nov-2003 2007 
4 10 12-Oct-2004 2007 
4 10 21-Nov-2005 2007 
4 10 30-Sep-2006 2007 
4 10 NaT 2008 
4 10 22-Oct-2008 2009 
4 10 01-Nov-2009 2010 
4 10 10-Dec-2010 2011 
4 10 21-Oct-2011 2012 
4 11 NaT 2007 
4 11 10-Nov-2002 2007 
4 11 05-Mar-2004 2007 
4 11 25-Aug-2004 2007 
4 11 19-Nov-2005 2007 
4 11 19-Sep-2006 2007 
4 11 NaT 2008 
4 11 12-Sep-2008 2009 
4 11 31-Oct-2009 2010 
4 11 24-Nov-2010 2011 
4 12 NaT 2007 
4 12 24-Oct-2002 2007 
4 12 30-Dec-2003 2007 
4 12 20-Oct-2004 2007 
4 12 27-Nov-2005 2007 
4 12 28-Sep-2006 2007 
4 13 NaT 2007 
4 13 27-Oct-2002 2007 
4 13 16-Nov-2003 2007 
4 13 14-Oct-2004 2007 
4 13 20-Nov-2005 2007 
4 13 NaT 2007 
4 13 10-Sep-2007 2008 
4 13 10-Feb-2009 2009 
4 13 28-Oct-2009 2010 
4 14 NaT 2007 
4 14 30-Oct-2002 2007 
4 14 16-Nov-2003 2007 
4 14 18-Oct-2004 2007 
4 14 29-Nov-2005 2007 
4 14 19-Sep-2006 2007 
4 14 21-Sep-2007 2008 
4 14 21-Oct-2008 2009 
4 14 01-Nov-2009 2010 
4 15 NaT 2007 
4 15 23-Oct-2002 2007 
4 15 12-Nov-2003 2007 
4 15 25-Oct-2004 2007 
4 15 27-Nov-2005 2007 
4 15 24-Sep-2006 2007 
4 15 09-Oct-2007 2008 
4 15 24-Oct-2008 2009 
4 15 03-Nov-2009 2010 
4 15 07-Oct-2010 2011 
4 15 19-Oct-2011 2012 
4 16 NaT 2007 
4 16 26-Oct-2002 2007 
4 16 18-Nov-2003 2007 
4 16 20-Oct-2004 2007 
4 16 18-Dec-2005 2007 
4 16 31-Dec-2006 2007 
4 16 04-Oct-2007 2008 
4 16 03-Oct-2008 2009 
4 16 24-Oct-2009 2010 
4 16 12-Nov-2010 2011 
4 16 NaT 2012 
4 17 NaT 2007 
4 17 23-Oct-2002 2007 
4 17 15-Nov-2003 2007 
4 17 02-Nov-2004 2007 
4 17 22-Dec-2005 2007 
4 17 23-Aug-2006 2007 
4 17 20-Sep-2007 2008 
4 17 22-Oct-2008 2009 
4 18 NaT 2007 
4 18 NaT 2007 
4 18 31-Oct-2003 2007 
4 18 28-Sep-2004 2007 
4 18 08-Jan-2006 2007 
4 18 02-Sep-2006 2007 
4 18 29-Aug-2007 2008 
4 18 18-Oct-2008 2009 
4 18 07-Sep-2009 2010 
10 1 10-Oct-2006 2007 
10 1 22-Sep-2007 2008 
10 1 19-Oct-2008 2009 
10 1 24-Oct-2009 2010 
10 1 27-Sep-2010 2011 
10 1 20-Sep-2011 2012 
10 1 29-Oct-2012 2013 
10 1 31-Aug-2013 2014 
10 1 08-Aug-2014 2015 
10 1 NaT 2016 
10 1 09-Nov-2016 2017 
10 1 21-Dec-2017 2018 
10 1 04-Dec-2018 2019 
