2.500000e+00,19,-163.199996,2007
2.500000e+00,19,-147.000000,2008
2.500000e+00,19,-156.333471,2009
2.500000e+00,19,-133.405231,2010
2.500000e+00,19,NaN,2011
2.500000e+00,19,-123.492703,2012
2.500000e+00,19,NaN,2013
2.500000e+00,19,NaN,2014
2.500000e+00,19,NaN,2015
2.500000e+00,19,NaN,2016
2.500000e+00,19,-98.116791,2017
2.500000e+00,19,0.181592,2018
2.500000e+00,19,-12.963225,2019
2.500000e+00,20,-52.000841,2007
2.500000e+00,20,-158.859753,2008
2.500000e+00,20,-172.633219,2009
2.500000e+00,20,-139.181616,2010
2.500000e+00,20,-117.272260,2011
2.500000e+00,20,-142.414026,2012
2.500000e+00,20,-129.457587,2013
2.500000e+00,20,-99.663424,2014
2.500000e+00,20,NaN,2015
2.500000e+00,20,-215.251379,2016
2.500000e+00,20,-86.032708,2017
2.500000e+00,20,-23.634452,2018
2.500000e+00,20,-192.000001,2019
2.500000e+00,23,-165.875747,2007
2.500000e+00,23,-147.000000,2008
2.500000e+00,23,-132.999981,2009
2.500000e+00,23,-49.353109,2010
2.500000e+00,23,NaN,2011
2.500000e+00,23,NaN,2012
2.500000e+00,23,NaN,2013
2.500000e+00,23,NaN,2014
2.500000e+00,23,NaN,2015
2.500000e+00,23,NaN,2016
2.500000e+00,23,-46.000000,2017
2.500000e+00,23,NaN,2018
2.500000e+00,24,197.000000,2007
2.500000e+00,24,245.138346,2007
2.500000e+00,24,236.077780,2008
2.500000e+00,24,223.000000,2009
2.500000e+00,24,252.621301,2010
2.500000e+00,24,NaN,2011
2.500000e+00,24,NaN,2012
2.500000e+00,24,NaN,2013
2.500000e+00,24,NaN,2014
2.500000e+00,24,NaN,2015
2.500000e+00,24,NaN,2016
2.500000e+00,24,NaN,2017
2.500000e+00,24,268.526731,2018
2.500000e+00,26,194.000000,2007
2.500000e+00,26,218.782265,2007
2.500000e+00,26,232.526739,2008
2.500000e+00,26,NaN,2009
2.500000e+00,27,199.534126,2007
2.500000e+00,27,NaN,2007
2.500000e+00,27,NaN,2008
2.500000e+00,27,188.999928,2009
2.500000e+00,27,281.612413,2010
2.500000e+00,27,NaN,2011
2.500000e+00,27,NaN,2012
2.500000e+00,27,NaN,2013
2.500000e+00,27,180.950472,2014
2.500000e+00,27,NaN,2015
2.500000e+00,27,236.857626,2016
2.500000e+00,27,357.000000,2017
2.500000e+00,27,311.999999,2018
2.500000e+00,28,225.120000,2007
2.500000e+00,28,191.570188,2007
2.500000e+00,28,NaN,2008
2.500000e+00,28,187.999993,2009
2.500000e+00,28,NaN,2010
2.500000e+00,28,228.448645,2011
2.500000e+00,28,231.000000,2012
2.500000e+00,28,171.745597,2013
2.500000e+00,28,167.138995,2014
2.500000e+00,28,NaN,2015
2.500000e+00,30,NaN,2007
2.500000e+00,30,NaN,2007
2.500000e+00,30,345.000000,2008
2.500000e+00,30,189.000000,2009
2.500000e+00,30,NaN,2010
2.500000e+00,30,229.999982,2011
2.500000e+00,30,NaN,2012
2.500000e+00,30,NaN,2013
2.500000e+00,30,185.433518,2014
2.500000e+00,30,NaN,2015
2.500000e+00,30,272.921164,2016
2.500000e+00,30,NaN,2017
2.500000e+00,30,NaN,2018
2.500000e+00,31,-100.000000,2007
2.500000e+00,31,-112.000000,2008
2.500000e+00,31,-17.000000,2009
2.500000e+00,32,147.999999,2007
2.500000e+00,32,200.627280,2007
2.500000e+00,32,344.000000,2008
2.500000e+00,32,NaN,2009
2.500000e+00,32,241.109421,2010
2.500000e+00,32,229.452391,2011
2.500000e+00,32,314.150370,2012
2.500000e+00,32,NaN,2013
2.500000e+00,32,160.461817,2014
2.500000e+00,32,NaN,2015
2.500000e+00,32,269.907833,2016
2.500000e+00,32,357.473356,2017
2.500000e+00,32,317.263056,2018
2.500000e+00,34,-52.344921,2007
2.500000e+00,34,-164.000000,2008
2.500000e+00,34,-110.000000,2009
2.500000e+00,34,NaN,2010
2.500000e+00,34,NaN,2011
2.500000e+00,34,NaN,2012
2.500000e+00,34,-136.000000,2013
2.500000e+00,34,NaN,2014
2.500000e+00,34,NaN,2015
2.500000e+00,34,NaN,2016
2.500000e+00,34,-96.932542,2017
2.500000e+00,34,-33.000000,2018
2.500000e+00,34,-51.175153,2019
2.500000e+00,35,NaN,2007
2.500000e+00,35,-161.000025,2008
2.500000e+00,35,-19.828787,2009
2.500000e+00,35,-13.212570,2010
2.500000e+00,35,NaN,2011
2.500000e+00,35,-43.350251,2012
2.500000e+00,35,-139.000000,2013
2.500000e+00,35,-148.000000,2014
2.500000e+00,35,-195.999998,2015
2.500000e+00,35,NaN,2016
2.500000e+00,35,-80.841534,2017
2.500000e+00,35,-7.910866,2018
2.500000e+00,35,-183.471908,2019
2.500000e+00,37,NaN,2007
2.500000e+00,37,-181.281552,2008
2.500000e+00,37,-21.482155,2009
2.500000e+00,37,-196.690508,2010
2.500000e+00,37,-112.529563,2011
2.500000e+00,37,NaN,2012
2.500000e+00,37,-40.000000,2013
2.500000e+00,37,-152.207890,2014
2.500000e+00,38,311.896593,2007
2.500000e+00,38,197.285055,2007
2.500000e+00,38,341.932291,2008
2.500000e+00,38,369.654759,2009
2.500000e+00,38,202.012613,2010
2.500000e+00,38,275.228712,2011
2.500000e+00,38,230.999984,2012
2.500000e+00,38,258.375078,2013
4,1,NaN,2007
4,1,-1250.935655,2007
4,1,-865.515451,2007
4,1,NaN,2007
4,1,-102.980672,2007
4,1,-121.000000,2007
4,1,-144.470755,2008
4,1,-108.897799,2009
4,1,-89.000000,2010
4,1,-141.442129,2011
4,2,-1551.090205,2007
4,2,-1202.447573,2007
4,2,-830.902311,2007
4,2,-461.461813,2007
4,2,-154.240837,2007
4,2,-125.525602,2007
4,2,-182.543570,2008
4,2,15.326319,2009
4,2,-96.341258,2010
4,2,-117.558645,2011
4,3,NaN,2007
4,3,-1257.013848,2007
4,3,-831.758946,2007
4,3,-485.939869,2007
4,3,-104.999915,2007
4,3,-168.126647,2007
4,3,NaN,2008
4,3,-15.999823,2009
4,3,NaN,2010
4,3,-124.000000,2011
4,4,-1578.946412,2007
4,4,NaN,2007
4,4,-865.612549,2007
4,4,-499.525209,2007
4,4,-118.000000,2007
4,4,-160.986895,2007
4,4,NaN,2008
4,4,-14.304169,2009
4,4,-164.179717,2010
4,5,NaN,2007
4,5,NaN,2007
4,5,-875.999778,2007
4,5,NaN,2007
4,5,NaN,2007
4,5,-165.042731,2007
4,5,18.582504,2008
4,5,-23.000000,2009
4,5,NaN,2010
4,6,-1529.000000,2007
4,6,NaN,2007
4,6,-868.000000,2007
4,6,-327.000305,2007
4,6,-129.577680,2007
4,6,-163.000001,2007
4,6,29.457247,2008
4,6,-8.891654,2009
4,6,NaN,2010
4,7,NaN,2007
4,7,NaN,2007
4,7,-865.999986,2007
4,7,-494.529395,2007
4,7,-145.238785,2007
4,7,-161.267923,2007
4,7,-164.282194,2008
4,7,-65.040986,2009
4,7,-179.572292,2010
4,7,NaN,2011
4,8,NaN,2007
4,8,-1252.494497,2007
4,8,-850.999986,2007
4,8,-488.893872,2007
4,8,-105.000000,2007
4,8,-135.530148,2007
4,8,-159.000000,2008
4,8,-149.998917,2009
4,8,-98.413391,2010
4,9,NaN,2007
4,9,-1248.227653,2007
4,9,-831.424964,2007
4,10,NaN,2007
4,10,-1282.001331,2007
4,10,-834.621542,2007
4,10,-467.634090,2007
4,10,-106.841275,2007
4,10,-162.988608,2007
4,10,NaN,2008
4,10,-98.390514,2009
4,10,-86.000000,2010
4,10,-138.999958,2011
4,10,-93.410962,2012
4,11,NaN,2007
4,11,-1284.000001,2007
4,11,-718.000000,2007
4,11,-515.999794,2007
4,11,-96.431126,2007
4,11,-163.000542,2007
4,11,NaN,2008
4,11,-132.623519,2009
4,11,-103.146342,2010
4,11,-52.329018,2011
4,12,NaN,2007
4,12,-1206.292038,2007
4,12,-846.049665,2007
4,12,-487.191586,2007
4,12,-96.832657,2007
4,12,-155.671141,2007
4,13,NaN,2007
4,13,-1211.000000,2007
4,13,-831.000004,2007
4,13,-487.000105,2007
4,13,-96.780610,2007
4,13,NaN,2007
4,13,-148.100612,2008
4,13,-11.211603,2009
4,13,-138.173894,2010
4,14,NaN,2007
4,14,-1251.675751,2007
4,14,-833.034597,2007
4,14,-490.000001,2007
4,14,-105.000000,2007
4,14,-126.825567,2007
4,14,-148.000000,2008
4,14,-133.308278,2009
4,14,-140.940992,2010
4,15,NaN,2007
4,15,-1248.309256,2007
4,15,-827.321351,2007
4,15,-473.190478,2007
4,15,-83.630281,2007
4,15,-123.148381,2007
4,15,-145.789007,2008
4,15,-129.039886,2009
4,15,-129.988882,2010
4,15,-118.369108,2011
4,15,-100.923578,2012
4,16,NaN,2007
4,16,-1243.782791,2007
4,16,-824.850241,2007
4,16,-467.845525,2007
4,16,-93.131183,2007
4,16,-41.554976,2007
4,16,-157.057309,2008
4,16,-141.248367,2009
4,16,-85.000000,2010
4,16,-115.905802,2011
4,16,NaN,2012
4,17,NaN,2007
4,17,-1249.618453,2007
4,17,-825.210429,2007
4,17,-483.608868,2007
4,17,-103.913618,2007
4,17,-162.000088,2007
4,17,-149.547356,2008
4,17,-140.281248,2009
4,18,NaN,2007
4,18,NaN,2007
4,18,-831.871095,2007
4,18,-483.756267,2007
4,18,-129.986848,2007
4,18,-164.616816,2007
4,18,-159.591539,2008
4,18,-148.108214,2009
4,18,-186.889200,2010
10,1,-169.000000,2007
10,1,-164.208283,2008
10,1,-133.000001,2009
10,1,-180.005458,2010
10,1,-114.456965,2011
10,1,-139.752810,2012
10,1,-140.948311,2013
10,1,-148.885408,2014
10,1,-197.000000,2015
10,1,NaN,2016
10,1,-97.711314,2017
10,1,-25.862031,2018
10,1,-41.107136,2019
