depth,sid,value,WY
2.500000,19,NaN,2007
2.500000,19,NaN,2008
2.500000,19,733562.000000,2009
2.500000,19,733807.000000,2010
2.500000,19,NaN,2011
2.500000,19,NaN,2012
2.500000,19,NaN,2013
2.500000,19,NaN,2014
2.500000,19,NaN,2015
2.500000,19,NaN,2016
2.500000,19,736368.000000,2017
2.500000,19,NaN,2018
2.500000,19,737152.000000,2019
2.500000,20,NaN,2007
2.500000,20,NaN,2008
2.500000,20,733450.000000,2009
2.500000,20,733916.000000,2010
2.500000,20,734214.000000,2011
2.500000,20,NaN,2012
2.500000,20,734870.000000,2013
2.500000,20,NaN,2014
2.500000,20,NaN,2015
2.500000,20,NaN,2016
2.500000,20,736429.000000,2017
2.500000,20,NaN,2018
2.500000,20,737200.000000,2019
2.500000,23,732810.000000,2007
2.500000,23,733083.000000,2008
2.500000,23,733533.000000,2009
2.500000,23,733872.000000,2010
2.500000,23,NaN,2011
2.500000,23,NaN,2012
2.500000,23,NaN,2013
2.500000,23,NaN,2014
2.500000,23,NaN,2015
2.500000,23,NaN,2016
2.500000,23,NaN,2017
2.500000,23,NaN,2018
2.500000,24,NaN,2007
2.500000,24,NaN,2007
2.500000,24,NaN,2008
2.500000,24,NaN,2009
2.500000,24,734117.000000,2010
2.500000,24,NaN,2011
2.500000,24,NaN,2012
2.500000,24,NaN,2013
2.500000,24,NaN,2014
2.500000,24,NaN,2015
2.500000,24,NaN,2016
2.500000,24,NaN,2017
2.500000,24,737037.000000,2018
2.500000,26,NaN,2007
2.500000,26,733018.000000,2007
2.500000,26,733466.000000,2008
2.500000,26,NaN,2009
2.500000,27,NaN,2007
2.500000,27,NaN,2007
2.500000,27,NaN,2008
2.500000,27,733910.000000,2009
2.500000,27,734153.000000,2010
2.500000,27,NaN,2011
2.500000,27,NaN,2012
2.500000,27,NaN,2013
2.500000,27,735590.000000,2014
2.500000,27,NaN,2015
2.500000,27,736435.000000,2016
2.500000,27,736736.000000,2017
2.500000,27,737169.000000,2018
2.500000,28,NaN,2007
2.500000,28,733061.000000,2007
2.500000,28,NaN,2008
2.500000,28,733837.000000,2009
2.500000,28,NaN,2010
2.500000,28,NaN,2011
2.500000,28,734910.000000,2012
2.500000,28,NaN,2013
2.500000,28,735668.000000,2014
2.500000,28,NaN,2015
2.500000,30,NaN,2007
2.500000,30,NaN,2007
2.500000,30,733548.000000,2008
2.500000,30,733872.000000,2009
2.500000,30,NaN,2010
2.500000,30,734499.000000,2011
2.500000,30,734907.000000,2012
2.500000,30,NaN,2013
2.500000,30,NaN,2014
2.500000,30,NaN,2015
2.500000,30,736417.000000,2016
2.500000,30,NaN,2017
2.500000,30,NaN,2018
2.500000,31,NaN,2007
2.500000,31,733118.000000,2008
2.500000,31,733468.000000,2009
2.500000,32,NaN,2007
2.500000,32,733078.000000,2007
2.500000,32,NaN,2008
2.500000,32,733872.000000,2009
2.500000,32,734267.000000,2010
2.500000,32,NaN,2011
2.500000,32,734910.000000,2012
2.500000,32,NaN,2013
2.500000,32,735608.000000,2014
2.500000,32,NaN,2015
2.500000,32,736405.000000,2016
2.500000,32,736759.000000,2017
2.500000,32,737169.000000,2018
2.500000,34,NaN,2007
2.500000,34,733067.000000,2008
2.500000,34,733510.000000,2009
2.500000,34,NaN,2010
2.500000,34,734247.000000,2011
2.500000,34,NaN,2012
2.500000,34,NaN,2013
2.500000,34,NaN,2014
2.500000,34,NaN,2015
2.500000,34,NaN,2016
2.500000,34,736419.000000,2017
2.500000,34,736738.000000,2018
2.500000,34,737169.000000,2019
2.500000,35,NaN,2007
2.500000,35,733131.000000,2008
2.500000,35,733550.000000,2009
2.500000,35,733827.000000,2010
2.500000,35,734235.000000,2011
2.500000,35,734630.000000,2012
2.500000,35,734900.000000,2013
2.500000,35,735259.000000,2014
2.500000,35,735727.000000,2015
2.500000,35,NaN,2016
2.500000,35,736412.000000,2017
2.500000,35,736745.000000,2018
2.500000,35,737153.000000,2019
2.500000,37,NaN,2007
2.500000,37,733145.000000,2008
2.500000,37,733511.000000,2009
2.500000,37,733872.000000,2010
2.500000,37,734242.000000,2011
2.500000,37,NaN,2012
2.500000,37,NaN,2013
2.500000,37,NaN,2014
2.500000,38,NaN,2007
2.500000,38,733145.000000,2007
2.500000,38,733472.000000,2008
2.500000,38,733873.000000,2009
2.500000,38,NaN,2010
2.500000,38,NaN,2011
2.500000,38,734904.000000,2012
2.500000,38,735348.000000,2013
4.000000,1,NaN,2007
4.000000,1,731200.000000,2007
4.000000,1,731589.000000,2007
4.000000,1,NaN,2007
4.000000,1,NaN,2007
4.000000,1,732773.000000,2007
4.000000,1,733136.000000,2008
4.000000,1,NaN,2009
4.000000,1,733848.000000,2010
4.000000,1,NaN,2011
4.000000,2,NaN,2007
4.000000,2,NaN,2007
4.000000,2,NaN,2007
4.000000,2,732050.000000,2007
4.000000,2,732460.000000,2007
4.000000,2,732815.000000,2007
4.000000,2,733128.000000,2008
4.000000,2,733534.000000,2009
4.000000,2,733815.000000,2010
4.000000,2,NaN,2011
4.000000,3,NaN,2007
4.000000,3,NaN,2007
4.000000,3,NaN,2007
4.000000,3,732071.000000,2007
4.000000,3,732458.000000,2007
4.000000,3,732823.000000,2007
4.000000,3,NaN,2008
4.000000,3,NaN,2009
4.000000,3,NaN,2010
4.000000,3,NaN,2011
4.000000,4,NaN,2007
4.000000,4,NaN,2007
4.000000,4,NaN,2007
4.000000,4,732077.000000,2007
4.000000,4,NaN,2007
4.000000,4,732823.000000,2007
4.000000,4,NaN,2008
4.000000,4,733458.000000,2009
4.000000,4,733819.000000,2010
4.000000,5,NaN,2007
4.000000,5,NaN,2007
4.000000,5,NaN,2007
4.000000,5,NaN,2007
4.000000,5,NaN,2007
4.000000,5,732718.000000,2007
4.000000,5,733145.000000,2008
4.000000,5,733516.000000,2009
4.000000,5,733873.000000,2010
4.000000,6,NaN,2007
4.000000,6,NaN,2007
4.000000,6,731601.000000,2007
4.000000,6,NaN,2007
4.000000,6,732373.000000,2007
4.000000,6,732736.000000,2007
4.000000,6,733120.000000,2008
4.000000,6,733510.000000,2009
4.000000,6,NaN,2010
4.000000,7,NaN,2007
4.000000,7,NaN,2007
4.000000,7,NaN,2007
4.000000,7,732011.000000,2007
4.000000,7,732384.000000,2007
4.000000,7,732816.000000,2007
4.000000,7,733164.000000,2008
4.000000,7,733549.000000,2009
4.000000,7,733886.000000,2010
4.000000,7,NaN,2011
4.000000,8,NaN,2007
4.000000,8,731336.000000,2007
4.000000,8,731672.000000,2007
4.000000,8,732049.000000,2007
4.000000,8,NaN,2007
4.000000,8,NaN,2007
4.000000,8,733122.000000,2008
4.000000,8,733489.000000,2009
4.000000,8,733814.000000,2010
4.000000,9,NaN,2007
4.000000,9,731337.000000,2007
4.000000,9,731683.000000,2007
4.000000,10,NaN,2007
4.000000,10,731276.000000,2007
4.000000,10,731667.000000,2007
4.000000,10,732052.000000,2007
4.000000,10,NaN,2007
4.000000,10,732662.000000,2007
4.000000,10,NaN,2008
4.000000,10,733393.000000,2009
4.000000,10,733835.000000,2010
4.000000,10,734184.000000,2011
4.000000,10,734532.000000,2012
4.000000,11,NaN,2007
4.000000,11,731337.000000,2007
4.000000,11,731705.000000,2007
4.000000,11,732066.000000,2007
4.000000,11,NaN,2007
4.000000,11,732721.000000,2007
4.000000,11,NaN,2008
4.000000,11,NaN,2009
4.000000,11,NaN,2010
4.000000,11,734181.000000,2011
4.000000,12,NaN,2007
4.000000,12,731286.000000,2007
4.000000,12,NaN,2007
4.000000,12,732060.000000,2007
4.000000,12,732456.000000,2007
4.000000,12,NaN,2007
4.000000,13,NaN,2007
4.000000,13,731281.000000,2007
4.000000,13,731620.000000,2007
4.000000,13,732017.000000,2007
4.000000,13,732356.000000,2007
4.000000,13,NaN,2007
4.000000,13,733058.000000,2008
4.000000,13,733499.000000,2009
4.000000,13,NaN,2010
4.000000,14,NaN,2007
4.000000,14,NaN,2007
4.000000,14,NaN,2007
4.000000,14,732033.000000,2007
4.000000,14,NaN,2007
4.000000,14,NaN,2007
4.000000,14,733059.000000,2008
4.000000,14,733537.000000,2009
4.000000,14,NaN,2010
4.000000,15,NaN,2007
4.000000,15,731236.000000,2007
4.000000,15,NaN,2007
4.000000,15,732034.000000,2007
4.000000,15,NaN,2007
4.000000,15,732721.000000,2007
4.000000,15,733129.000000,2008
4.000000,15,NaN,2009
4.000000,15,733813.000000,2010
4.000000,15,NaN,2011
4.000000,15,NaN,2012
4.000000,16,NaN,2007
4.000000,16,731248.000000,2007
4.000000,16,NaN,2007
4.000000,16,732007.000000,2007
4.000000,16,732441.000000,2007
4.000000,16,732721.000000,2007
4.000000,16,733104.000000,2008
4.000000,16,733457.000000,2009
4.000000,16,733900.000000,2010
4.000000,16,734143.000000,2011
4.000000,16,NaN,2012
4.000000,17,NaN,2007
4.000000,17,731223.000000,2007
4.000000,17,NaN,2007
4.000000,17,732008.000000,2007
4.000000,17,732445.000000,2007
4.000000,17,732719.000000,2007
4.000000,17,733125.000000,2008
4.000000,17,733531.000000,2009
4.000000,18,NaN,2007
4.000000,18,NaN,2007
4.000000,18,NaN,2007
4.000000,18,732077.000000,2007
4.000000,18,NaN,2007
4.000000,18,732820.000000,2007
4.000000,18,733068.000000,2008
4.000000,18,733563.000000,2009
4.000000,18,733873.000000,2010
10.000000,1,NaN,2007
10.000000,1,NaN,2008
10.000000,1,NaN,2009
10.000000,1,733820.000000,2010
10.000000,1,734183.000000,2011
10.000000,1,NaN,2012
10.000000,1,734911.000000,2013
10.000000,1,NaN,2014
10.000000,1,735592.000000,2015
10.000000,1,NaN,2016
10.000000,1,736402.000000,2017
10.000000,1,736736.000000,2018
10.000000,1,737169.000000,2019
