depth,sid,value,WY
2.500000,19,732963.000000,2007
2.500000,19,733322.000000,2008
2.500000,19,NaN,2009
2.500000,19,734095.000000,2010
2.500000,19,NaN,2011
2.500000,19,734845.000000,2012
2.500000,19,735194.000000,2013
2.500000,19,NaN,2014
2.500000,19,NaN,2015
2.500000,19,NaN,2016
2.500000,19,736667.000000,2017
2.500000,19,737110.000000,2018
2.500000,19,737505.000000,2019
2.500000,20,732966.000000,2007
2.500000,20,733324.000000,2008
2.500000,20,NaN,2009
2.500000,20,734104.000000,2010
2.500000,20,734490.000000,2011
2.500000,20,734862.000000,2012
2.500000,20,735227.000000,2013
2.500000,20,NaN,2014
2.500000,20,NaN,2015
2.500000,20,736305.000000,2016
2.500000,20,736702.000000,2017
2.500000,20,737102.000000,2018
2.500000,20,737481.000000,2019
2.500000,23,732963.000000,2007
2.500000,23,733322.000000,2008
2.500000,23,NaN,2009
2.500000,23,NaN,2010
2.500000,23,NaN,2011
2.500000,23,NaN,2012
2.500000,23,NaN,2013
2.500000,23,735377.000000,2014
2.500000,23,NaN,2015
2.500000,23,NaN,2016
2.500000,23,NaN,2017
2.500000,23,NaN,2018
2.500000,24,732961.000000,2007
2.500000,24,NaN,2007
2.500000,24,733737.000000,2008
2.500000,24,734125.000000,2009
2.500000,24,NaN,2010
2.500000,24,NaN,2011
2.500000,24,NaN,2012
2.500000,24,NaN,2013
2.500000,24,NaN,2014
2.500000,24,NaN,2015
2.500000,24,NaN,2016
2.500000,24,NaN,2017
2.500000,24,NaN,2018
2.500000,26,732958.000000,2007
2.500000,26,733326.000000,2007
2.500000,26,733697.000000,2008
2.500000,26,734184.000000,2009
2.500000,27,732954.000000,2007
2.500000,27,733303.000000,2007
2.500000,27,733700.000000,2008
2.500000,27,734091.000000,2009
2.500000,27,NaN,2010
2.500000,27,NaN,2011
2.500000,27,NaN,2012
2.500000,27,NaN,2013
2.500000,27,735889.000000,2014
2.500000,27,NaN,2015
2.500000,27,736649.000000,2016
2.500000,27,NaN,2017
2.500000,27,NaN,2018
2.500000,28,NaN,2007
2.500000,28,733294.000000,2007
2.500000,28,733776.000000,2008
2.500000,28,734097.000000,2009
2.500000,28,NaN,2010
2.500000,28,734815.000000,2011
2.500000,28,735230.000000,2012
2.500000,28,735524.000000,2013
2.500000,28,735889.000000,2014
2.500000,28,NaN,2015
2.500000,30,NaN,2007
2.500000,30,NaN,2007
2.500000,30,733698.000000,2008
2.500000,30,734026.000000,2009
2.500000,30,NaN,2010
2.500000,30,734819.000000,2011
2.500000,30,NaN,2012
2.500000,30,NaN,2013
2.500000,30,735885.000000,2014
2.500000,30,NaN,2015
2.500000,30,736644.000000,2016
2.500000,30,736947.000000,2017
2.500000,30,737323.000000,2018
2.500000,31,732935.000000,2007
2.500000,31,733303.000000,2007
2.500000,31,733696.000000,2008
2.500000,32,732913.000000,2007
2.500000,32,733308.000000,2007
2.500000,32,NaN,2008
2.500000,32,734139.000000,2009
2.500000,32,NaN,2010
2.500000,32,734797.000000,2011
2.500000,32,NaN,2012
2.500000,32,NaN,2013
2.500000,32,735895.000000,2014
2.500000,32,NaN,2015
2.500000,32,736652.000000,2016
2.500000,32,NaN,2017
2.500000,32,NaN,2018
2.500000,34,732924.000000,2007
2.500000,34,733380.000000,2008
2.500000,34,NaN,2009
2.500000,34,734114.000000,2010
2.500000,34,NaN,2011
2.500000,34,734813.000000,2012
2.500000,34,735223.000000,2013
2.500000,34,NaN,2014
2.500000,34,735894.000000,2015
2.500000,34,NaN,2016
2.500000,34,736653.000000,2017
2.500000,34,NaN,2018
2.500000,34,NaN,2019
2.500000,35,NaN,2007
2.500000,35,733307.000000,2008
2.500000,35,733695.000000,2009
2.500000,35,734069.000000,2010
2.500000,35,NaN,2011
2.500000,35,734816.000000,2012
2.500000,35,735212.000000,2013
2.500000,35,735558.000000,2014
2.500000,35,735901.000000,2015
2.500000,35,NaN,2016
2.500000,35,736652.000000,2017
2.500000,35,736952.000000,2018
2.500000,35,NaN,2019
2.500000,37,NaN,2007
2.500000,37,733311.000000,2007
2.500000,37,NaN,2008
2.500000,37,734151.000000,2009
2.500000,37,NaN,2010
2.500000,37,NaN,2011
2.500000,37,735207.000000,2012
2.500000,37,735561.000000,2013
2.500000,38,NaN,2007
2.500000,38,733306.000000,2007
2.500000,38,733695.000000,2008
2.500000,38,NaN,2009
2.500000,38,NaN,2010
2.500000,38,734838.000000,2011
2.500000,38,735218.000000,2012
2.500000,38,735562.000000,2013
4.000000,1,NaN,2007
4.000000,1,731551.000000,2007
4.000000,1,732053.000000,2007
4.000000,1,732360.000000,2007
4.000000,1,NaN,2007
4.000000,1,733017.000000,2007
4.000000,1,733326.000000,2008
4.000000,1,NaN,2009
4.000000,1,NaN,2010
4.000000,1,734495.000000,2011
4.000000,2,NaN,2007
4.000000,2,NaN,2007
4.000000,2,732028.000000,2007
4.000000,2,NaN,2007
4.000000,2,NaN,2007
4.000000,2,732991.000000,2007
4.000000,2,NaN,2008
4.000000,2,733777.000000,2009
4.000000,2,NaN,2010
4.000000,2,734501.000000,2011
4.000000,3,NaN,2007
4.000000,3,NaN,2007
4.000000,3,731893.000000,2007
4.000000,3,NaN,2007
4.000000,3,732672.000000,2007
4.000000,3,732968.000000,2007
4.000000,3,NaN,2008
4.000000,3,733775.000000,2009
4.000000,3,NaN,2010
4.000000,3,734499.000000,2011
4.000000,4,731185.000000,2007
4.000000,4,731504.000000,2007
4.000000,4,731893.000000,2007
4.000000,4,NaN,2007
4.000000,4,732685.000000,2007
4.000000,4,732967.000000,2007
4.000000,4,NaN,2008
4.000000,4,733691.000000,2009
4.000000,4,734021.000000,2010
4.000000,5,NaN,2007
4.000000,5,731498.000000,2007
4.000000,5,NaN,2007
4.000000,5,NaN,2007
4.000000,5,732641.000000,2007
4.000000,5,732971.000000,2007
4.000000,5,733286.000000,2008
4.000000,5,733692.000000,2009
4.000000,5,734116.000000,2010
4.000000,6,731185.000000,2007
4.000000,6,NaN,2007
4.000000,6,NaN,2007
4.000000,6,732231.000000,2007
4.000000,6,732708.000000,2007
4.000000,6,732961.000000,2007
4.000000,6,733297.000000,2008
4.000000,6,733781.000000,2009
4.000000,6,734094.000000,2010
4.000000,7,731182.000000,2007
4.000000,7,NaN,2007
4.000000,7,NaN,2007
4.000000,7,732387.000000,2007
4.000000,7,732704.000000,2007
4.000000,7,732957.000000,2007
4.000000,7,NaN,2008
4.000000,7,NaN,2009
4.000000,7,NaN,2010
4.000000,7,734495.000000,2011
4.000000,8,NaN,2007
4.000000,8,NaN,2007
4.000000,8,731975.000000,2007
4.000000,8,732367.000000,2007
4.000000,8,732689.000000,2007
4.000000,8,732964.000000,2007
4.000000,8,733313.000000,2008
4.000000,8,NaN,2009
4.000000,8,NaN,2010
4.000000,9,NaN,2007
4.000000,9,731506.000000,2007
4.000000,9,731984.000000,2007
4.000000,10,NaN,2007
4.000000,10,731513.000000,2007
4.000000,10,731974.000000,2007
4.000000,10,732381.000000,2007
4.000000,10,NaN,2007
4.000000,10,732954.000000,2007
4.000000,10,NaN,2008
4.000000,10,733781.000000,2009
4.000000,10,NaN,2010
4.000000,10,NaN,2011
4.000000,10,NaN,2012
4.000000,11,NaN,2007
4.000000,11,731506.000000,2007
4.000000,11,731976.000000,2007
4.000000,11,732366.000000,2007
4.000000,11,732716.000000,2007
4.000000,11,732965.000000,2007
4.000000,11,733299.000000,2008
4.000000,11,NaN,2009
4.000000,11,NaN,2010
4.000000,11,NaN,2011
4.000000,12,NaN,2007
4.000000,12,731508.000000,2007
4.000000,12,731975.000000,2007
4.000000,12,732367.000000,2007
4.000000,12,732689.000000,2007
4.000000,12,732964.000000,2007
4.000000,13,NaN,2007
4.000000,13,NaN,2007
4.000000,13,731939.000000,2007
4.000000,13,732407.000000,2007
4.000000,13,732697.000000,2007
4.000000,13,732963.000000,2007
4.000000,13,733324.000000,2008
4.000000,13,NaN,2009
4.000000,13,734109.000000,2010
4.000000,14,NaN,2007
4.000000,14,NaN,2007
4.000000,14,731938.000000,2007
4.000000,14,NaN,2007
4.000000,14,732698.000000,2007
4.000000,14,732960.000000,2007
4.000000,14,733324.000000,2008
4.000000,14,NaN,2009
4.000000,14,NaN,2010
4.000000,15,NaN,2007
4.000000,15,NaN,2007
4.000000,15,731910.000000,2007
4.000000,15,NaN,2007
4.000000,15,732689.000000,2007
4.000000,15,732965.000000,2007
4.000000,15,733316.000000,2008
4.000000,15,NaN,2009
4.000000,15,NaN,2010
4.000000,15,NaN,2011
4.000000,15,734875.000000,2012
4.000000,16,NaN,2007
4.000000,16,NaN,2007
4.000000,16,731972.000000,2007
4.000000,16,NaN,2007
4.000000,16,732692.000000,2007
4.000000,16,732954.000000,2007
4.000000,16,733324.000000,2008
4.000000,16,733697.000000,2009
4.000000,16,734106.000000,2010
4.000000,16,734582.000000,2011
4.000000,16,734877.000000,2012
4.000000,17,NaN,2007
4.000000,17,NaN,2007
4.000000,17,731938.000000,2007
4.000000,17,732407.000000,2007
4.000000,17,732694.000000,2007
4.000000,17,732963.000000,2007
4.000000,17,733324.000000,2008
4.000000,17,NaN,2009
4.000000,18,731173.000000,2007
4.000000,18,731499.000000,2007
4.000000,18,731866.000000,2007
4.000000,18,732230.000000,2007
4.000000,18,732705.000000,2007
4.000000,18,732952.000000,2007
4.000000,18,NaN,2008
4.000000,18,733698.000000,2009
4.000000,18,734024.000000,2010
10.000000,1,732963.000000,2007
10.000000,1,733321.000000,2008
10.000000,1,733695.000000,2009
10.000000,1,734117.000000,2010
10.000000,1,734532.000000,2011
10.000000,1,734826.000000,2012
10.000000,1,735217.000000,2013
10.000000,1,735539.000000,2014
10.000000,1,735891.000000,2015
10.000000,1,NaN,2016
10.000000,1,736661.000000,2017
10.000000,1,737113.000000,2018
10.000000,1,NaN,2019
