3 19 NaT 2007 
3 19 25-Nov-2006 2008 
3 19 04-May-2008 2009 
3 19 14-Feb-2009 2010 
3 19 NaT 2011 
3 19 NaT 2012 
3 19 NaT 2013 
3 19 NaT 2014 
3 19 NaT 2015 
3 19 NaT 2016 
3 19 22-Mar-2016 2017 
3 19 16-Feb-2017 2018 
3 19 12-May-2018 2019 
3 20 NaT 2007 
3 20 27-Jan-2007 2008 
3 20 09-Apr-2008 2009 
3 20 17-Feb-2009 2010 
3 20 03-May-2010 2011 
3 20 NaT 2012 
3 20 08-Feb-2012 2013 
3 20 26-Dec-2012 2014 
3 20 NaT 2015 
3 20 NaT 2016 
3 20 05-Apr-2016 2017 
3 20 16-Feb-2017 2018 
3 20 23-Apr-2018 2019 
3 23 27-Jun-2006 2007 
3 23 28-Jan-2007 2008 
3 23 01-May-2008 2009 
3 23 03-Apr-2009 2010 
3 23 NaT 2011 
3 23 NaT 2012 
3 23 NaT 2013 
3 23 NaT 2014 
3 23 NaT 2015 
3 23 NaT 2016 
3 23 NaT 2017 
3 23 NaT 2018 
3 24 NaT 2007 
3 24 24-Jan-2007 2007 
3 24 NaT 2008 
3 24 20-Mar-2009 2009 
3 24 16-Jan-2010 2010 
3 24 16-Feb-2011 2011 
3 24 NaT 2012 
3 24 NaT 2013 
3 24 NaT 2014 
3 24 NaT 2015 
3 24 NaT 2016 
3 24 NaT 2017 
3 24 11-Apr-2018 2018 
3 26 NaT 2007 
3 26 06-Dec-2006 2007 
3 26 30-Mar-2008 2008 
3 26 NaT 2009 
3 27 NaT 2007 
3 27 NaT 2007 
3 27 NaT 2008 
3 27 10-May-2009 2009 
3 27 NaT 2010 
3 27 NaT 2011 
3 27 NaT 2012 
3 27 NaT 2013 
3 27 22-Jan-2014 2014 
3 27 NaT 2015 
3 27 11-Apr-2016 2016 
3 27 03-Apr-2017 2017 
3 27 NaT 2018 
3 28 NaT 2007 
3 28 19-Jan-2007 2007 
3 28 NaT 2008 
3 28 19-Mar-2009 2009 
3 28 NaT 2010 
3 28 NaT 2011 
3 28 03-Feb-2012 2012 
3 28 03-Mar-2013 2013 
3 28 01-Mar-2014 2014 
3 28 NaT 2015 
3 30 NaT 2007 
3 30 NaT 2007 
3 30 15-May-2008 2008 
3 30 31-Mar-2009 2009 
3 30 NaT 2010 
3 30 NaT 2011 
3 30 03-Feb-2012 2012 
3 30 NaT 2013 
3 30 NaT 2014 
3 30 NaT 2015 
3 30 01-Apr-2016 2016 
3 30 NaT 2017 
3 30 NaT 2018 
3 31 NaT 2007 
3 31 23-Mar-2007 2008 
3 31 07-Apr-2008 2009 
3 32 NaT 2007 
3 32 31-Jan-2007 2007 
3 32 29-Mar-2008 2008 
3 32 31-Mar-2009 2009 
3 32 07-Apr-2010 2010 
3 32 NaT 2011 
3 32 NaT 2012 
3 32 NaT 2013 
3 32 28-Jan-2014 2014 
3 32 NaT 2015 
3 32 01-Apr-2016 2016 
3 32 25-Feb-2017 2017 
3 32 11-Apr-2018 2018 
3 34 NaT 2007 
3 34 20-Jan-2007 2008 
3 34 01-Apr-2008 2009 
3 34 NaT 2010 
3 34 11-Feb-2010 2011 
3 34 15-Apr-2011 2012 
3 34 10-Feb-2012 2013 
3 34 NaT 2014 
3 34 NaT 2015 
3 34 NaT 2016 
3 34 29-Mar-2016 2017 
3 34 17-Feb-2017 2018 
3 34 22-May-2018 2019 
3 35 NaT 2007 
3 35 03-Apr-2007 2008 
3 35 05-Apr-2008 2009 
3 35 05-Apr-2009 2010 
3 35 04-Apr-2010 2011 
3 35 04-May-2011 2012 
3 35 31-Jan-2012 2013 
3 35 04-Feb-2013 2014 
3 35 05-Mar-2014 2015 
3 35 NaT 2016 
3 35 27-Mar-2016 2017 
3 35 25-Apr-2017 2018 
3 35 22-May-2018 2019 
3 37 NaT 2007 
3 37 02-Apr-2007 2008 
3 37 04-Apr-2008 2009 
3 37 24-Mar-2009 2010 
3 37 12-Apr-2010 2011 
3 37 NaT 2012 
3 37 NaT 2013 
3 37 18-Jan-2013 2014 
3 38 NaT 2007 
3 38 27-Feb-2007 2007 
3 38 25-Mar-2008 2008 
3 38 05-Apr-2009 2009 
3 38 15-Apr-2010 2010 
3 38 NaT 2011 
3 38 30-Jan-2012 2012 
3 38 20-Apr-2013 2013 
4 1 NaT 2007 
4 1 15-Dec-2001 2007 
4 1 09-Jan-2003 2007 
4 1 NaT 2007 
4 1 NaT 2007 
4 1 02-Apr-2006 2007 
4 1 28-Feb-2007 2008 
4 1 10-May-2008 2009 
4 1 16-Mar-2009 2010 
4 1 NaT 2011 
4 2 NaT 2007 
4 2 17-Jan-2002 2007 
4 2 26-Apr-2003 2007 
4 2 13-Jul-2004 2007 
4 2 21-May-2005 2007 
4 2 12-May-2006 2007 
4 2 16-Jan-2007 2008 
4 2 06-May-2008 2009 
4 2 12-Mar-2009 2010 
4 2 31-Dec-2009 2011 
4 3 NaT 2007 
4 3 17-Jan-2002 2007 
4 3 15-May-2003 2007 
4 3 05-May-2004 2007 
4 3 25-May-2005 2007 
4 3 17-May-2006 2007 
4 3 NaT 2008 
4 3 NaT 2009 
4 3 NaT 2010 
4 3 12-Feb-2010 2011 
4 4 NaT 2007 
4 4 NaT 2007 
4 4 28-May-2003 2007 
4 4 29-Apr-2004 2007 
4 4 06-May-2005 2007 
4 4 15-May-2006 2007 
4 4 NaT 2008 
4 4 08-Apr-2008 2009 
4 4 04-Apr-2009 2010 
4 5 NaT 2007 
4 5 NaT 2007 
4 5 01-Feb-2003 2007 
4 5 NaT 2007 
4 5 19-May-2005 2007 
4 5 09-Apr-2006 2007 
4 5 09-Apr-2007 2008 
4 5 18-Apr-2008 2009 
4 5 07-Apr-2009 2010 
4 6 NaT 2007 
4 6 NaT 2007 
4 6 25-Mar-2003 2007 
4 6 11-May-2004 2007 
4 6 19-May-2005 2007 
4 6 25-May-2006 2007 
4 6 26-Mar-2007 2008 
4 6 NaT 2009 
4 6 NaT 2010 
4 7 NaT 2007 
4 7 NaT 2007 
4 7 13-Jun-2003 2007 
4 7 09-Mar-2004 2007 
4 7 18-May-2005 2007 
4 7 20-May-2006 2007 
4 7 13-Apr-2007 2008 
4 7 02-Apr-2008 2009 
4 7 10-Apr-2009 2010 
4 7 18-Jan-2010 2011 
4 8 NaT 2007 
4 8 21-Apr-2002 2007 
4 8 28-Apr-2003 2007 
4 8 09-Apr-2004 2007 
4 8 09-May-2005 2007 
4 8 14-Mar-2006 2007 
4 8 27-Mar-2007 2008 
4 8 23-Feb-2008 2009 
4 8 10-Mar-2009 2010 
4 9 NaT 2007 
4 9 25-Apr-2002 2007 
4 9 30-Jan-2003 2007 
4 10 NaT 2007 
4 10 15-Dec-2001 2007 
4 10 11-Apr-2003 2007 
4 10 08-Apr-2004 2007 
4 10 05-May-2005 2007 
4 10 21-Mar-2006 2007 
4 10 NaT 2008 
4 10 18-Dec-2007 2009 
4 10 08-May-2009 2010 
4 10 06-Jan-2010 2011 
4 10 28-Jan-2011 2012 
4 11 NaT 2007 
4 11 24-Apr-2002 2007 
4 11 24-Apr-2003 2007 
4 11 28-Apr-2004 2007 
4 11 17-May-2005 2007 
4 11 20-Mar-2006 2007 
4 11 NaT 2008 
4 11 NaT 2009 
4 11 24-Feb-2009 2010 
4 11 07-Apr-2010 2011 
4 12 NaT 2007 
4 12 22-Dec-2001 2007 
4 12 13-Apr-2003 2007 
4 12 27-Apr-2004 2007 
4 12 23-May-2005 2007 
4 12 NaT 2007 
4 13 NaT 2007 
4 13 23-Apr-2002 2007 
4 13 26-Mar-2003 2007 
4 13 12-Mar-2004 2007 
4 13 12-Feb-2005 2007 
4 13 NaT 2007 
4 13 30-Jan-2007 2008 
4 13 13-Apr-2008 2009 
4 13 27-Feb-2009 2010 
4 14 NaT 2007 
4 14 11-Jan-2002 2007 
4 14 18-Apr-2003 2007 
4 14 07-Apr-2004 2007 
4 14 03-May-2005 2007 
4 14 09-Feb-2006 2007 
4 14 30-Jan-2007 2008 
4 14 12-Apr-2008 2009 
4 14 01-Feb-2009 2010 
4 15 NaT 2007 
4 15 12-Jan-2002 2007 
4 15 23-Apr-2003 2007 
4 15 19-Apr-2004 2007 
4 15 01-May-2005 2007 
4 15 12-Feb-2006 2007 
4 15 30-Mar-2007 2008 
4 15 15-May-2008 2009 
4 15 10-Feb-2009 2010 
4 15 06-May-2010 2011 
4 15 NaT 2012 
4 16 NaT 2007 
4 16 20-Dec-2001 2007 
4 16 22-Apr-2003 2007 
4 16 01-Apr-2004 2007 
4 16 14-May-2005 2007 
4 16 13-Feb-2006 2007 
4 16 24-Feb-2007 2008 
4 16 18-Feb-2008 2009 
4 16 15-May-2009 2010 
4 16 01-May-2010 2011 
4 16 NaT 2012 
4 17 NaT 2007 
4 17 29-Apr-2002 2007 
4 17 12-Apr-2003 2007 
4 17 20-Mar-2004 2007 
4 17 10-May-2005 2007 
4 17 10-Feb-2006 2007 
4 17 27-Feb-2007 2008 
4 17 09-Apr-2008 2009 
4 18 NaT 2007 
4 18 NaT 2007 
4 18 30-Jan-2003 2007 
4 18 02-May-2004 2007 
4 18 10-May-2005 2007 
4 18 22-May-2006 2007 
4 18 09-Apr-2007 2008 
4 18 28-May-2008 2009 
4 18 12-Mar-2009 2010 
10 1 NaT 2007 
10 1 21-Jan-2007 2008 
10 1 24-Mar-2008 2009 
10 1 10-Mar-2009 2010 
10 1 09-Jan-2010 2011 
10 1 NaT 2012 
10 1 04-Feb-2012 2013 
10 1 04-Jan-2013 2014 
10 1 05-Mar-2014 2015 
10 1 NaT 2016 
10 1 04-Apr-2016 2017 
10 1 02-Apr-2017 2018 
10 1 11-May-2018 2019 
3 19 NaT 2007 
3 19 25-Nov-2006 2008 
3 19 04-May-2008 2009 
3 19 14-Feb-2009 2010 
3 19 NaT 2011 
3 19 NaT 2012 
3 19 NaT 2013 
3 19 NaT 2014 
3 19 NaT 2015 
3 19 NaT 2016 
3 19 22-Mar-2016 2017 
3 19 16-Feb-2017 2018 
3 19 12-May-2018 2019 
3 20 NaT 2007 
3 20 27-Jan-2007 2008 
3 20 09-Apr-2008 2009 
3 20 17-Feb-2009 2010 
3 20 03-May-2010 2011 
3 20 NaT 2012 
3 20 08-Feb-2012 2013 
3 20 26-Dec-2012 2014 
3 20 NaT 2015 
3 20 NaT 2016 
3 20 05-Apr-2016 2017 
3 20 16-Feb-2017 2018 
3 20 23-Apr-2018 2019 
3 23 27-Jun-2006 2007 
3 23 28-Jan-2007 2008 
3 23 01-May-2008 2009 
3 23 03-Apr-2009 2010 
3 23 NaT 2011 
3 23 NaT 2012 
3 23 NaT 2013 
3 23 NaT 2014 
3 23 NaT 2015 
3 23 NaT 2016 
3 23 NaT 2017 
3 23 NaT 2018 
3 24 NaT 2007 
3 24 24-Jan-2007 2007 
3 24 NaT 2008 
3 24 20-Mar-2009 2009 
3 24 16-Jan-2010 2010 
3 24 16-Feb-2011 2011 
3 24 NaT 2012 
3 24 NaT 2013 
3 24 NaT 2014 
3 24 NaT 2015 
3 24 NaT 2016 
3 24 NaT 2017 
3 24 11-Apr-2018 2018 
3 26 NaT 2007 
3 26 06-Dec-2006 2007 
3 26 30-Mar-2008 2008 
3 26 NaT 2009 
3 27 NaT 2007 
3 27 NaT 2007 
3 27 NaT 2008 
3 27 10-May-2009 2009 
3 27 NaT 2010 
3 27 NaT 2011 
3 27 NaT 2012 
3 27 NaT 2013 
3 27 22-Jan-2014 2014 
3 27 NaT 2015 
3 27 11-Apr-2016 2016 
3 27 03-Apr-2017 2017 
3 27 NaT 2018 
3 28 NaT 2007 
3 28 19-Jan-2007 2007 
3 28 NaT 2008 
3 28 19-Mar-2009 2009 
3 28 NaT 2010 
3 28 NaT 2011 
3 28 03-Feb-2012 2012 
3 28 03-Mar-2013 2013 
3 28 01-Mar-2014 2014 
3 28 NaT 2015 
3 30 NaT 2007 
3 30 NaT 2007 
3 30 15-May-2008 2008 
3 30 31-Mar-2009 2009 
3 30 NaT 2010 
3 30 NaT 2011 
3 30 03-Feb-2012 2012 
3 30 NaT 2013 
3 30 NaT 2014 
3 30 NaT 2015 
3 30 01-Apr-2016 2016 
3 30 NaT 2017 
3 30 NaT 2018 
3 31 NaT 2007 
3 31 23-Mar-2007 2008 
3 31 07-Apr-2008 2009 
3 32 NaT 2007 
3 32 31-Jan-2007 2007 
3 32 29-Mar-2008 2008 
3 32 31-Mar-2009 2009 
3 32 07-Apr-2010 2010 
3 32 NaT 2011 
3 32 NaT 2012 
3 32 NaT 2013 
3 32 28-Jan-2014 2014 
3 32 NaT 2015 
3 32 01-Apr-2016 2016 
3 32 25-Feb-2017 2017 
3 32 11-Apr-2018 2018 
3 34 NaT 2007 
3 34 20-Jan-2007 2008 
3 34 01-Apr-2008 2009 
3 34 NaT 2010 
3 34 11-Feb-2010 2011 
3 34 15-Apr-2011 2012 
3 34 10-Feb-2012 2013 
3 34 NaT 2014 
3 34 NaT 2015 
3 34 NaT 2016 
3 34 29-Mar-2016 2017 
3 34 17-Feb-2017 2018 
3 34 22-May-2018 2019 
3 35 NaT 2007 
3 35 03-Apr-2007 2008 
3 35 05-Apr-2008 2009 
3 35 05-Apr-2009 2010 
3 35 04-Apr-2010 2011 
3 35 04-May-2011 2012 
3 35 31-Jan-2012 2013 
3 35 04-Feb-2013 2014 
3 35 05-Mar-2014 2015 
3 35 NaT 2016 
3 35 27-Mar-2016 2017 
3 35 25-Apr-2017 2018 
3 35 22-May-2018 2019 
3 37 NaT 2007 
3 37 02-Apr-2007 2008 
3 37 04-Apr-2008 2009 
3 37 24-Mar-2009 2010 
3 37 12-Apr-2010 2011 
3 37 NaT 2012 
3 37 NaT 2013 
3 37 18-Jan-2013 2014 
3 38 NaT 2007 
3 38 27-Feb-2007 2007 
3 38 25-Mar-2008 2008 
3 38 05-Apr-2009 2009 
3 38 15-Apr-2010 2010 
3 38 NaT 2011 
3 38 30-Jan-2012 2012 
3 38 20-Apr-2013 2013 
4 1 NaT 2007 
4 1 15-Dec-2001 2007 
4 1 09-Jan-2003 2007 
4 1 NaT 2007 
4 1 NaT 2007 
4 1 02-Apr-2006 2007 
4 1 28-Feb-2007 2008 
4 1 10-May-2008 2009 
4 1 16-Mar-2009 2010 
4 1 NaT 2011 
4 2 NaT 2007 
4 2 17-Jan-2002 2007 
4 2 26-Apr-2003 2007 
4 2 13-Jul-2004 2007 
4 2 21-May-2005 2007 
4 2 12-May-2006 2007 
4 2 16-Jan-2007 2008 
4 2 06-May-2008 2009 
4 2 12-Mar-2009 2010 
4 2 31-Dec-2009 2011 
4 3 NaT 2007 
4 3 17-Jan-2002 2007 
4 3 15-May-2003 2007 
4 3 05-May-2004 2007 
4 3 25-May-2005 2007 
4 3 17-May-2006 2007 
4 3 NaT 2008 
4 3 NaT 2009 
4 3 NaT 2010 
4 3 12-Feb-2010 2011 
4 4 NaT 2007 
4 4 NaT 2007 
4 4 28-May-2003 2007 
4 4 29-Apr-2004 2007 
4 4 06-May-2005 2007 
4 4 15-May-2006 2007 
4 4 NaT 2008 
4 4 08-Apr-2008 2009 
4 4 04-Apr-2009 2010 
4 5 NaT 2007 
4 5 NaT 2007 
4 5 01-Feb-2003 2007 
4 5 NaT 2007 
4 5 19-May-2005 2007 
4 5 09-Apr-2006 2007 
4 5 09-Apr-2007 2008 
4 5 18-Apr-2008 2009 
4 5 07-Apr-2009 2010 
4 6 NaT 2007 
4 6 NaT 2007 
4 6 25-Mar-2003 2007 
4 6 11-May-2004 2007 
4 6 19-May-2005 2007 
4 6 25-May-2006 2007 
4 6 26-Mar-2007 2008 
4 6 NaT 2009 
4 6 NaT 2010 
4 7 NaT 2007 
4 7 NaT 2007 
4 7 13-Jun-2003 2007 
4 7 09-Mar-2004 2007 
4 7 18-May-2005 2007 
4 7 20-May-2006 2007 
4 7 13-Apr-2007 2008 
4 7 02-Apr-2008 2009 
4 7 10-Apr-2009 2010 
4 7 18-Jan-2010 2011 
4 8 NaT 2007 
4 8 21-Apr-2002 2007 
4 8 28-Apr-2003 2007 
4 8 09-Apr-2004 2007 
4 8 09-May-2005 2007 
4 8 14-Mar-2006 2007 
4 8 27-Mar-2007 2008 
4 8 23-Feb-2008 2009 
4 8 10-Mar-2009 2010 
4 9 NaT 2007 
4 9 25-Apr-2002 2007 
4 9 30-Jan-2003 2007 
4 10 NaT 2007 
4 10 15-Dec-2001 2007 
4 10 11-Apr-2003 2007 
4 10 08-Apr-2004 2007 
4 10 05-May-2005 2007 
4 10 21-Mar-2006 2007 
4 10 NaT 2008 
4 10 18-Dec-2007 2009 
4 10 08-May-2009 2010 
4 10 06-Jan-2010 2011 
4 10 28-Jan-2011 2012 
4 11 NaT 2007 
4 11 24-Apr-2002 2007 
4 11 24-Apr-2003 2007 
4 11 28-Apr-2004 2007 
4 11 17-May-2005 2007 
4 11 20-Mar-2006 2007 
4 11 NaT 2008 
4 11 NaT 2009 
4 11 24-Feb-2009 2010 
4 11 07-Apr-2010 2011 
4 12 NaT 2007 
4 12 22-Dec-2001 2007 
4 12 13-Apr-2003 2007 
4 12 27-Apr-2004 2007 
4 12 23-May-2005 2007 
4 12 NaT 2007 
4 13 NaT 2007 
4 13 23-Apr-2002 2007 
4 13 26-Mar-2003 2007 
4 13 12-Mar-2004 2007 
4 13 12-Feb-2005 2007 
4 13 NaT 2007 
4 13 30-Jan-2007 2008 
4 13 13-Apr-2008 2009 
4 13 27-Feb-2009 2010 
4 14 NaT 2007 
4 14 11-Jan-2002 2007 
4 14 18-Apr-2003 2007 
4 14 07-Apr-2004 2007 
4 14 03-May-2005 2007 
4 14 09-Feb-2006 2007 
4 14 30-Jan-2007 2008 
4 14 12-Apr-2008 2009 
4 14 01-Feb-2009 2010 
4 15 NaT 2007 
4 15 12-Jan-2002 2007 
4 15 23-Apr-2003 2007 
4 15 19-Apr-2004 2007 
4 15 01-May-2005 2007 
4 15 12-Feb-2006 2007 
4 15 30-Mar-2007 2008 
4 15 15-May-2008 2009 
4 15 10-Feb-2009 2010 
4 15 06-May-2010 2011 
4 15 NaT 2012 
4 16 NaT 2007 
4 16 20-Dec-2001 2007 
4 16 22-Apr-2003 2007 
4 16 01-Apr-2004 2007 
4 16 14-May-2005 2007 
4 16 13-Feb-2006 2007 
4 16 24-Feb-2007 2008 
4 16 18-Feb-2008 2009 
4 16 15-May-2009 2010 
4 16 01-May-2010 2011 
4 16 NaT 2012 
4 17 NaT 2007 
4 17 29-Apr-2002 2007 
4 17 12-Apr-2003 2007 
4 17 20-Mar-2004 2007 
4 17 10-May-2005 2007 
4 17 10-Feb-2006 2007 
4 17 27-Feb-2007 2008 
4 17 09-Apr-2008 2009 
4 18 NaT 2007 
4 18 NaT 2007 
4 18 30-Jan-2003 2007 
4 18 02-May-2004 2007 
4 18 10-May-2005 2007 
4 18 22-May-2006 2007 
4 18 09-Apr-2007 2008 
4 18 28-May-2008 2009 
4 18 12-Mar-2009 2010 
10 1 NaT 2007 
10 1 21-Jan-2007 2008 
10 1 24-Mar-2008 2009 
10 1 10-Mar-2009 2010 
10 1 09-Jan-2010 2011 
10 1 NaT 2012 
10 1 04-Feb-2012 2013 
10 1 04-Jan-2013 2014 
10 1 05-Mar-2014 2015 
10 1 NaT 2016 
10 1 04-Apr-2016 2017 
10 1 02-Apr-2017 2018 
10 1 11-May-2018 2019 
