2.500000e+00,19,NaN,2007
2.500000e+00,19,-236.009588,2008
2.500000e+00,19,-96.000000,2009
2.500000e+00,19,-172.832105,2010
2.500000e+00,19,-130.000000,2011
2.500000e+00,19,NaN,2012
2.500000e+00,19,-179.000000,2013
2.500000e+00,19,-131.677033,2014
2.500000e+00,19,-123.761283,2015
2.500000e+00,19,NaN,2016
2.500000e+00,19,-145.000060,2017
2.500000e+00,19,-137.586953,2018
2.500000e+00,19,-99.979955,2019
2.500000e+00,20,NaN,2007
2.500000e+00,20,-178.999999,2008
2.500000e+00,20,-142.992290,2009
2.500000e+00,20,-173.000029,2010
2.500000e+00,20,-196.997873,2011
2.500000e+00,20,NaN,2012
2.500000e+00,20,-163.186133,2013
2.500000e+00,20,-172.000044,2014
2.500000e+00,20,NaN,2015
2.500000e+00,20,NaN,2016
2.500000e+00,20,-114.337075,2017
2.500000e+00,20,-140.620439,2018
2.500000e+00,20,-108.000037,2019
2.500000e+00,23,NaN,2007
2.500000e+00,23,-137.139042,2008
2.500000e+00,23,-96.000000,2009
2.500000e+00,23,-172.111105,2010
2.500000e+00,23,NaN,2011
2.500000e+00,23,NaN,2012
2.500000e+00,23,NaN,2013
2.500000e+00,23,NaN,2014
2.500000e+00,23,NaN,2015
2.500000e+00,23,NaN,2016
2.500000e+00,23,-158.433433,2017
2.500000e+00,23,-139.178297,2018
2.500000e+00,24,NaN,2007
2.500000e+00,24,121.013682,2007
2.500000e+00,24,NaN,2008
2.500000e+00,24,191.000010,2009
2.500000e+00,24,210.994478,2010
2.500000e+00,24,278.639870,2011
2.500000e+00,24,NaN,2012
2.500000e+00,24,NaN,2013
2.500000e+00,24,155.259025,2014
2.500000e+00,24,NaN,2015
2.500000e+00,24,157.256931,2016
2.500000e+00,24,138.291499,2017
2.500000e+00,24,259.999982,2018
2.500000e+00,26,NaN,2007
2.500000e+00,26,127.782280,2007
2.500000e+00,26,222.000000,2008
2.500000e+00,26,209.355691,2009
2.500000e+00,27,NaN,2007
2.500000e+00,27,185.000031,2007
2.500000e+00,27,270.000000,2008
2.500000e+00,27,259.000364,2009
2.500000e+00,27,186.572474,2010
2.500000e+00,27,NaN,2011
2.500000e+00,27,167.263783,2012
2.500000e+00,27,119.310618,2013
2.500000e+00,27,239.000000,2014
2.500000e+00,27,230.021733,2015
2.500000e+00,27,257.194536,2016
2.500000e+00,27,262.015827,2017
2.500000e+00,27,277.126983,2018
2.500000e+00,28,NaN,2007
2.500000e+00,28,146.058422,2007
2.500000e+00,28,133.841671,2008
2.500000e+00,28,221.254982,2009
2.500000e+00,28,166.143726,2010
2.500000e+00,28,NaN,2011
2.500000e+00,28,202.000000,2012
2.500000e+00,28,184.520594,2013
2.500000e+00,28,196.000015,2014
2.500000e+00,28,255.598014,2015
2.500000e+00,30,NaN,2007
2.500000e+00,30,196.000000,2007
2.500000e+00,30,271.000000,2008
2.500000e+00,30,222.474801,2009
2.500000e+00,30,176.776377,2010
2.500000e+00,30,NaN,2011
2.500000e+00,30,205.657162,2012
2.500000e+00,30,250.083156,2013
2.500000e+00,30,NaN,2014
2.500000e+00,30,NaN,2015
2.500000e+00,30,257.990954,2016
2.500000e+00,30,264.000000,2017
2.500000e+00,30,131.657292,2018
2.500000e+00,31,NaN,2007
2.500000e+00,31,226.637728,2007
2.500000e+00,31,269.653250,2008
2.500000e+00,32,NaN,2007
2.500000e+00,32,227.744136,2007
2.500000e+00,32,266.943834,2008
2.500000e+00,32,222.297652,2009
2.500000e+00,32,165.999935,2010
2.500000e+00,32,NaN,2011
2.500000e+00,32,209.382840,2012
2.500000e+00,32,NaN,2013
2.500000e+00,32,199.000190,2014
2.500000e+00,32,NaN,2015
2.500000e+00,32,254.141347,2016
2.500000e+00,32,260.521849,2017
2.500000e+00,32,276.377046,2018
2.500000e+00,34,NaN,2007
2.500000e+00,34,-180.000525,2008
2.500000e+00,34,-97.906483,2009
2.500000e+00,34,-101.129920,2010
2.500000e+00,34,-188.140742,2011
2.500000e+00,34,-179.000000,2012
2.500000e+00,34,-163.151221,2013
2.500000e+00,34,-132.209454,2014
2.500000e+00,34,-169.000000,2015
2.500000e+00,34,NaN,2016
2.500000e+00,34,-110.972680,2017
2.500000e+00,34,-139.184110,2018
2.500000e+00,34,-88.642211,2019
2.500000e+00,35,NaN,2007
2.500000e+00,35,-179.999897,2008
2.500000e+00,35,-100.778088,2009
2.500000e+00,35,-166.000006,2010
2.500000e+00,35,-198.999991,2011
2.500000e+00,35,-178.614535,2012
2.500000e+00,35,-163.000000,2013
2.500000e+00,35,-83.809256,2014
2.500000e+00,35,-165.999996,2015
2.500000e+00,35,NaN,2016
2.500000e+00,35,-113.258739,2017
2.500000e+00,35,-138.893274,2018
2.500000e+00,35,-98.358063,2019
2.500000e+00,37,NaN,2007
2.500000e+00,37,184.999976,2007
2.500000e+00,37,263.754579,2008
2.500000e+00,37,213.999723,2009
2.500000e+00,37,165.999523,2010
2.500000e+00,37,186.753867,2011
2.500000e+00,37,NaN,2012
2.500000e+00,37,186.000018,2013
2.500000e+00,38,NaN,2007
2.500000e+00,38,185.810095,2007
2.500000e+00,38,264.808822,2008
2.500000e+00,38,198.861268,2009
2.500000e+00,38,304.253529,2010
2.500000e+00,38,NaN,2011
2.500000e+00,38,202.000000,2012
2.500000e+00,38,191.999992,2013
4,1,NaN,2007
4,1,-1660.264610,2007
4,1,-1284.000000,2007
4,1,-856.513858,2007
4,1,-531.000001,2007
4,1,-130.000000,2007
4,1,-110.573172,2008
4,1,-96.574130,2009
4,1,-170.998281,2010
4,1,-126.471927,2011
4,2,NaN,2007
4,2,-1659.000265,2007
4,2,-1269.613484,2007
4,2,-831.644780,2007
4,2,NaN,2007
4,2,-82.781062,2007
4,2,-195.000000,2008
4,2,-57.000320,2009
4,2,-121.999453,2010
4,2,-98.155814,2011
4,3,NaN,2007
4,3,-1656.400464,2007
4,3,-1295.999999,2007
4,3,-818.000000,2007
4,3,NaN,2007
4,3,-75.908722,2007
4,3,-215.396640,2008
4,3,-181.382259,2009
4,3,-151.999993,2010
4,3,-86.231627,2011
4,4,NaN,2007
4,4,-1651.999973,2007
4,4,-1267.122566,2007
4,4,-815.000005,2007
4,4,NaN,2007
4,4,-62.158017,2007
4,4,-229.127884,2008
4,4,-77.000037,2009
4,4,-147.187050,2010
4,5,NaN,2007
4,5,-1542.625322,2007
4,5,-1274.986614,2007
4,5,-815.471756,2007
4,5,NaN,2007
4,5,-145.415138,2007
4,5,-134.372578,2008
4,5,-91.781476,2009
4,5,-174.043289,2010
4,6,NaN,2007
4,6,-1670.000066,2007
4,6,-1277.359550,2007
4,6,-811.417242,2007
4,6,-564.058492,2007
4,6,-136.651542,2007
4,6,-108.000000,2008
4,6,-96.718779,2009
4,6,-148.370451,2010
4,7,NaN,2007
4,7,-1652.231702,2007
4,7,-1267.159461,2007
4,7,-812.266394,2007
4,7,-560.572107,2007
4,7,-126.999917,2007
4,7,-180.445250,2008
4,7,-79.412750,2009
4,7,-145.650333,2010
4,7,-199.000088,2011
4,8,NaN,2007
4,8,-1543.522771,2007
4,8,-1284.000000,2007
4,8,-822.049353,2007
4,8,NaN,2007
4,8,-141.000001,2007
4,8,-179.000000,2008
4,8,-101.999608,2009
4,8,-153.774842,2010
4,9,NaN,2007
4,9,-1541.798788,2007
4,9,-1284.000008,2007
4,10,NaN,2007
4,10,-1652.591785,2007
4,10,-1284.000003,2007
4,10,-838.423144,2007
4,10,NaN,2007
4,10,-143.000000,2007
4,10,-208.371129,2008
4,10,-227.007267,2009
4,10,-173.000004,2010
4,10,-130.000000,2011
4,10,-80.818849,2012
4,11,NaN,2007
4,11,-1543.525796,2007
4,11,-1283.812505,2007
4,11,-821.864808,2007
4,11,NaN,2007
4,11,-141.000033,2007
4,11,-178.000243,2008
4,11,NaN,2009
4,11,-153.948998,2010
4,11,-101.102834,2011
4,12,NaN,2007
4,12,-1648.256297,2007
4,12,-1284.017554,2007
4,12,-821.981923,2007
4,12,NaN,2007
4,12,-141.000002,2007
4,13,NaN,2007
4,13,-1657.845879,2007
4,13,-1265.067039,2007
4,13,-835.724004,2007
4,13,NaN,2007
4,13,-141.000054,2007
4,13,-177.000000,2008
4,13,-142.999927,2009
4,13,-175.007360,2010
4,14,NaN,2007
4,14,-1657.770076,2007
4,14,-1287.950803,2007
4,14,-821.217798,2007
4,14,NaN,2007
4,14,-141.000003,2007
4,14,-233.000014,2008
4,14,-143.000339,2009
4,14,-174.668969,2010
4,15,NaN,2007
4,15,-1657.773885,2007
4,15,-1289.001234,2007
4,15,-821.063045,2007
4,15,NaN,2007
4,15,-141.002461,2007
4,15,-212.604014,2008
4,15,-103.520231,2009
4,15,-165.993377,2010
4,15,-198.999990,2011
4,15,NaN,2012
4,16,NaN,2007
4,16,-1654.657109,2007
4,16,-1288.816891,2007
4,16,-820.787955,2007
4,16,NaN,2007
4,16,-141.000006,2007
4,16,-178.999995,2008
4,16,-143.040033,2009
4,16,-187.505867,2010
4,16,-199.000000,2011
4,16,NaN,2012
4,17,NaN,2007
4,17,-1657.796747,2007
4,17,NaN,2007
4,17,-835.613632,2007
4,17,NaN,2007
4,17,-141.000000,2007
4,17,-178.153682,2008
4,17,-143.000005,2009
4,18,NaN,2007
4,18,-1655.224906,2007
4,18,-1264.548621,2007
4,18,-809.147697,2007
4,18,NaN,2007
4,18,-127.039148,2007
4,18,-176.999998,2008
4,18,-93.258202,2009
4,18,-119.016851,2010
10,1,NaN,2007
10,1,-178.164973,2008
10,1,-100.999978,2009
10,1,-168.994935,2010
10,1,-199.000053,2011
10,1,NaN,2012
10,1,-163.051499,2013
10,1,-174.000020,2014
10,1,-168.000000,2015
10,1,-109.212167,2016
10,1,-109.647487,2017
10,1,-102.979213,2018
10,1,-106.000000,2019
