depth,sid,value,WY
2.500000,19,NaN,2007
2.500000,19,NaN,2008
2.500000,19,733460.000000,2009
2.500000,19,NaN,2010
2.500000,19,NaN,2011
2.500000,19,NaN,2012
2.500000,19,734896.000000,2013
2.500000,19,735271.000000,2014
2.500000,19,NaN,2015
2.500000,19,NaN,2016
2.500000,19,736392.000000,2017
2.500000,19,NaN,2018
2.500000,19,737133.000000,2019
2.500000,20,NaN,2007
2.500000,20,NaN,2008
2.500000,20,733460.000000,2009
2.500000,20,NaN,2010
2.500000,20,NaN,2011
2.500000,20,NaN,2012
2.500000,20,734900.000000,2013
2.500000,20,735337.000000,2014
2.500000,20,NaN,2015
2.500000,20,NaN,2016
2.500000,20,736376.000000,2017
2.500000,20,NaN,2018
2.500000,20,737138.000000,2019
2.500000,23,NaN,2007
2.500000,23,NaN,2008
2.500000,23,733460.000000,2009
2.500000,23,NaN,2010
2.500000,23,NaN,2011
2.500000,23,NaN,2012
2.500000,23,NaN,2013
2.500000,23,NaN,2014
2.500000,23,NaN,2015
2.500000,23,NaN,2016
2.500000,23,NaN,2017
2.500000,23,NaN,2018
2.500000,24,NaN,2007
2.500000,24,NaN,2007
2.500000,24,NaN,2008
2.500000,24,NaN,2009
2.500000,24,734158.000000,2010
2.500000,24,NaN,2011
2.500000,24,NaN,2012
2.500000,24,NaN,2013
2.500000,24,735533.000000,2014
2.500000,24,735906.000000,2015
2.500000,24,NaN,2016
2.500000,24,NaN,2017
2.500000,24,NaN,2018
2.500000,26,NaN,2007
2.500000,26,NaN,2007
2.500000,26,733460.000000,2008
2.500000,26,NaN,2009
2.500000,27,NaN,2007
2.500000,27,NaN,2007
2.500000,27,733459.000000,2008
2.500000,27,NaN,2009
2.500000,27,734157.000000,2010
2.500000,27,NaN,2011
2.500000,27,NaN,2012
2.500000,27,NaN,2013
2.500000,27,735612.000000,2014
2.500000,27,NaN,2015
2.500000,27,736401.000000,2016
2.500000,27,NaN,2017
2.500000,27,NaN,2018
2.500000,28,NaN,2007
2.500000,28,NaN,2007
2.500000,28,NaN,2008
2.500000,28,NaN,2009
2.500000,28,734134.000000,2010
2.500000,28,NaN,2011
2.500000,28,NaN,2012
2.500000,28,NaN,2013
2.500000,28,735612.000000,2014
2.500000,28,736055.000000,2015
2.500000,30,NaN,2007
2.500000,30,NaN,2007
2.500000,30,NaN,2008
2.500000,30,NaN,2009
2.500000,30,734133.000000,2010
2.500000,30,734495.000000,2011
2.500000,30,734910.000000,2012
2.500000,30,NaN,2013
2.500000,30,NaN,2014
2.500000,30,NaN,2015
2.500000,30,736402.000000,2016
2.500000,30,736735.000000,2017
2.500000,30,737005.000000,2018
2.500000,31,NaN,2007
2.500000,31,733057.000000,2007
2.500000,31,NaN,2008
2.500000,32,NaN,2007
2.500000,32,733057.000000,2007
2.500000,32,733459.000000,2008
2.500000,32,733829.000000,2009
2.500000,32,734134.000000,2010
2.500000,32,NaN,2011
2.500000,32,734900.000000,2012
2.500000,32,NaN,2013
2.500000,32,735622.000000,2014
2.500000,32,NaN,2015
2.500000,32,736391.000000,2016
2.500000,32,NaN,2017
2.500000,32,NaN,2018
2.500000,34,NaN,2007
2.500000,34,733057.000000,2008
2.500000,34,733459.000000,2009
2.500000,34,733789.000000,2010
2.500000,34,734134.000000,2011
2.500000,34,734485.000000,2012
2.500000,34,734901.000000,2013
2.500000,34,735247.000000,2014
2.500000,34,735612.000000,2015
2.500000,34,NaN,2016
2.500000,34,736392.000000,2017
2.500000,34,NaN,2018
2.500000,34,NaN,2019
2.500000,35,NaN,2007
2.500000,35,733056.000000,2008
2.500000,35,733459.000000,2009
2.500000,35,733829.000000,2010
2.500000,35,734134.000000,2011
2.500000,35,734522.000000,2012
2.500000,35,734900.000000,2013
2.500000,35,NaN,2014
2.500000,35,735591.000000,2015
2.500000,35,NaN,2016
2.500000,35,736377.000000,2017
2.500000,35,736742.000000,2018
2.500000,35,NaN,2019
2.500000,37,NaN,2007
2.500000,37,733057.000000,2007
2.500000,37,733459.000000,2008
2.500000,37,733871.000000,2009
2.500000,37,NaN,2010
2.500000,37,734522.000000,2011
2.500000,37,NaN,2012
2.500000,37,735243.000000,2013
2.500000,38,NaN,2007
2.500000,38,733056.000000,2007
2.500000,38,733459.000000,2008
2.500000,38,733829.000000,2009
2.500000,38,NaN,2010
2.500000,38,NaN,2011
2.500000,38,734900.000000,2012
2.500000,38,NaN,2013
4.000000,1,NaN,2007
4.000000,1,731211.000000,2007
4.000000,1,731589.000000,2007
4.000000,1,732003.000000,2007
4.000000,1,NaN,2007
4.000000,1,732726.000000,2007
4.000000,1,733048.000000,2008
4.000000,1,NaN,2009
4.000000,1,NaN,2010
4.000000,1,734139.000000,2011
4.000000,2,NaN,2007
4.000000,2,NaN,2007
4.000000,2,731589.000000,2007
4.000000,2,NaN,2007
4.000000,2,NaN,2007
4.000000,2,732800.000000,2007
4.000000,2,NaN,2008
4.000000,2,NaN,2009
4.000000,2,NaN,2010
4.000000,2,734232.000000,2011
4.000000,3,NaN,2007
4.000000,3,NaN,2007
4.000000,3,731577.000000,2007
4.000000,3,732058.000000,2007
4.000000,3,NaN,2007
4.000000,3,732791.000000,2007
4.000000,3,NaN,2008
4.000000,3,733377.000000,2009
4.000000,3,NaN,2010
4.000000,3,734194.000000,2011
4.000000,4,NaN,2007
4.000000,4,731221.000000,2007
4.000000,4,NaN,2007
4.000000,4,732003.000000,2007
4.000000,4,NaN,2007
4.000000,4,NaN,2007
4.000000,4,NaN,2008
4.000000,4,733460.000000,2009
4.000000,4,NaN,2010
4.000000,5,NaN,2007
4.000000,5,731285.000000,2007
4.000000,5,NaN,2007
4.000000,5,NaN,2007
4.000000,5,NaN,2007
4.000000,5,732722.000000,2007
4.000000,5,733078.000000,2008
4.000000,5,733528.000000,2009
4.000000,5,733787.000000,2010
4.000000,6,NaN,2007
4.000000,6,NaN,2007
4.000000,6,NaN,2007
4.000000,6,732067.000000,2007
4.000000,6,NaN,2007
4.000000,6,732699.000000,2007
4.000000,6,733124.000000,2008
4.000000,6,733459.000000,2009
4.000000,6,733828.000000,2010
4.000000,7,NaN,2007
4.000000,7,NaN,2007
4.000000,7,NaN,2007
4.000000,7,732062.000000,2007
4.000000,7,NaN,2007
4.000000,7,732699.000000,2007
4.000000,7,NaN,2008
4.000000,7,733459.000000,2009
4.000000,7,NaN,2010
4.000000,7,734134.000000,2011
4.000000,8,NaN,2007
4.000000,8,NaN,2007
4.000000,8,NaN,2007
4.000000,8,732046.000000,2007
4.000000,8,NaN,2007
4.000000,8,732732.000000,2007
4.000000,8,733116.000000,2008
4.000000,8,733460.000000,2009
4.000000,8,NaN,2010
4.000000,9,NaN,2007
4.000000,9,731286.000000,2007
4.000000,9,NaN,2007
4.000000,10,NaN,2007
4.000000,10,731223.000000,2007
4.000000,10,NaN,2007
4.000000,10,732048.000000,2007
4.000000,10,NaN,2007
4.000000,10,732730.000000,2007
4.000000,10,NaN,2008
4.000000,10,NaN,2009
4.000000,10,NaN,2010
4.000000,10,NaN,2011
4.000000,10,734614.000000,2012
4.000000,11,NaN,2007
4.000000,11,731284.000000,2007
4.000000,11,NaN,2007
4.000000,11,732046.000000,2007
4.000000,11,NaN,2007
4.000000,11,732732.000000,2007
4.000000,11,733129.000000,2008
4.000000,11,NaN,2009
4.000000,11,NaN,2010
4.000000,11,734194.000000,2011
4.000000,12,NaN,2007
4.000000,12,731227.000000,2007
4.000000,12,NaN,2007
4.000000,12,732046.000000,2007
4.000000,12,NaN,2007
4.000000,12,732732.000000,2007
4.000000,13,NaN,2007
4.000000,13,NaN,2007
4.000000,13,NaN,2007
4.000000,13,732055.000000,2007
4.000000,13,NaN,2007
4.000000,13,732732.000000,2007
4.000000,13,733052.000000,2008
4.000000,13,733460.000000,2009
4.000000,13,NaN,2010
4.000000,14,NaN,2007
4.000000,14,NaN,2007
4.000000,14,NaN,2007
4.000000,14,732054.000000,2007
4.000000,14,NaN,2007
4.000000,14,732732.000000,2007
4.000000,14,NaN,2008
4.000000,14,733460.000000,2009
4.000000,14,NaN,2010
4.000000,15,NaN,2007
4.000000,15,NaN,2007
4.000000,15,NaN,2007
4.000000,15,732053.000000,2007
4.000000,15,NaN,2007
4.000000,15,732732.000000,2007
4.000000,15,NaN,2008
4.000000,15,733423.000000,2009
4.000000,15,NaN,2010
4.000000,15,NaN,2011
4.000000,15,NaN,2012
4.000000,16,NaN,2007
4.000000,16,NaN,2007
4.000000,16,NaN,2007
4.000000,16,732053.000000,2007
4.000000,16,NaN,2007
4.000000,16,732732.000000,2007
4.000000,16,NaN,2008
4.000000,16,733460.000000,2009
4.000000,16,NaN,2010
4.000000,16,NaN,2011
4.000000,16,734522.000000,2012
4.000000,17,NaN,2007
4.000000,17,NaN,2007
4.000000,17,NaN,2007
4.000000,17,732055.000000,2007
4.000000,17,NaN,2007
4.000000,17,732732.000000,2007
4.000000,17,733052.000000,2008
4.000000,17,733460.000000,2009
4.000000,18,NaN,2007
4.000000,18,731216.000000,2007
4.000000,18,NaN,2007
4.000000,18,732067.000000,2007
4.000000,18,NaN,2007
4.000000,18,732699.000000,2007
4.000000,18,NaN,2008
4.000000,18,733459.000000,2009
4.000000,18,733799.000000,2010
10.000000,1,732805.000000,2007
10.000000,1,NaN,2008
10.000000,1,733459.000000,2009
10.000000,1,NaN,2010
10.000000,1,734134.000000,2011
10.000000,1,NaN,2012
10.000000,1,734900.000000,2013
10.000000,1,NaN,2014
10.000000,1,735612.000000,2015
10.000000,1,NaN,2016
10.000000,1,736393.000000,2017
10.000000,1,736735.000000,2018
10.000000,1,NaN,2019
