depth,sid,value,WY
2.500000,19,NaN,2007
2.500000,19,-207.000000,2008
2.500000,19,-194.697174,2009
2.500000,19,-190.712724,2010
2.500000,19,NaN,2011
2.500000,19,NaN,2012
2.500000,19,-237.564028,2013
2.500000,19,-328.785145,2014
2.500000,19,-292.206597,2015
2.500000,19,NaN,2016
2.500000,19,-215.000000,2017
2.500000,19,-158.698642,2018
2.500000,19,-226.628036,2019
2.500000,20,NaN,2007
2.500000,20,-309.563875,2008
2.500000,20,-208.000000,2009
2.500000,20,-204.000000,2010
2.500000,20,-176.484620,2011
2.500000,20,NaN,2012
2.500000,20,-332.783186,2013
2.500000,20,-303.000001,2014
2.500000,20,NaN,2015
2.500000,20,NaN,2016
2.500000,20,-204.512460,2017
2.500000,20,-157.908873,2018
2.500000,20,-222.000000,2019
2.500000,23,-196.000000,2007
2.500000,23,-202.000000,2008
2.500000,23,-192.180284,2009
2.500000,23,-276.000000,2010
2.500000,23,NaN,2011
2.500000,23,-343.957558,2012
2.500000,23,-343.957558,2013
2.500000,23,-343.957558,2014
2.500000,23,-343.957558,2015
2.500000,23,-343.957558,2016
2.500000,23,NaN,2017
2.500000,23,-159.000000,2018
2.500000,24,NaN,2007
2.500000,24,22.613992,2007
2.500000,24,NaN,2008
2.500000,24,91.000000,2009
2.500000,24,10.548785,2010
2.500000,24,48.202992,2011
2.500000,24,-1.958779,2012
2.500000,24,-2.956864,2013
2.500000,24,NaN,2014
2.500000,24,-1.958893,2015
2.500000,24,NaN,2016
2.500000,24,153.323522,2017
2.500000,24,124.994091,2018
2.500000,26,NaN,2007
2.500000,26,125.203835,2007
2.500000,26,169.391264,2008
2.500000,26,140.328527,2009
2.500000,27,NaN,2007
2.500000,27,186.011434,2007
2.500000,27,92.000000,2008
2.500000,27,130.000000,2009
2.500000,27,NaN,2010
2.500000,27,NaN,2011
2.500000,27,NaN,2012
2.500000,27,NaN,2013
2.500000,27,39.000000,2014
2.500000,27,88.886607,2015
2.500000,27,102.427381,2016
2.500000,27,89.193683,2017
2.500000,27,NaN,2018
2.500000,28,NaN,2007
2.500000,28,125.999999,2007
2.500000,28,171.575232,2008
2.500000,28,149.982289,2009
2.500000,28,NaN,2010
2.500000,28,NaN,2011
2.500000,28,35.000000,2012
2.500000,28,61.142342,2013
2.500000,28,63.187604,2014
2.500000,28,82.000000,2015
2.500000,30,NaN,2007
2.500000,30,132.816335,2007
2.500000,30,163.553036,2008
2.500000,30,92.000000,2009
2.500000,30,189.000000,2010
2.500000,30,NaN,2011
2.500000,30,36.640012,2012
2.500000,30,NaN,2013
2.500000,30,NaN,2014
2.500000,30,NaN,2015
2.500000,30,148.000000,2016
2.500000,30,90.111120,2017
2.500000,30,NaN,2018
2.500000,31,NaN,2007
2.500000,31,-250.425380,2008
2.500000,31,-271.642294,2009
2.500000,32,NaN,2007
2.500000,32,125.350698,2007
2.500000,32,177.999999,2008
2.500000,32,89.889115,2009
2.500000,32,133.601902,2010
2.500000,32,NaN,2011
2.500000,32,NaN,2012
2.500000,32,NaN,2013
2.500000,32,21.000000,2014
2.500000,32,NaN,2015
2.500000,32,148.262612,2016
2.500000,32,57.000000,2017
2.500000,32,106.000000,2018
2.500000,34,NaN,2007
2.500000,34,-216.348049,2008
2.500000,34,-268.552640,2009
2.500000,34,-276.000000,2010
2.500000,34,-213.000085,2011
2.500000,34,-140.500763,2012
2.500000,34,-305.822435,2013
2.500000,34,-236.000000,2014
2.500000,34,-237.000000,2015
2.500000,34,NaN,2016
2.500000,34,-217.701051,2017
2.500000,34,-255.241580,2018
2.500000,34,-228.254871,2019
2.500000,35,NaN,2007
2.500000,35,-238.542050,2008
2.500000,35,-272.000000,2009
2.500000,35,-277.000000,2010
2.500000,35,-193.000000,2011
2.500000,35,-248.000000,2012
2.500000,35,-332.554895,2013
2.500000,35,-228.318566,2014
2.500000,35,-290.000000,2015
2.500000,35,NaN,2016
2.500000,35,-215.740566,2017
2.500000,35,-160.051286,2018
2.500000,35,-226.940318,2019
2.500000,37,NaN,2007
2.500000,37,-252.868768,2008
2.500000,37,-264.719611,2009
2.500000,37,-267.822791,2010
2.500000,37,-216.716435,2011
2.500000,37,-248.350091,2012
2.500000,37,NaN,2013
2.500000,37,-193.943398,2014
2.500000,38,NaN,2007
2.500000,38,117.000000,2007
2.500000,38,172.000000,2008
2.500000,38,90.145250,2009
2.500000,38,110.683970,2010
2.500000,38,NaN,2011
2.500000,38,33.000000,2012
2.500000,38,131.576428,2013
4.000000,1,NaN,2007
4.000000,1,-1308.000033,2007
4.000000,1,-988.000054,2007
4.000000,1,-584.780461,2007
4.000000,1,NaN,2007
4.000000,1,-217.820462,2007
4.000000,1,-312.174262,2008
4.000000,1,-161.999632,2009
4.000000,1,-287.305805,2010
4.000000,1,NaN,2011
4.000000,2,NaN,2007
4.000000,2,-1452.455795,2007
4.000000,2,-935.514793,2007
4.000000,2,-361.929132,2007
4.000000,2,-222.967564,2007
4.000000,2,-234.252646,2007
4.000000,2,-331.157693,2008
4.000000,2,-229.000294,2009
4.000000,2,-274.300000,2010
4.000000,2,-196.753167,2011
4.000000,3,NaN,2007
4.000000,3,-1452.000000,2007
4.000000,3,-850.932446,2007
4.000000,3,-587.319764,2007
4.000000,3,-222.877395,2007
4.000000,3,-225.212110,2007
4.000000,3,-71.395092,2008
4.000000,3,NaN,2009
4.000000,3,-287.000000,2010
4.000000,3,-161.999507,2011
4.000000,4,NaN,2007
4.000000,4,-1452.000000,2007
4.000000,4,-876.766628,2007
4.000000,4,-600.461786,2007
4.000000,4,-203.400420,2007
4.000000,4,-217.916428,2007
4.000000,4,-246.324929,2008
4.000000,4,-272.000000,2009
4.000000,4,-272.000000,2010
4.000000,5,NaN,2007
4.000000,5,NaN,2007
4.000000,5,-1071.000000,2007
4.000000,5,-600.796765,2007
4.000000,5,-219.375937,2007
4.000000,5,-273.000000,2007
4.000000,5,-274.000000,2008
4.000000,5,-228.537506,2009
4.000000,5,-271.512366,2010
4.000000,6,NaN,2007
4.000000,6,NaN,2007
4.000000,6,-1016.875545,2007
4.000000,6,-512.999984,2007
4.000000,6,-211.685412,2007
4.000000,6,-193.000000,2007
4.000000,6,-243.076210,2008
4.000000,6,NaN,2009
4.000000,6,-234.000000,2010
4.000000,7,NaN,2007
4.000000,7,-1343.390274,2007
4.000000,7,-893.561097,2007
4.000000,7,-583.000090,2007
4.000000,7,-218.350907,2007
4.000000,7,-209.447630,2007
4.000000,7,-247.007717,2008
4.000000,7,-203.000040,2009
4.000000,7,-231.000001,2010
4.000000,7,-322.172338,2011
4.000000,8,NaN,2007
4.000000,8,-1330.000000,2007
4.000000,8,-938.865956,2007
4.000000,8,-584.323930,2007
4.000000,8,-199.203784,2007
4.000000,8,-176.999606,2007
4.000000,8,-221.630239,2008
4.000000,8,-190.937620,2009
4.000000,8,-202.431389,2010
4.000000,9,NaN,2007
4.000000,9,-1344.350579,2007
4.000000,9,-911.922698,2007
4.000000,10,NaN,2007
4.000000,10,-1304.876977,2007
4.000000,10,-949.396419,2007
4.000000,10,-592.103381,2007
4.000000,10,-197.000007,2007
4.000000,10,-186.000000,2007
4.000000,10,-146.999991,2008
4.000000,10,-307.108643,2009
4.000000,10,-208.665952,2010
4.000000,10,-157.534204,2011
4.000000,10,-203.999995,2012
4.000000,11,NaN,2007
4.000000,11,-1346.692325,2007
4.000000,11,-973.553049,2007
4.000000,11,-601.015737,2007
4.000000,11,-207.770234,2007
4.000000,11,-284.874656,2007
4.000000,11,-310.104747,2008
4.000000,11,NaN,2009
4.000000,11,-177.244548,2010
4.000000,11,-166.463988,2011
4.000000,12,NaN,2007
4.000000,12,-1291.235257,2007
4.000000,12,-938.263464,2007
4.000000,12,-594.390644,2007
4.000000,12,-220.729303,2007
4.000000,12,NaN,2007
4.000000,13,NaN,2007
4.000000,13,-1323.329903,2007
4.000000,13,-936.964162,2007
4.000000,13,-575.999996,2007
4.000000,13,-199.377664,2007
4.000000,13,NaN,2007
4.000000,13,-313.206905,2008
4.000000,13,-190.000000,2009
4.000000,13,-275.000000,2010
4.000000,14,NaN,2007
4.000000,14,-1450.000000,2007
4.000000,14,-935.711707,2007
4.000000,14,-578.602796,2007
4.000000,14,-195.900733,2007
4.000000,14,-186.486851,2007
4.000000,14,-205.000000,2008
4.000000,14,-179.467527,2009
4.000000,14,-163.917726,2010
4.000000,15,NaN,2007
4.000000,15,-1448.963730,2007
4.000000,15,-898.000000,2007
4.000000,15,-542.928560,2007
4.000000,15,-181.724781,2007
4.000000,15,-185.689086,2007
4.000000,15,-200.653282,2008
4.000000,15,-178.768779,2009
4.000000,15,-198.165920,2010
4.000000,15,-168.719806,2011
4.000000,15,NaN,2012
4.000000,16,NaN,2007
4.000000,16,-1297.999987,2007
4.000000,16,-880.402884,2007
4.000000,16,-498.936987,2007
4.000000,16,-191.525023,2007
4.000000,16,-194.000000,2007
4.000000,16,-307.105088,2008
4.000000,16,-201.025737,2009
4.000000,16,-208.542025,2010
4.000000,16,-162.772576,2011
4.000000,16,-199.999359,2012
4.000000,17,NaN,2007
4.000000,17,-1315.879541,2007
4.000000,17,-885.000000,2007
4.000000,17,-515.519014,2007
4.000000,17,-190.962326,2007
4.000000,17,-270.542969,2007
4.000000,17,-204.842471,2008
4.000000,17,-175.929771,2009
4.000000,18,NaN,2007
4.000000,18,NaN,2007
4.000000,18,-1069.055057,2007
4.000000,18,-606.973684,2007
4.000000,18,-208.371585,2007
4.000000,18,-216.998194,2007
4.000000,18,-250.830190,2008
4.000000,18,-213.781572,2009
4.000000,18,-233.000000,2010
10.000000,1,NaN,2007
10.000000,1,-206.000000,2008
10.000000,1,-186.842197,2009
10.000000,1,-211.999958,2010
10.000000,1,-324.000000,2011
10.000000,1,NaN,2012
10.000000,1,-330.000001,2013
10.000000,1,-182.000002,2014
10.000000,1,-302.000000,2015
10.000000,1,NaN,2016
10.000000,1,-216.316327,2017
10.000000,1,-274.000000,2018
10.000000,1,-227.270446,2019
