depth,sid,value,WY
2.500000,19,NaN,2007
2.500000,19,733239.999973,2008
2.500000,19,733513.573688,2009
2.500000,19,734032.923233,2010
2.500000,19,NaN,2011
2.500000,19,NaN,2012
2.500000,19,735008.999999,2013
2.500000,19,735300.436678,2014
2.500000,19,735678.164897,2015
2.500000,19,NaN,2016
2.500000,19,736487.603129,2017
2.500000,19,736826.701133,2018
2.500000,19,737215.653198,2019
2.500000,20,NaN,2007
2.500000,20,733215.956870,2008
2.500000,20,733574.000089,2009
2.500000,20,733968.999880,2010
2.500000,20,734322.642205,2011
2.500000,20,NaN,2012
2.500000,20,734913.227997,2013
2.500000,20,735424.308457,2014
2.500000,20,NaN,2015
2.500000,20,NaN,2016
2.500000,20,736485.999999,2017
2.500000,20,736834.435502,2018
2.500000,20,737232.522421,2019
2.500000,23,NaN,2007
2.500000,23,733109.342842,2008
2.500000,23,733513.706806,2009
2.500000,23,733943.707678,2010
2.500000,23,NaN,2011
2.500000,23,NaN,2012
2.500000,23,NaN,2013
2.500000,23,NaN,2014
2.500000,23,NaN,2015
2.500000,23,NaN,2016
2.500000,23,NaN,2017
2.500000,23,NaN,2018
2.500000,24,NaN,2007
2.500000,24,NaN,2007
2.500000,24,NaN,2008
2.500000,24,733942.000135,2009
2.500000,24,734189.000000,2010
2.500000,24,NaN,2011
2.500000,24,NaN,2012
2.500000,24,NaN,2013
2.500000,24,735594.040159,2014
2.500000,24,NaN,2015
2.500000,24,NaN,2016
2.500000,24,NaN,2017
2.500000,24,NaN,2018
2.500000,26,NaN,2007
2.500000,26,733215.112304,2007
2.500000,26,733579.999998,2008
2.500000,26,733875.000000,2009
2.500000,27,NaN,2007
2.500000,27,733203.834570,2007
2.500000,27,733565.000000,2008
2.500000,27,733933.000000,2009
2.500000,27,734159.952042,2010
2.500000,27,NaN,2011
2.500000,27,NaN,2012
2.500000,27,NaN,2013
2.500000,27,735679.000000,2014
2.500000,27,NaN,2015
2.500000,27,736472.000000,2016
2.500000,27,NaN,2017
2.500000,27,NaN,2018
2.500000,28,NaN,2007
2.500000,28,733202.000001,2007
2.500000,28,733586.107694,2008
2.500000,28,733939.000000,2009
2.500000,28,734217.758556,2010
2.500000,28,NaN,2011
2.500000,28,734912.094194,2012
2.500000,28,735421.000000,2013
2.500000,28,735678.376739,2014
2.500000,28,736056.163384,2015
2.500000,30,NaN,2007
2.500000,30,NaN,2007
2.500000,30,733582.451960,2008
2.500000,30,733831.000000,2009
2.500000,30,734184.388432,2010
2.500000,30,NaN,2011
2.500000,30,734914.947305,2012
2.500000,30,NaN,2013
2.500000,30,NaN,2014
2.500000,30,NaN,2015
2.500000,30,736473.000000,2016
2.500000,30,736792.993120,2017
2.500000,30,737172.818421,2018
2.500000,31,NaN,2007
2.500000,31,733181.376075,2007
2.500000,31,733567.220534,2008
2.500000,32,NaN,2007
2.500000,32,733107.068404,2007
2.500000,32,733564.982872,2008
2.500000,32,733830.000000,2009
2.500000,32,734271.725310,2010
2.500000,32,NaN,2011
2.500000,32,734912.000000,2012
2.500000,32,NaN,2013
2.500000,32,735680.276050,2014
2.500000,32,NaN,2015
2.500000,32,736471.023536,2016
2.500000,32,NaN,2017
2.500000,32,NaN,2018
2.500000,34,NaN,2007
2.500000,34,733200.123005,2008
2.500000,34,733562.070716,2009
2.500000,34,733872.000000,2010
2.500000,34,734183.000000,2011
2.500000,34,734523.286878,2012
2.500000,34,734912.999997,2013
2.500000,34,735305.886702,2014
2.500000,34,735679.000000,2015
2.500000,34,NaN,2016
2.500000,34,736471.000000,2017
2.500000,34,NaN,2018
2.500000,34,NaN,2019
2.500000,35,NaN,2007
2.500000,35,733203.877397,2008
2.500000,35,733563.000000,2009
2.500000,35,733875.000000,2010
2.500000,35,734273.999999,2011
2.500000,35,734524.000000,2012
2.500000,35,734912.198876,2013
2.500000,35,735366.930712,2014
2.500000,35,735679.068378,2015
2.500000,35,NaN,2016
2.500000,35,736471.000000,2017
2.500000,35,736821.765122,2018
2.500000,35,NaN,2019
2.500000,37,NaN,2007
2.500000,37,733202.588489,2007
2.500000,37,733562.999999,2008
2.500000,37,733895.695412,2009
2.500000,37,734308.501961,2010
2.500000,37,734524.000000,2011
2.500000,37,NaN,2012
2.500000,37,735396.626894,2013
2.500000,38,NaN,2007
2.500000,38,733205.000192,2007
2.500000,38,733564.000000,2008
2.500000,38,733875.000000,2009
2.500000,38,NaN,2010
2.500000,38,NaN,2011
2.500000,38,734912.082352,2012
2.500000,38,735389.645208,2013
4.000000,1,NaN,2007
4.000000,1,731237.000000,2007
4.000000,1,731790.999999,2007
4.000000,1,732094.999999,2007
4.000000,1,732348.000000,2007
4.000000,1,732816.418552,2007
4.000000,1,733204.000000,2008
4.000000,1,733593.999671,2009
4.000000,1,NaN,2010
4.000000,1,734213.125522,2011
4.000000,2,NaN,2007
4.000000,2,NaN,2007
4.000000,2,731618.000000,2007
4.000000,2,NaN,2007
4.000000,2,NaN,2007
4.000000,2,732815.000000,2007
4.000000,2,NaN,2008
4.000000,2,733555.000000,2009
4.000000,2,NaN,2010
4.000000,2,734293.562338,2011
4.000000,3,NaN,2007
4.000000,3,NaN,2007
4.000000,3,731805.999994,2007
4.000000,3,732092.135125,2007
4.000000,3,NaN,2007
4.000000,3,732825.963904,2007
4.000000,3,NaN,2008
4.000000,3,733432.494273,2009
4.000000,3,NaN,2010
4.000000,3,734272.000000,2011
4.000000,4,NaN,2007
4.000000,4,731238.000000,2007
4.000000,4,731616.455547,2007
4.000000,4,732088.221132,2007
4.000000,4,NaN,2007
4.000000,4,732836.738903,2007
4.000000,4,NaN,2008
4.000000,4,733553.769025,2009
4.000000,4,733873.000000,2010
4.000000,5,NaN,2007
4.000000,5,731334.000000,2007
4.000000,5,731794.018891,2007
4.000000,5,NaN,2007
4.000000,5,NaN,2007
4.000000,5,732770.064593,2007
4.000000,5,733176.031371,2008
4.000000,5,733554.000000,2009
4.000000,5,733922.999944,2010
4.000000,6,NaN,2007
4.000000,6,NaN,2007
4.000000,6,731799.000000,2007
4.000000,6,732086.069969,2007
4.000000,6,732332.000000,2007
4.000000,6,732770.314893,2007
4.000000,6,733170.160483,2008
4.000000,6,733532.000038,2009
4.000000,6,733932.993565,2010
4.000000,7,NaN,2007
4.000000,7,NaN,2007
4.000000,7,731618.000000,2007
4.000000,7,732086.606670,2007
4.000000,7,732349.000000,2007
4.000000,7,732758.571272,2007
4.000000,7,NaN,2008
4.000000,7,733563.000000,2009
4.000000,7,NaN,2010
4.000000,7,734261.000000,2011
4.000000,8,NaN,2007
4.000000,8,NaN,2007
4.000000,8,731802.000000,2007
4.000000,8,732093.000000,2007
4.000000,8,NaN,2007
4.000000,8,732823.358762,2007
4.000000,8,733208.340211,2008
4.000000,8,733584.000000,2009
4.000000,8,NaN,2010
4.000000,9,NaN,2007
4.000000,9,731335.830826,2007
4.000000,9,731794.000028,2007
4.000000,10,NaN,2007
4.000000,10,731237.000000,2007
4.000000,10,731803.000000,2007
4.000000,10,732096.319941,2007
4.000000,10,NaN,2007
4.000000,10,732826.854085,2007
4.000000,10,NaN,2008
4.000000,10,733562.499559,2009
4.000000,10,NaN,2010
4.000000,10,NaN,2011
4.000000,10,734690.247910,2012
4.000000,11,NaN,2007
4.000000,11,731333.231550,2007
4.000000,11,731802.000000,2007
4.000000,11,732093.000000,2007
4.000000,11,NaN,2007
4.000000,11,732823.000000,2007
4.000000,11,733212.828274,2008
4.000000,11,NaN,2009
4.000000,11,NaN,2010
4.000000,11,734277.503131,2011
4.000000,12,NaN,2007
4.000000,12,731236.662080,2007
4.000000,12,731802.000000,2007
4.000000,12,732093.000000,2007
4.000000,12,NaN,2007
4.000000,12,732823.358869,2007
4.000000,13,NaN,2007
4.000000,13,NaN,2007
4.000000,13,731622.037574,2007
4.000000,13,732094.000000,2007
4.000000,13,NaN,2007
4.000000,13,732825.000253,2007
4.000000,13,733219.695468,2008
4.000000,13,733583.000000,2009
4.000000,13,733981.598364,2010
4.000000,14,NaN,2007
4.000000,14,NaN,2007
4.000000,14,731802.048059,2007
4.000000,14,732091.999691,2007
4.000000,14,NaN,2007
4.000000,14,732826.958126,2007
4.000000,14,733240.999992,2008
4.000000,14,733583.000000,2009
4.000000,14,NaN,2010
4.000000,15,NaN,2007
4.000000,15,NaN,2007
4.000000,15,731800.001132,2007
4.000000,15,732092.000000,2007
4.000000,15,NaN,2007
4.000000,15,732825.000000,2007
4.000000,15,733212.617424,2008
4.000000,15,733583.000000,2009
4.000000,15,NaN,2010
4.000000,15,734319.999262,2011
4.000000,15,NaN,2012
4.000000,16,NaN,2007
4.000000,16,NaN,2007
4.000000,16,731800.000612,2007
4.000000,16,732092.000000,2007
4.000000,16,NaN,2007
4.000000,16,732826.000000,2007
4.000000,16,733238.000000,2008
4.000000,16,733583.926896,2009
4.000000,16,733988.000015,2010
4.000000,16,734319.882146,2011
4.000000,16,NaN,2012
4.000000,17,NaN,2007
4.000000,17,NaN,2007
4.000000,17,NaN,2007
4.000000,17,732094.000000,2007
4.000000,17,NaN,2007
4.000000,17,732825.000000,2007
4.000000,17,733236.432572,2008
4.000000,17,733584.000000,2009
4.000000,18,NaN,2007
4.000000,18,731237.000000,2007
4.000000,18,731619.000000,2007
4.000000,18,732086.000000,2007
4.000000,18,NaN,2007
4.000000,18,732753.000199,2007
4.000000,18,NaN,2008
4.000000,18,733565.000000,2009
4.000000,18,733933.999999,2010
10.000000,1,NaN,2007
10.000000,1,733206.633891,2008
10.000000,1,733565.000000,2009
10.000000,1,733941.000017,2010
10.000000,1,734303.000089,2011
10.000000,1,NaN,2012
10.000000,1,734913.000000,2013
10.000000,1,735414.999986,2014
10.000000,1,735680.118338,2015
10.000000,1,NaN,2016
10.000000,1,736472.000000,2017
10.000000,1,736794.114056,2018
10.000000,1,NaN,2019
