depth,sid,value,WY
2.500000,19,NaN,2007
2.500000,19,238.009562,2008
2.500000,19,6.573688,2009
2.500000,19,237.755338,2010
2.500000,19,NaN,2011
2.500000,19,NaN,2012
2.500000,19,125.000000,2013
2.500000,19,4.113711,2014
2.500000,19,8.926179,2015
2.500000,19,NaN,2016
2.500000,19,109.603189,2017
2.500000,19,76.288086,2018
2.500000,19,62.633153,2019
2.500000,20,NaN,2007
2.500000,20,156.956869,2008
2.500000,20,113.992379,2009
2.500000,20,173.999910,2010
2.500000,20,186.640078,2011
2.500000,20,NaN,2012
2.500000,20,13.414130,2013
2.500000,20,168.308501,2014
2.500000,20,NaN,2015
2.500000,20,NaN,2016
2.500000,20,77.337075,2017
2.500000,20,87.055942,2018
2.500000,20,87.522458,2019
2.500000,23,NaN,2007
2.500000,23,8.481884,2008
2.500000,23,6.706807,2009
2.500000,23,147.818783,2010
2.500000,23,NaN,2011
2.500000,23,NaN,2012
2.500000,23,NaN,2013
2.500000,23,NaN,2014
2.500000,23,NaN,2015
2.500000,23,NaN,2016
2.500000,23,NaN,2017
2.500000,23,NaN,2018
2.500000,24,NaN,2007
2.500000,24,NaN,2007
2.500000,24,NaN,2008
2.500000,24,148.000124,2009
2.500000,24,10.005522,2010
2.500000,24,NaN,2011
2.500000,24,NaN,2012
2.500000,24,NaN,2013
2.500000,24,10.781134,2014
2.500000,24,NaN,2015
2.500000,24,NaN,2016
2.500000,24,NaN,2017
2.500000,24,NaN,2018
2.500000,26,NaN,2007
2.500000,26,214.330024,2007
2.500000,26,119.999998,2008
2.500000,26,62.644309,2009
2.500000,27,NaN,2007
2.500000,27,145.834539,2007
2.500000,27,57.000000,2008
2.500000,27,70.999636,2009
2.500000,27,5.379568,2010
2.500000,27,NaN,2011
2.500000,27,NaN,2012
2.500000,27,NaN,2013
2.500000,27,12.000000,2014
2.500000,27,NaN,2015
2.500000,27,56.805464,2016
2.500000,27,NaN,2017
2.500000,27,NaN,2018
2.500000,28,NaN,2007
2.500000,28,182.941579,2007
2.500000,28,214.266023,2008
2.500000,28,114.745018,2009
2.500000,28,83.614831,2010
2.500000,28,NaN,2011
2.500000,28,12.094194,2012
2.500000,28,173.479406,2013
2.500000,28,54.376724,2014
2.500000,28,7.565370,2015
2.500000,30,NaN,2007
2.500000,30,NaN,2007
2.500000,30,73.451960,2008
2.500000,30,5.525198,2009
2.500000,30,39.612055,2010
2.500000,30,NaN,2011
2.500000,30,11.290143,2012
2.500000,30,NaN,2013
2.500000,30,NaN,2014
2.500000,30,NaN,2015
2.500000,30,57.009045,2016
2.500000,30,5.993120,2017
2.500000,30,153.161129,2018
2.500000,31,NaN,2007
2.500000,31,81.738347,2007
2.500000,31,59.567283,2008
2.500000,32,NaN,2007
2.500000,32,6.324268,2007
2.500000,32,60.039038,2008
2.500000,32,4.702348,2009
2.500000,32,137.725376,2010
2.500000,32,NaN,2011
2.500000,32,4.617160,2012
2.500000,32,NaN,2013
2.500000,32,53.275860,2014
2.500000,32,NaN,2015
2.500000,32,58.882189,2016
2.500000,32,NaN,2017
2.500000,32,NaN,2018
2.500000,34,NaN,2007
2.500000,34,142.123529,2008
2.500000,34,56.977199,2009
2.500000,34,5.129920,2010
2.500000,34,38.140742,2011
2.500000,34,4.286878,2012
2.500000,34,13.151218,2013
2.500000,34,10.096156,2014
2.500000,34,55.000000,2015
2.500000,34,NaN,2016
2.500000,34,58.972680,2017
2.500000,34,NaN,2018
2.500000,34,NaN,2019
2.500000,35,NaN,2007
2.500000,35,145.877294,2008
2.500000,35,60.778088,2009
2.500000,35,73.000006,2010
2.500000,35,139.999990,2011
2.500000,35,4.614535,2012
2.500000,35,12.198876,2013
2.500000,35,22.739968,2014
2.500000,35,52.068374,2015
2.500000,35,NaN,2016
2.500000,35,61.258738,2017
2.500000,35,72.658396,2018
2.500000,35,NaN,2019
2.500000,37,NaN,2007
2.500000,37,144.588513,2007
2.500000,37,61.245421,2008
2.500000,37,78.695689,2009
2.500000,37,174.502438,2010
2.500000,37,4.246133,2011
2.500000,37,NaN,2012
2.500000,37,147.626876,2013
2.500000,38,NaN,2007
2.500000,38,146.190097,2007
2.500000,38,61.191178,2008
2.500000,38,73.138732,2009
2.500000,38,NaN,2010
2.500000,38,NaN,2011
2.500000,38,12.082352,2012
2.500000,38,134.645216,2013
4.000000,1,NaN,2007
4.000000,1,24.264610,2007
4.000000,1,201.999999,2007
4.000000,1,78.513857,2007
4.000000,1,6.000001,2007
4.000000,1,73.418552,2007
4.000000,1,76.573172,2008
4.000000,1,87.573801,2009
4.000000,1,NaN,2010
4.000000,1,6.597449,2011
4.000000,2,NaN,2007
4.000000,2,NaN,2007
4.000000,2,14.613484,2007
4.000000,2,NaN,2007
4.000000,2,NaN,2007
4.000000,2,24.781062,2007
4.000000,2,NaN,2008
4.000000,2,9.000320,2009
4.000000,2,NaN,2010
4.000000,2,58.718151,2011
4.000000,3,NaN,2007
4.000000,3,NaN,2007
4.000000,3,228.999992,2007
4.000000,3,37.135125,2007
4.000000,3,NaN,2007
4.000000,3,28.872626,2007
4.000000,3,NaN,2008
4.000000,3,10.876531,2009
4.000000,3,NaN,2010
4.000000,3,25.231627,2011
4.000000,4,NaN,2007
4.000000,4,16.999973,2007
4.000000,4,10.578113,2007
4.000000,4,30.221137,2007
4.000000,4,NaN,2007
4.000000,4,25.896920,2007
4.000000,4,NaN,2008
4.000000,4,27.769062,2009
4.000000,4,52.187050,2010
4.000000,5,NaN,2007
4.000000,5,3.625322,2007
4.000000,5,196.005505,2007
4.000000,5,NaN,2007
4.000000,5,NaN,2007
4.000000,5,42.479732,2007
4.000000,5,72.403949,2008
4.000000,5,42.781476,2009
4.000000,5,129.043233,2010
4.000000,6,NaN,2007
4.000000,6,NaN,2007
4.000000,6,203.359550,2007
4.000000,6,24.487211,2007
4.000000,6,23.058492,2007
4.000000,6,33.966435,2007
4.000000,6,40.160483,2008
4.000000,6,25.718816,2009
4.000000,6,113.364015,2010
4.000000,7,NaN,2007
4.000000,7,NaN,2007
4.000000,7,12.159461,2007
4.000000,7,25.873063,2007
4.000000,7,36.572107,2007
4.000000,7,12.571189,2007
4.000000,7,NaN,2008
4.000000,7,39.412750,2009
4.000000,7,NaN,2010
4.000000,7,127.000088,2011
4.000000,8,NaN,2007
4.000000,8,NaN,2007
4.000000,8,213.000000,2007
4.000000,8,42.049352,2007
4.000000,8,NaN,2007
4.000000,8,91.358764,2007
4.000000,8,149.340211,2008
4.000000,8,82.999608,2009
4.000000,8,NaN,2010
4.000000,9,NaN,2007
4.000000,9,4.629614,2007
4.000000,9,205.000035,2007
4.000000,10,NaN,2007
4.000000,10,16.591785,2007
4.000000,10,214.000003,2007
4.000000,10,61.743085,2007
4.000000,10,NaN,2007
4.000000,10,96.854085,2007
4.000000,10,NaN,2008
4.000000,10,186.506826,2009
4.000000,10,NaN,2010
4.000000,10,NaN,2011
4.000000,10,73.066759,2012
4.000000,11,NaN,2007
4.000000,11,3.757347,2007
4.000000,11,212.812505,2007
4.000000,11,41.864808,2007
4.000000,11,NaN,2007
4.000000,11,91.000033,2007
4.000000,11,152.828517,2008
4.000000,11,NaN,2009
4.000000,11,NaN,2010
4.000000,11,45.605965,2011
4.000000,12,NaN,2007
4.000000,12,11.918377,2007
4.000000,12,213.017554,2007
4.000000,12,41.981923,2007
4.000000,12,NaN,2007
4.000000,12,91.358871,2007
4.000000,13,NaN,2007
4.000000,13,NaN,2007
4.000000,13,14.104612,2007
4.000000,13,56.724004,2007
4.000000,13,NaN,2007
4.000000,13,93.000308,2007
4.000000,13,158.695468,2008
4.000000,13,122.999927,2009
4.000000,13,188.605724,2010
4.000000,14,NaN,2007
4.000000,14,NaN,2007
4.000000,14,216.998862,2007
4.000000,14,40.217489,2007
4.000000,14,NaN,2007
4.000000,14,94.958129,2007
4.000000,14,236.000006,2008
4.000000,14,123.000339,2009
4.000000,14,NaN,2010
4.000000,15,NaN,2007
4.000000,15,NaN,2007
4.000000,15,216.002366,2007
4.000000,15,40.063045,2007
4.000000,15,NaN,2007
4.000000,15,93.002461,2007
4.000000,15,187.221439,2008
4.000000,15,83.520231,2009
4.000000,15,NaN,2010
4.000000,15,185.999252,2011
4.000000,15,NaN,2012
4.000000,16,NaN,2007
4.000000,16,NaN,2007
4.000000,16,215.817502,2007
4.000000,16,39.787955,2007
4.000000,16,NaN,2007
4.000000,16,94.000006,2007
4.000000,16,178.999995,2008
4.000000,16,123.966929,2009
4.000000,16,207.505883,2010
4.000000,16,185.882146,2011
4.000000,16,NaN,2012
4.000000,17,NaN,2007
4.000000,17,NaN,2007
4.000000,17,NaN,2007
4.000000,17,56.613632,2007
4.000000,17,NaN,2007
4.000000,17,93.000000,2007
4.000000,17,176.586254,2008
4.000000,17,124.000005,2009
4.000000,18,NaN,2007
4.000000,18,19.224906,2007
4.000000,18,10.548621,2007
4.000000,18,22.147697,2007
4.000000,18,NaN,2007
4.000000,18,7.039347,2007
4.000000,18,NaN,2008
4.000000,18,55.258202,2009
4.000000,18,85.016851,2010
10.000000,1,NaN,2007
10.000000,1,146.798864,2008
10.000000,1,62.999978,2009
10.000000,1,141.994952,2010
10.000000,1,169.000142,2011
10.000000,1,NaN,2012
10.000000,1,13.051499,2013
10.000000,1,161.000006,2014
10.000000,1,55.118338,2015
10.000000,1,NaN,2016
10.000000,1,58.647487,2017
10.000000,1,9.093270,2018
10.000000,1,NaN,2019
