2.500000e+00,19,21-Jul-2006,2007
2.500000e+00,19,15-Aug-2007,2008
2.500000e+00,19,12-Jul-2008,2009
2.500000e+00,19,01-Sep-2009,2010
2.500000e+00,19,NaT,2011
2.500000e+00,19,03-Aug-2011,2012
2.500000e+00,19,NaT,2013
2.500000e+00,19,NaT,2014
2.500000e+00,19,NaT,2015
2.500000e+00,19,NaT,2016
2.500000e+00,19,03-Oct-2016,2017
2.500000e+00,19,12-Jan-2018,2018
2.500000e+00,19,29-Dec-2018,2019
2.500000e+00,20,23-Nov-2006,2007
2.500000e+00,20,21-Aug-2007,2008
2.500000e+00,20,26-Jul-2008,2009
2.500000e+00,20,25-Aug-2009,2010
2.500000e+00,20,19-Aug-2010,2011
2.500000e+00,20,24-Aug-2011,2012
2.500000e+00,20,05-Sep-2012,2013
2.500000e+00,20,NaT,2014
2.500000e+00,20,NaT,2015
2.500000e+00,20,24-May-2015,2016
2.500000e+00,20,14-Oct-2016,2017
2.500000e+00,20,18-Dec-2017,2018
2.500000e+00,20,26-Jun-2018,2019
2.500000e+00,23,30-Jul-2006,2007
2.500000e+00,23,17-Aug-2007,2008
2.500000e+00,23,29-Aug-2008,2009
2.500000e+00,23,NaT,2010
2.500000e+00,23,NaT,2011
2.500000e+00,23,NaT,2012
2.500000e+00,23,NaT,2013
2.500000e+00,23,NaT,2014
2.500000e+00,23,NaT,2015
2.500000e+00,23,NaT,2016
2.500000e+00,23,21-Dec-2016,2017
2.500000e+00,23,NaT,2018
2.500000e+00,24,18-Jul-2006,2007
2.500000e+00,24,NaT,2007
2.500000e+00,24,09-Sep-2008,2008
2.500000e+00,24,20-Aug-2009,2009
2.500000e+00,24,13-Sep-2010,2010
2.500000e+00,24,NaT,2011
2.500000e+00,24,NaT,2012
2.500000e+00,24,NaT,2013
2.500000e+00,24,NaT,2014
2.500000e+00,24,NaT,2015
2.500000e+00,24,NaT,2016
2.500000e+00,24,NaT,2017
2.500000e+00,24,03-Oct-2018,2018
2.500000e+00,26,19-Jul-2006,2007
2.500000e+00,26,16-Aug-2007,2007
2.500000e+00,26,29-Aug-2008,2008
2.500000e+00,26,NaT,2009
2.500000e+00,27,01-Aug-2006,2007
2.500000e+00,27,NaT,2007
2.500000e+00,27,NaT,2008
2.500000e+00,27,20-Jul-2009,2009
2.500000e+00,27,NaT,2010
2.500000e+00,27,NaT,2011
2.500000e+00,27,NaT,2012
2.500000e+00,27,NaT,2013
2.500000e+00,27,14-Jul-2014,2014
2.500000e+00,27,NaT,2015
2.500000e+00,27,NaT,2016
2.500000e+00,27,30-Dec-2017,2017
2.500000e+00,27,23-Dec-2018,2018
2.500000e+00,28,27-Aug-2006,2007
2.500000e+00,28,24-Jul-2007,2007
2.500000e+00,28,NaT,2008
2.500000e+00,28,15-Jul-2009,2009
2.500000e+00,28,NaT,2010
2.500000e+00,28,12-Oct-2011,2011
2.500000e+00,28,29-Aug-2012,2012
2.500000e+00,28,19-Aug-2013,2013
2.500000e+00,28,28-Jun-2014,2014
2.500000e+00,28,NaT,2015
2.500000e+00,30,22-Nov-2006,2007
2.500000e+00,30,NaT,2007
2.500000e+00,30,24-Dec-2008,2008
2.500000e+00,30,19-Jul-2009,2009
2.500000e+00,30,NaT,2010
2.500000e+00,30,31-Aug-2011,2011
2.500000e+00,30,NaT,2012
2.500000e+00,30,NaT,2013
2.500000e+00,30,12-Jul-2014,2014
2.500000e+00,30,NaT,2015
2.500000e+00,30,13-Oct-2016,2016
2.500000e+00,30,NaT,2017
2.500000e+00,30,19-Dec-2018,2018
2.500000e+00,31,06-Oct-2006,2007
2.500000e+00,31,24-Sep-2007,2008
2.500000e+00,31,27-Dec-2008,2009
2.500000e+00,32,08-Jun-2006,2007
2.500000e+00,32,30-Jul-2007,2007
2.500000e+00,32,23-Dec-2008,2008
2.500000e+00,32,05-Jan-2010,2009
2.500000e+00,32,NaT,2010
2.500000e+00,32,30-Aug-2011,2011
2.500000e+00,32,NaT,2012
2.500000e+00,32,NaT,2013
2.500000e+00,32,22-Jun-2014,2014
2.500000e+00,32,NaT,2015
2.500000e+00,32,08-Oct-2016,2016
2.500000e+00,32,28-Dec-2017,2017
2.500000e+00,32,20-Dec-2018,2018
2.500000e+00,34,23-Nov-2006,2007
2.500000e+00,34,29-Jul-2007,2008
2.500000e+00,34,NaT,2009
2.500000e+00,34,NaT,2010
2.500000e+00,34,13-Dec-2010,2011
2.500000e+00,34,NaT,2012
2.500000e+00,34,NaT,2013
2.500000e+00,34,NaT,2014
2.500000e+00,34,NaT,2015
2.500000e+00,34,NaT,2016
2.500000e+00,34,06-Oct-2016,2017
2.500000e+00,34,20-Nov-2017,2018
2.500000e+00,34,06-Nov-2018,2019
2.500000e+00,35,NaT,2007
2.500000e+00,35,05-Aug-2007,2008
2.500000e+00,35,24-Dec-2008,2009
2.500000e+00,35,31-Dec-2009,2010
2.500000e+00,35,NaT,2011
2.500000e+00,35,01-Dec-2011,2012
2.500000e+00,35,25-Aug-2012,2013
2.500000e+00,35,16-Aug-2013,2014
2.500000e+00,35,30-Jun-2014,2015
2.500000e+00,35,NaT,2016
2.500000e+00,35,17-Oct-2016,2017
2.500000e+00,35,03-Jan-2018,2018
2.500000e+00,35,11-Jul-2018,2019
2.500000e+00,37,NaT,2007
2.500000e+00,37,19-Jul-2007,2008
2.500000e+00,37,23-Dec-2008,2009
2.500000e+00,37,02-Jun-2009,2010
2.500000e+00,37,22-Sep-2010,2011
2.500000e+00,37,NaT,2012
2.500000e+00,37,24-Dec-2012,2013
2.500000e+00,37,17-Jul-2013,2014
2.500000e+00,38,22-Nov-2006,2007
2.500000e+00,38,29-Jul-2007,2007
2.500000e+00,38,21-Dec-2008,2008
2.500000e+00,38,09-Jan-2010,2009
2.500000e+00,38,21-Jul-2010,2010
2.500000e+00,38,01-Dec-2011,2011
2.500000e+00,38,30-Aug-2012,2012
2.500000e+00,38,28-Sep-2013,2013
4,1,NaT,2007
4,1,28-Jul-2002,2007
4,1,NaT,2007
4,1,NaT,2007
4,1,11-Sep-2005,2007
4,1,14-Sep-2006,2007
4,1,19-Aug-2007,2008
4,1,25-Sep-2008,2009
4,1,15-Oct-2009,2010
4,1,25-Aug-2010,2011
4,2,15-Aug-2001,2007
4,2,30-Sep-2002,2007
4,2,26-Jul-2003,2007
4,2,08-Oct-2004,2007
4,2,NaT,2007
4,2,30-Jul-2006,2007
4,2,13-Jul-2007,2008
4,2,15-Dec-2008,2009
4,2,06-Oct-2009,2010
4,2,NaT,2011
4,3,NaT,2007
4,3,18-Jul-2002,2007
4,3,NaT,2007
4,3,NaT,2007
4,3,26-Sep-2005,2007
4,3,25-Jul-2006,2007
4,3,NaT,2008
4,3,28-Dec-2008,2009
4,3,NaT,2010
4,3,18-Aug-2010,2011
4,4,16-Sep-2001,2007
4,4,NaT,2007
4,4,26-Jul-2003,2007
4,4,07-Aug-2004,2007
4,4,NaT,2007
4,4,31-Jul-2006,2007
4,4,NaT,2008
4,4,30-Dec-2008,2009
4,4,27-Jul-2009,2010
4,5,NaT,2007
4,5,NaT,2007
4,5,NaT,2007
4,5,NaT,2007
4,5,20-Oct-2005,2007
4,5,02-Aug-2006,2007
4,5,03-Feb-2008,2008
4,5,21-Dec-2008,2009
4,5,NaT,2010
4,6,08-Nov-2001,2007
4,6,NaT,2007
4,6,11-Dec-2003,2007
4,6,23-Feb-2005,2007
4,6,NaT,2007
4,6,04-Aug-2006,2007
4,6,12-Feb-2008,2008
4,6,04-Jan-2009,2009
4,6,NaT,2010
4,7,NaT,2007
4,7,NaT,2007
4,7,26-Jul-2003,2007
4,7,07-Sep-2004,2007
4,7,NaT,2007
4,7,31-Jul-2006,2007
4,7,01-Aug-2007,2008
4,7,NaT,2009
4,7,05-Jul-2009,2010
4,7,20-Dec-2010,2011
4,8,NaT,2007
4,8,10-Aug-2002,2007
4,8,25-Aug-2003,2007
4,8,23-Jul-2004,2007
4,8,04-Oct-2005,2007
4,8,23-Aug-2006,2007
4,8,04-Aug-2007,2008
4,8,NaT,2009
4,8,28-Sep-2009,2010
4,9,NaT,2007
4,9,19-Aug-2002,2007
4,9,26-Jul-2003,2007
4,10,NaT,2007
4,10,05-Jul-2002,2007
4,10,11-Aug-2003,2007
4,10,01-Aug-2004,2007
4,10,23-Sep-2005,2007
4,10,04-Aug-2006,2007
4,10,NaT,2008
4,10,NaT,2009
4,10,18-Oct-2009,2010
4,10,07-Aug-2010,2011
4,10,NaT,2012
4,11,NaT,2007
4,11,06-Jul-2002,2007
4,11,28-Jan-2004,2007
4,11,10-Sep-2004,2007
4,11,29-Sep-2005,2007
4,11,31-Jul-2006,2007
4,11,NaT,2008
4,11,04-Aug-2008,2009
4,11,02-Oct-2009,2010
4,11,24-Dec-2010,2011
4,12,NaT,2007
4,12,25-Sep-2002,2007
4,12,23-Aug-2003,2007
4,12,14-Aug-2004,2007
4,12,28-Sep-2005,2007
4,12,12-Aug-2006,2007
4,13,NaT,2007
4,13,13-Sep-2002,2007
4,13,NaT,2007
4,13,13-Sep-2004,2007
4,13,17-Sep-2005,2007
4,13,NaT,2007
4,13,12-Aug-2007,2008
4,13,02-Jan-2009,2009
4,13,17-Aug-2009,2010
4,14,NaT,2007
4,14,05-Aug-2002,2007
4,14,31-Jul-2003,2007
4,14,NaT,2007
4,14,12-Aug-2005,2007
4,14,08-Sep-2006,2007
4,14,15-Aug-2007,2008
4,14,24-Aug-2008,2009
4,14,17-Aug-2009,2010
4,15,NaT,2007
4,15,08-Aug-2002,2007
4,15,06-Oct-2003,2007
4,15,27-Sep-2004,2007
4,15,07-Oct-2005,2007
4,15,12-Sep-2006,2007
4,15,20-Aug-2007,2008
4,15,03-Sep-2008,2009
4,15,01-Sep-2009,2010
4,15,22-Aug-2010,2011
4,15,22-Sep-2011,2012
4,16,NaT,2007
4,16,17-Aug-2002,2007
4,16,23-Aug-2003,2007
4,16,30-Sep-2004,2007
4,16,14-Oct-2005,2007
4,16,04-Dec-2006,2007
4,16,NaT,2008
4,16,22-Aug-2008,2009
4,16,20-Oct-2009,2010
4,16,19-Sep-2010,2011
4,16,NaT,2012
4,17,NaT,2007
4,17,04-Aug-2002,2007
4,17,01-Sep-2003,2007
4,17,19-Aug-2004,2007
4,17,01-Oct-2005,2007
4,17,26-Jul-2006,2007
4,17,10-Aug-2007,2008
4,17,18-Aug-2008,2009
4,18,NaT,2007
4,18,NaT,2007
4,18,10-Sep-2003,2007
4,18,16-Sep-2004,2007
4,18,10-Aug-2005,2007
4,18,22-Jul-2006,2007
4,18,07-Aug-2007,2008
4,18,20-Aug-2008,2009
4,18,05-Jul-2009,2010
10,1,21-Jul-2006,2007
10,1,03-Aug-2007,2008
10,1,NaT,2009
10,1,19-Jul-2009,2010
10,1,12-Aug-2010,2011
10,1,11-Aug-2011,2012
10,1,15-Jul-2012,2013
10,1,14-Aug-2013,2014
10,1,30-Jun-2014,2015
10,1,NaT,2016
10,1,21-Sep-2016,2017
10,1,02-Jan-2018,2018
10,1,20-Dec-2018,2019
