3 19 -297.000000 2007 
3 19 -290.000000 2008 
3 19 -153.000000 2009 
3 19 -296.000000 2010 
3 19 NaN 2011 
3 19 -260.000000 2012 
3 19 NaN 2013 
3 19 NaN 2014 
3 19 NaN 2015 
3 19 NaN 2016 
3 19 -258.000000 2017 
3 19 -172.000000 2018 
3 19 -186.000000 2019 
3 20 -228.000000 2007 
3 20 -321.000000 2008 
3 20 -300.000000 2009 
3 20 -296.000000 2010 
3 20 -201.000000 2011 
3 20 -304.000000 2012 
3 20 -288.000000 2013 
3 20 NaN 2014 
3 20 NaN 2015 
3 20 -208.000000 2016 
3 20 -240.000000 2017 
3 20 -200.000000 2018 
3 20 -280.000000 2019 
3 23 -283.000000 2007 
3 23 -298.000000 2008 
3 23 -261.000000 2009 
3 23 NaN 2010 
3 23 NaN 2011 
3 23 NaN 2012 
3 23 NaN 2013 
3 23 NaN 2014 
3 23 NaN 2015 
3 23 NaN 2016 
3 23 -142.000000 2017 
3 23 NaN 2018 
3 24 64.000000 2007 
3 24 NaN 2007 
3 24 92.000000 2008 
3 24 81.000000 2009 
3 24 165.000000 2010 
3 24 NaN 2011 
3 24 NaN 2012 
3 24 NaN 2013 
3 24 NaN 2014 
3 24 NaN 2015 
3 24 NaN 2016 
3 24 NaN 2017 
3 24 102.000000 2018 
3 26 73.000000 2007 
3 26 61.000000 2007 
3 26 99.000000 2008 
3 26 NaN 2009 
3 27 32.000000 2007 
3 27 NaN 2007 
3 27 NaN 2008 
3 27 61.000000 2009 
3 27 NaN 2010 
3 27 NaN 2011 
3 27 NaN 2012 
3 27 NaN 2013 
3 27 44.000000 2014 
3 27 NaN 2015 
3 27 NaN 2016 
3 27 195.000000 2017 
3 27 161.000000 2018 
3 28 55.000000 2007 
3 28 45.000000 2007 
3 28 NaN 2008 
3 28 37.000000 2009 
3 28 NaN 2010 
3 28 95.000000 2011 
3 28 80.000000 2012 
3 28 43.000000 2013 
3 28 NaN 2014 
3 28 NaN 2015 
3 30 130.000000 2007 
3 30 NaN 2007 
3 30 171.000000 2008 
3 30 48.000000 2009 
3 30 NaN 2010 
3 30 55.000000 2011 
3 30 NaN 2012 
3 30 NaN 2013 
3 30 20.000000 2014 
3 30 NaN 2015 
3 30 112.000000 2016 
3 30 NaN 2017 
3 30 161.000000 2018 
3 31 -269.000000 2007 
3 31 -288.000000 2008 
3 31 -188.000000 2009 
3 32 72.000000 2007 
3 32 32.000000 2007 
3 32 168.000000 2008 
3 32 172.000000 2009 
3 32 NaN 2010 
3 32 47.000000 2011 
3 32 NaN 2012 
3 32 NaN 2013 
3 32 10.000000 2014 
3 32 NaN 2015 
3 32 99.000000 2016 
3 32 229.000000 2017 
3 32 164.000000 2018 
3 34 -230.000000 2007 
3 34 -317.000000 2008 
3 34 NaN 2009 
3 34 NaN 2010 
3 34 -211.000000 2011 
3 34 NaN 2012 
3 34 NaN 2013 
3 34 NaN 2014 
3 34 NaN 2015 
3 34 NaN 2016 
3 34 -259.000000 2017 
3 34 -129.000000 2018 
3 34 -140.000000 2019 
3 35 NaN 2007 
3 35 -333.000000 2008 
3 35 -197.000000 2009 
3 35 -190.000000 2010 
3 35 NaN 2011 
3 35 -222.000000 2012 
3 35 -307.000000 2013 
3 35 -317.000000 2014 
3 35 -342.000000 2015 
3 35 NaN 2016 
3 35 -188.000000 2017 
3 35 -143.000000 2018 
3 35 -341.000000 2019 
3 37 NaN 2007 
3 37 -322.000000 2008 
3 37 -190.000000 2009 
3 37 -216.000000 2010 
3 37 -290.000000 2011 
3 37 NaN 2012 
3 37 -190.000000 2013 
3 37 -278.000000 2014 
3 38 134.000000 2007 
3 38 24.000000 2007 
3 38 166.000000 2008 
3 38 323.000000 2009 
3 38 111.000000 2010 
3 38 143.000000 2011 
3 38 72.000000 2012 
3 38 79.000000 2013 
4 1 NaN 2007 
4 1 -1348.000000 2007 
4 1 NaN 2007 
4 1 NaN 2007 
4 1 -186.000000 2007 
4 1 -284.000000 2007 
4 1 -307.000000 2008 
4 1 -280.000000 2009 
4 1 -251.000000 2010 
4 1 -308.000000 2011 
4 2 -1663.000000 2007 
4 2 -1356.000000 2007 
4 2 -896.000000 2007 
4 2 -553.000000 2007 
4 2 NaN 2007 
4 2 -252.000000 2007 
4 2 -309.000000 2008 
4 2 -141.000000 2009 
4 2 -243.000000 2010 
4 2 NaN 2011 
4 3 NaN 2007 
4 3 -1348.000000 2007 
4 3 NaN 2007 
4 3 NaN 2007 
4 3 -252.000000 2007 
4 3 -299.000000 2007 
4 3 NaN 2008 
4 3 -186.000000 2009 
4 3 NaN 2010 
4 3 -204.000000 2011 
4 4 -1727.000000 2007 
4 4 NaN 2007 
4 4 -952.000000 2007 
4 4 -611.000000 2007 
4 4 NaN 2007 
4 4 -278.000000 2007 
4 4 NaN 2008 
4 4 -189.000000 2009 
4 4 -300.000000 2010 
4 5 NaN 2007 
4 5 NaN 2007 
4 5 NaN 2007 
4 5 NaN 2007 
4 5 -174.000000 2007 
4 5 -331.000000 2007 
4 5 -137.000000 2008 
4 5 -191.000000 2009 
4 5 NaN 2010 
4 6 -1691.000000 2007 
4 6 NaN 2007 
4 6 -909.000000 2007 
4 6 -492.000000 2007 
4 6 NaN 2007 
4 6 -260.000000 2007 
4 6 -131.000000 2008 
4 6 -173.000000 2009 
4 6 NaN 2010 
4 7 NaN 2007 
4 7 NaN 2007 
4 7 -915.000000 2007 
4 7 -660.000000 2007 
4 7 NaN 2007 
4 7 -262.000000 2007 
4 7 -326.000000 2008 
4 7 NaN 2009 
4 7 -303.000000 2010 
4 7 -197.000000 2011 
4 8 NaN 2007 
4 8 -1331.000000 2007 
4 8 -877.000000 2007 
4 8 -530.000000 2007 
4 8 -208.000000 2007 
4 8 -265.000000 2007 
4 8 -278.000000 2008 
4 8 NaN 2009 
4 8 -211.000000 2010 
4 9 NaN 2007 
4 9 -1340.000000 2007 
4 9 -839.000000 2007 
4 10 NaN 2007 
4 10 -1335.000000 2007 
4 10 -887.000000 2007 
4 10 -590.000000 2007 
4 10 -227.000000 2007 
4 10 -283.000000 2007 
4 10 NaN 2008 
4 10 NaN 2009 
4 10 -254.000000 2010 
4 10 -207.000000 2011 
4 10 NaN 2012 
4 11 NaN 2007 
4 11 -1331.000000 2007 
4 11 -864.000000 2007 
4 11 -647.000000 2007 
4 11 -227.000000 2007 
4 11 -302.000000 2007 
4 11 NaN 2008 
4 11 -285.000000 2009 
4 11 -256.000000 2010 
4 11 -196.000000 2011 
4 12 NaN 2007 
4 12 -1359.000000 2007 
4 12 -904.000000 2007 
4 12 -573.000000 2007 
4 12 -219.000000 2007 
4 12 -289.000000 2007 
4 13 NaN 2007 
4 13 -1351.000000 2007 
4 13 NaN 2007 
4 13 -637.000000 2007 
4 13 -220.000000 2007 
4 13 NaN 2007 
4 13 -301.000000 2008 
4 13 -154.000000 2009 
4 13 -255.000000 2010 
4 14 NaN 2007 
4 14 -1342.000000 2007 
4 14 -892.000000 2007 
4 14 NaN 2007 
4 14 -123.000000 2007 
4 14 -298.000000 2007 
4 14 -296.000000 2008 
4 14 -259.000000 2009 
4 14 -252.000000 2010 
4 15 NaN 2007 
4 15 -1352.000000 2007 
4 15 -971.000000 2007 
4 15 -626.000000 2007 
4 15 -213.000000 2007 
4 15 -293.000000 2007 
4 15 -278.000000 2008 
4 15 -259.000000 2009 
4 15 -248.000000 2010 
4 15 -231.000000 2011 
4 15 -261.000000 2012 
4 16 NaN 2007 
4 16 -1351.000000 2007 
4 16 -899.000000 2007 
4 16 -630.000000 2007 
4 16 -209.000000 2007 
4 16 -198.000000 2007 
4 16 NaN 2008 
4 16 -280.000000 2009 
4 16 -263.000000 2010 
4 16 -240.000000 2011 
4 16 NaN 2012 
4 17 NaN 2007 
4 17 -1351.000000 2007 
4 17 -909.000000 2007 
4 17 -585.000000 2007 
4 17 -204.000000 2007 
4 17 -282.000000 2007 
4 17 -294.000000 2008 
4 17 -257.000000 2009 
4 18 NaN 2007 
4 18 NaN 2007 
4 18 -967.000000 2007 
4 18 -652.000000 2007 
4 18 -165.000000 2007 
4 18 -290.000000 2007 
4 18 -320.000000 2008 
4 18 -274.000000 2009 
4 18 -306.000000 2010 
10 1 -269.000000 2007 
10 1 -299.000000 2008 
10 1 NaN 2009 
10 1 -267.000000 2010 
10 1 -192.000000 2011 
10 1 -254.000000 2012 
10 1 -186.000000 2013 
10 1 -313.000000 2014 
10 1 -338.000000 2015 
10 1 NaN 2016 
10 1 -228.000000 2017 
10 1 -169.000000 2018 
10 1 -195.000000 2019 
