3 19 75.655406 2007 
3 19 53.204508 2008 
3 19 22.555889 2009 
3 19 41.956674 2010 
3 19 NaN 2011 
3 19 132.999971 2012 
3 19 42.003266 2013 
3 19 29.196612 2014 
3 19 10.000023 2015 
3 19 NaN 2016 
3 19 50.147512 2017 
3 19 14.150359 2018 
3 19 21.261500 2019 
3 20 77.772210 2007 
3 20 60.797070 2008 
3 20 37.179233 2009 
3 20 42.577822 2010 
3 20 19.754031 2011 
3 20 13.456765 2012 
3 20 106.576686 2013 
3 20 151.737030 2014 
3 20 NaN 2015 
3 20 174.898467 2016 
3 20 71.532606 2017 
3 20 13.996874 2018 
3 20 93.510772 2019 
3 19 75.655406 2007 
3 19 53.204508 2008 
3 19 22.555889 2009 
3 19 41.956674 2010 
3 19 NaN 2011 
3 19 132.999971 2012 
3 19 42.003266 2013 
3 19 29.196612 2014 
3 19 10.000023 2015 
3 19 NaN 2016 
3 19 50.147512 2017 
3 19 14.150359 2018 
3 19 21.261500 2019 
3 20 77.772210 2007 
3 20 60.797070 2008 
3 20 37.179233 2009 
3 20 42.577822 2010 
3 20 19.754031 2011 
3 20 13.456765 2012 
3 20 106.576686 2013 
3 20 151.737030 2014 
3 20 NaN 2015 
3 20 174.898467 2016 
3 20 71.532606 2017 
3 20 13.996874 2018 
3 20 93.510772 2019 
3 23 75.697953 2007 
3 23 53.000013 2008 
3 23 36.372723 2009 
3 23 180.828892 2010 
3 23 NaN 2011 
3 23 NaN 2012 
3 23 NaN 2013 
3 23 NaN 2014 
3 23 NaN 2015 
3 23 NaN 2016 
3 23 NaN 2017 
3 23 NaN 2018 
3 24 73.818442 2007 
3 24 NaN 2007 
3 24 102.000022 2008 
3 24 89.202871 2009 
3 24 105.084397 2010 
3 24 NaN 2011 
3 24 NaN 2012 
3 24 NaN 2013 
3 24 NaN 2014 
3 24 NaN 2015 
3 24 NaN 2016 
3 24 NaN 2017 
3 24 NaN 2018 
3 26 72.063605 2007 
3 26 59.618007 2007 
3 26 38.804258 2008 
3 26 51.999229 2009 
3 27 69.515651 2007 
3 27 42.449549 2007 
3 27 90.802074 2008 
3 27 19.752919 2009 
3 27 167.757477 2010 
3 27 NaN 2011 
3 27 NaN 2012 
3 27 NaN 2013 
3 27 89.157197 2014 
3 27 NaN 2015 
3 27 38.298896 2016 
3 27 NaN 2017 
3 27 NaN 2018 
3 28 NaN 2007 
3 28 34.309481 2007 
3 28 5.470465 2008 
3 28 21.520820 2009 
3 28 189.396712 2010 
3 28 23.407829 2011 
3 28 60.131742 2012 
3 28 28.074961 2013 
3 28 42.764367 2014 
3 28 NaN 2015 
3 30 NaN 2007 
3 30 NaN 2007 
3 30 92.768017 2008 
3 30 19.596956 2009 
3 30 14.483602 2010 
3 30 68.999999 2011 
3 30 NaN 2012 
3 30 NaN 2013 
3 30 33.900655 2014 
3 30 NaN 2015 
3 30 33.275763 2016 
3 30 18.868292 2017 
3 30 98.827798 2018 
3 31 23.993120 2007 
3 31 41.278294 2007 
3 31 90.607576 2008 
3 32 77.895919 2007 
3 32 50.684961 2007 
3 32 97.999795 2008 
3 32 6.350170 2009 
3 32 226.585267 2010 
3 32 28.492373 2011 
3 32 136.907503 2012 
3 32 NaN 2013 
3 32 48.560584 2014 
3 32 NaN 2015 
3 32 43.459789 2016 
3 32 NaN 2017 
3 32 NaN 2018 
3 34 83.823348 2007 
3 34 92.437005 2008 
3 34 45.826681 2009 
3 34 7.823252 2010 
3 34 17.877995 2011 
3 34 26.001712 2012 
3 34 93.351440 2013 
3 34 175.866316 2014 
3 34 48.763155 2015 
3 34 NaN 2016 
3 34 46.463592 2017 
3 34 NaN 2018 
3 34 NaN 2019 
3 35 NaN 2007 
3 35 51.400019 2008 
3 35 88.455173 2009 
3 35 7.224175 2010 
3 35 24.485711 2011 
3 35 130.676565 2012 
3 35 57.516213 2013 
3 35 57.671368 2014 
3 35 48.790850 2015 
3 35 NaN 2016 
3 35 39.813326 2017 
3 35 27.615604 2018 
3 35 NaN 2019 
3 37 NaN 2007 
3 37 59.563664 2007 
3 37 42.525151 2008 
3 37 4.739506 2009 
3 37 23.980532 2010 
3 37 23.694948 2011 
3 37 10.516218 2012 
3 37 60.505124 2013 
3 38 NaN 2007 
3 38 43.785021 2007 
3 38 87.893539 2008 
3 38 9.999975 2009 
3 38 NaN 2010 
3 38 77.999998 2011 
3 38 103.126537 2012 
3 38 59.427951 2013 
4 1 NaN 2007 
4 1 57.923217 2007 
4 1 94.865108 2007 
4 1 6.247738 2007 
4 1 116.013659 2007 
4 1 80.837261 2007 
4 1 69.914152 2008 
4 1 142.897948 2009 
4 1 NaN 2010 
4 1 NaN 2011 
4 2 NaN 2007 
4 2 NaN 2007 
4 2 40.593351 2007 
4 2 NaN 2007 
4 2 16.688921 2007 
4 2 60.189980 2007 
4 2 NaN 2008 
4 2 5.792134 2009 
4 2 NaN 2010 
4 2 9.000109 2011 
4 3 NaN 2007 
4 3 NaN 2007 
4 3 35.363112 2007 
4 3 5.645738 2007 
4 3 15.170734 2007 
4 3 42.120533 2007 
4 3 NaN 2008 
4 3 3.962711 2009 
4 3 NaN 2010 
4 3 11.774890 2011 
4 4 20.214682 2007 
4 4 24.068882 2007 
4 4 37.130805 2007 
4 4 19.417003 2007 
4 4 19.855615 2007 
4 4 75.209701 2007 
4 4 NaN 2008 
4 4 95.517678 2009 
4 4 21.622386 2010 
4 5 NaN 2007 
4 5 58.619337 2007 
4 5 27.270911 2007 
4 5 NaN 2007 
4 5 63.779853 2007 
4 5 86.362605 2007 
4 5 25.589469 2008 
4 5 14.811088 2009 
4 5 4.361552 2010 
4 6 38.668032 2007 
4 6 NaN 2007 
4 6 84.916850 2007 
4 6 7.656705 2007 
4 6 156.764477 2007 
4 6 75.334099 2007 
4 6 35.569400 2008 
4 6 9.106014 2009 
4 6 26.812381 2010 
4 7 22.543189 2007 
4 7 NaN 2007 
4 7 84.799763 2007 
4 7 20.099779 2007 
4 7 81.918317 2007 
4 7 71.339003 2007 
4 7 NaN 2008 
4 7 42.327919 2009 
4 7 NaN 2010 
4 7 9.266863 2011 
4 8 NaN 2007 
4 8 NaN 2007 
4 8 41.309193 2007 
4 8 65.000000 2007 
4 8 121.894764 2007 
4 8 41.992349 2007 
4 8 62.148816 2008 
4 8 30.138491 2009 
4 8 NaN 2010 
4 9 NaN 2007 
4 9 19.205408 2007 
4 9 40.892901 2007 
4 10 NaN 2007 
4 10 44.930209 2007 
4 10 41.340902 2007 
4 10 7.239377 2007 
4 10 119.429886 2007 
4 10 30.934969 2007 
4 10 NaN 2008 
4 10 15.861756 2009 
4 10 NaN 2010 
4 10 NaN 2011 
4 10 14.710997 2012 
4 11 NaN 2007 
4 11 19.215577 2007 
4 11 41.269669 2007 
4 11 42.842477 2007 
4 11 100.693501 2007 
4 11 42.509405 2007 
4 11 42.421166 2008 
4 11 31.579334 2009 
4 11 NaN 2010 
4 11 13.460504 2011 
4 12 NaN 2007 
4 12 20.433719 2007 
4 12 41.354551 2007 
4 12 65.000000 2007 
4 12 121.900796 2007 
4 12 41.988049 2007 
4 13 NaN 2007 
4 13 NaN 2007 
4 13 42.004535 2007 
4 13 30.000002 2007 
4 13 115.140884 2007 
4 13 75.399460 2007 
4 13 54.484968 2008 
4 13 29.458789 2009 
4 13 39.293701 2010 
4 14 NaN 2007 
4 14 NaN 2007 
4 14 42.000118 2007 
4 14 30.000009 2007 
4 14 115.352481 2007 
4 14 67.826141 2007 
4 14 54.122491 2008 
4 14 28.385977 2009 
4 14 NaN 2010 
4 15 NaN 2007 
4 15 NaN 2007 
4 15 45.867351 2007 
4 15 21.901545 2007 
4 15 57.160446 2007 
4 15 76.013908 2007 
4 15 51.808495 2008 
4 15 21.942448 2009 
4 15 NaN 2010 
4 15 16.682342 2011 
4 15 141.999843 2012 
4 16 NaN 2007 
4 16 NaN 2007 
4 16 41.649990 2007 
4 16 30.000002 2007 
4 16 59.024194 2007 
4 16 34.081935 2007 
4 16 54.256452 2008 
4 16 29.699154 2009 
4 16 40.330310 2010 
4 16 16.680145 2011 
4 16 141.999733 2012 
4 17 NaN 2007 
4 17 NaN 2007 
4 17 41.999995 2007 
4 17 30.000003 2007 
4 17 114.567192 2007 
4 17 40.598479 2007 
4 17 54.218759 2008 
4 17 21.894892 2009 
4 18 11.861082 2007 
4 18 22.608659 2007 
4 18 27.434468 2007 
4 18 9.291616 2007 
4 18 28.578216 2007 
4 18 65.642634 2007 
4 18 NaN 2008 
4 18 92.562048 2009 
4 18 19.629266 2010 
10 1 75.102392 2007 
10 1 63.629957 2008 
10 1 89.116135 2009 
10 1 99.950433 2010 
10 1 10.854949 2011 
10 1 30.058920 2012 
10 1 89.253644 2013 
10 1 42.775554 2014 
10 1 46.526692 2015 
10 1 NaN 2016 
10 1 60.958663 2017 
10 1 8.494657 2018 
10 1 NaN 2019 
3 19 75.655406 2007 
3 19 53.204508 2008 
3 19 22.555889 2009 
3 19 41.956674 2010 
3 19 NaN 2011 
3 19 132.999971 2012 
3 19 42.003266 2013 
3 19 29.196612 2014 
3 19 10.000023 2015 
3 19 NaN 2016 
3 19 50.147512 2017 
3 19 14.150359 2018 
3 19 21.261500 2019 
3 20 77.772210 2007 
3 20 60.797070 2008 
3 20 37.179233 2009 
3 20 42.577822 2010 
3 20 19.754031 2011 
3 20 13.456765 2012 
3 20 106.576686 2013 
3 20 151.737030 2014 
3 20 NaN 2015 
3 20 174.898467 2016 
3 20 71.532606 2017 
3 20 13.996874 2018 
3 20 93.510772 2019 
3 23 75.697953 2007 
3 23 53.000013 2008 
3 23 36.372723 2009 
3 23 180.828892 2010 
3 23 NaN 2011 
3 23 NaN 2012 
3 23 NaN 2013 
3 23 NaN 2014 
3 23 NaN 2015 
3 23 NaN 2016 
3 23 NaN 2017 
3 23 NaN 2018 
3 24 73.818442 2007 
3 24 NaN 2007 
3 24 102.000022 2008 
3 24 89.202871 2009 
3 24 105.084397 2010 
3 24 NaN 2011 
3 24 NaN 2012 
3 24 NaN 2013 
3 24 NaN 2014 
3 24 NaN 2015 
3 24 NaN 2016 
3 24 NaN 2017 
3 24 NaN 2018 
3 26 72.063605 2007 
3 26 59.618007 2007 
3 26 38.804258 2008 
3 26 51.999229 2009 
3 27 69.515651 2007 
3 27 42.449549 2007 
3 27 90.802074 2008 
3 27 19.752919 2009 
3 27 167.757477 2010 
3 27 NaN 2011 
3 27 NaN 2012 
3 27 NaN 2013 
3 27 89.157197 2014 
3 27 NaN 2015 
3 27 38.298896 2016 
3 27 NaN 2017 
3 27 NaN 2018 
3 28 NaN 2007 
3 28 34.309481 2007 
3 28 5.470465 2008 
3 28 21.520820 2009 
3 28 189.396712 2010 
3 28 23.407829 2011 
3 28 60.131742 2012 
3 28 28.074961 2013 
3 28 42.764367 2014 
3 28 NaN 2015 
3 30 NaN 2007 
3 30 NaN 2007 
3 30 92.768017 2008 
3 30 19.596956 2009 
3 30 14.483602 2010 
3 30 68.999999 2011 
3 30 NaN 2012 
3 30 NaN 2013 
3 30 33.900655 2014 
3 30 NaN 2015 
3 30 33.275763 2016 
3 30 18.868292 2017 
3 30 98.827798 2018 
3 31 23.993120 2007 
3 31 41.278294 2007 
3 31 90.607576 2008 
3 32 77.895919 2007 
3 32 50.684961 2007 
3 32 97.999795 2008 
3 32 6.350170 2009 
3 32 226.585267 2010 
3 32 28.492373 2011 
3 32 136.907503 2012 
3 32 NaN 2013 
3 32 48.560584 2014 
3 32 NaN 2015 
3 32 43.459789 2016 
3 32 NaN 2017 
3 32 NaN 2018 
3 34 83.823348 2007 
3 34 92.437005 2008 
3 34 45.826681 2009 
3 34 7.823252 2010 
3 34 17.877995 2011 
3 34 26.001712 2012 
3 34 93.351440 2013 
3 34 175.866316 2014 
3 34 48.763155 2015 
3 34 NaN 2016 
3 34 46.463592 2017 
3 34 NaN 2018 
3 34 NaN 2019 
3 35 NaN 2007 
3 35 51.400019 2008 
3 35 88.455173 2009 
3 35 7.224175 2010 
3 35 24.485711 2011 
3 35 130.676565 2012 
3 35 57.516213 2013 
3 35 57.671368 2014 
3 35 48.790850 2015 
3 35 NaN 2016 
3 35 39.813326 2017 
3 35 27.615604 2018 
3 35 NaN 2019 
3 37 NaN 2007 
3 37 59.563664 2007 
3 37 42.525151 2008 
3 37 4.739506 2009 
3 37 23.980532 2010 
3 37 23.694948 2011 
3 37 10.516218 2012 
3 37 60.505124 2013 
3 38 NaN 2007 
3 38 43.785021 2007 
3 38 87.893539 2008 
3 38 9.999975 2009 
3 38 NaN 2010 
3 38 77.999998 2011 
3 38 103.126537 2012 
3 38 59.427951 2013 
4 1 NaN 2007 
4 1 57.923217 2007 
4 1 94.865108 2007 
4 1 6.247738 2007 
4 1 116.013659 2007 
4 1 80.837261 2007 
4 1 69.914152 2008 
4 1 142.897948 2009 
4 1 NaN 2010 
4 1 NaN 2011 
4 2 NaN 2007 
4 2 NaN 2007 
4 2 40.593351 2007 
4 2 NaN 2007 
4 2 16.688921 2007 
4 2 60.189980 2007 
4 2 NaN 2008 
4 2 5.792134 2009 
4 2 NaN 2010 
4 2 9.000109 2011 
4 3 NaN 2007 
4 3 NaN 2007 
4 3 35.363112 2007 
4 3 5.645738 2007 
4 3 15.170734 2007 
4 3 42.120533 2007 
4 3 NaN 2008 
4 3 3.962711 2009 
4 3 NaN 2010 
4 3 11.774890 2011 
4 4 20.214682 2007 
4 4 24.068882 2007 
4 4 37.130805 2007 
4 4 19.417003 2007 
4 4 19.855615 2007 
4 4 75.209701 2007 
4 4 NaN 2008 
4 4 95.517678 2009 
4 4 21.622386 2010 
4 5 NaN 2007 
4 5 58.619337 2007 
4 5 27.270911 2007 
4 5 NaN 2007 
4 5 63.779853 2007 
4 5 86.362605 2007 
4 5 25.589469 2008 
4 5 14.811088 2009 
4 5 4.361552 2010 
4 6 38.668032 2007 
4 6 NaN 2007 
4 6 84.916850 2007 
4 6 7.656705 2007 
4 6 156.764477 2007 
4 6 75.334099 2007 
4 6 35.569400 2008 
4 6 9.106014 2009 
4 6 26.812381 2010 
4 7 22.543189 2007 
4 7 NaN 2007 
4 7 84.799763 2007 
4 7 20.099779 2007 
4 7 81.918317 2007 
4 7 71.339003 2007 
4 7 NaN 2008 
4 7 42.327919 2009 
4 7 NaN 2010 
4 7 9.266863 2011 
4 8 NaN 2007 
4 8 NaN 2007 
4 8 41.309193 2007 
4 8 65.000000 2007 
4 8 121.894764 2007 
4 8 41.992349 2007 
4 8 62.148816 2008 
4 8 30.138491 2009 
4 8 NaN 2010 
4 9 NaN 2007 
4 9 19.205408 2007 
4 9 40.892901 2007 
4 10 NaN 2007 
4 10 44.930209 2007 
4 10 41.340902 2007 
4 10 7.239377 2007 
4 10 119.429886 2007 
4 10 30.934969 2007 
4 10 NaN 2008 
4 10 15.861756 2009 
4 10 NaN 2010 
4 10 NaN 2011 
4 10 14.710997 2012 
4 11 NaN 2007 
4 11 19.215577 2007 
4 11 41.269669 2007 
4 11 42.842477 2007 
4 11 100.693501 2007 
4 11 42.509405 2007 
4 11 42.421166 2008 
4 11 31.579334 2009 
4 11 NaN 2010 
4 11 13.460504 2011 
4 12 NaN 2007 
4 12 20.433719 2007 
4 12 41.354551 2007 
4 12 65.000000 2007 
4 12 121.900796 2007 
4 12 41.988049 2007 
4 13 NaN 2007 
4 13 NaN 2007 
4 13 42.004535 2007 
4 13 30.000002 2007 
4 13 115.140884 2007 
4 13 75.399460 2007 
4 13 54.484968 2008 
4 13 29.458789 2009 
4 13 39.293701 2010 
4 14 NaN 2007 
4 14 NaN 2007 
4 14 42.000118 2007 
4 14 30.000009 2007 
4 14 115.352481 2007 
4 14 67.826141 2007 
4 14 54.122491 2008 
4 14 28.385977 2009 
4 14 NaN 2010 
4 15 NaN 2007 
4 15 NaN 2007 
4 15 45.867351 2007 
4 15 21.901545 2007 
4 15 57.160446 2007 
4 15 76.013908 2007 
4 15 51.808495 2008 
4 15 21.942448 2009 
4 15 NaN 2010 
4 15 16.682342 2011 
4 15 141.999843 2012 
4 16 NaN 2007 
4 16 NaN 2007 
4 16 41.649990 2007 
4 16 30.000002 2007 
4 16 59.024194 2007 
4 16 34.081935 2007 
4 16 54.256452 2008 
4 16 29.699154 2009 
4 16 40.330310 2010 
4 16 16.680145 2011 
4 16 141.999733 2012 
4 17 NaN 2007 
4 17 NaN 2007 
4 17 41.999995 2007 
4 17 30.000003 2007 
4 17 114.567192 2007 
4 17 40.598479 2007 
4 17 54.218759 2008 
4 17 21.894892 2009 
4 18 11.861082 2007 
4 18 22.608659 2007 
4 18 27.434468 2007 
4 18 9.291616 2007 
4 18 28.578216 2007 
4 18 65.642634 2007 
4 18 NaN 2008 
4 18 92.562048 2009 
4 18 19.629266 2010 
10 1 75.102392 2007 
10 1 63.629957 2008 
10 1 89.116135 2009 
10 1 99.950433 2010 
10 1 10.854949 2011 
10 1 30.058920 2012 
10 1 89.253644 2013 
10 1 42.775554 2014 
10 1 46.526692 2015 
10 1 NaN 2016 
10 1 60.958663 2017 
10 1 8.494657 2018 
10 1 NaN 2019 
