3 19 -275.000000 2007 
3 19 -281.000000 2008 
3 19 NaN 2009 
3 19 -238.000000 2010 
3 19 NaN 2011 
3 19 -218.000000 2012 
3 19 -234.000000 2013 
3 19 NaN 2014 
3 19 NaN 2015 
3 19 NaN 2016 
3 19 -221.000000 2017 
3 19 -143.000000 2018 
3 19 -113.000000 2019 
3 20 -272.000000 2007 
3 20 -279.000000 2008 
3 20 NaN 2009 
3 20 -229.000000 2010 
3 20 -208.000000 2011 
3 20 -201.000000 2012 
3 20 -201.000000 2013 
3 20 NaN 2014 
3 20 NaN 2015 
3 20 -218.000000 2016 
3 20 -186.000000 2017 
3 20 -151.000000 2018 
3 20 -137.000000 2019 
3 23 -275.000000 2007 
3 23 -281.000000 2008 
3 23 NaN 2009 
3 23 NaN 2010 
3 23 NaN 2011 
3 23 NaN 2012 
3 23 NaN 2013 
3 23 -416.000000 2014 
3 23 NaN 2015 
3 23 NaN 2016 
3 23 NaN 2017 
3 23 NaN 2018 
3 24 84.000000 2007 
3 24 NaN 2007 
3 24 130.000000 2008 
3 24 153.000000 2009 
3 24 NaN 2010 
3 24 NaN 2011 
3 24 NaN 2012 
3 24 NaN 2013 
3 24 NaN 2014 
3 24 NaN 2015 
3 24 NaN 2016 
3 24 NaN 2017 
3 24 NaN 2018 
3 26 81.000000 2007 
3 26 84.000000 2007 
3 26 90.000000 2008 
3 26 212.000000 2009 
3 27 77.000000 2007 
3 27 61.000000 2007 
3 27 93.000000 2008 
3 27 119.000000 2009 
3 27 NaN 2010 
3 27 NaN 2011 
3 27 NaN 2012 
3 27 NaN 2013 
3 27 92.000000 2014 
3 27 NaN 2015 
3 27 122.000000 2016 
3 27 NaN 2017 
3 27 NaN 2018 
3 28 NaN 2007 
3 28 52.000000 2007 
3 28 169.000000 2008 
3 28 125.000000 2009 
3 28 NaN 2010 
3 28 113.000000 2011 
3 28 163.000000 2012 
3 28 92.000000 2013 
3 28 92.000000 2014 
3 28 NaN 2015 
3 30 NaN 2007 
3 30 NaN 2007 
3 30 91.000000 2008 
3 30 54.000000 2009 
3 30 NaN 2010 
3 30 117.000000 2011 
3 30 NaN 2012 
3 30 NaN 2013 
3 30 88.000000 2014 
3 30 NaN 2015 
3 30 117.000000 2016 
3 30 55.000000 2017 
3 30 66.000000 2018 
3 31 58.000000 2007 
3 31 61.000000 2007 
3 31 89.000000 2008 
3 32 36.000000 2007 
3 32 66.000000 2007 
3 32 NaN 2008 
3 32 167.000000 2009 
3 32 NaN 2010 
3 32 95.000000 2011 
3 32 NaN 2012 
3 32 NaN 2013 
3 32 98.000000 2014 
3 32 NaN 2015 
3 32 125.000000 2016 
3 32 NaN 2017 
3 32 NaN 2018 
3 34 47.000000 2007 
3 34 138.000000 2007 
3 34 NaN 2008 
3 34 142.000000 2009 
3 34 NaN 2010 
3 34 111.000000 2011 
3 34 156.000000 2012 
3 34 NaN 2013 
3 34 97.000000 2014 
3 34 NaN 2015 
3 34 126.000000 2016 
3 34 NaN 2017 
3 34 NaN 2018 
3 35 NaN 2007 
3 35 65.000000 2007 
3 35 88.000000 2008 
3 35 97.000000 2009 
3 35 NaN 2010 
3 35 114.000000 2011 
3 35 145.000000 2012 
3 35 126.000000 2013 
3 35 104.000000 2014 
3 35 NaN 2015 
3 35 125.000000 2016 
3 35 60.000000 2017 
3 35 NaN 2018 
3 37 NaN 2007 
3 37 69.000000 2007 
3 37 NaN 2008 
3 37 179.000000 2009 
3 37 NaN 2010 
3 37 NaN 2011 
3 37 140.000000 2012 
3 37 129.000000 2013 
3 38 NaN 2007 
3 38 64.000000 2007 
3 38 88.000000 2008 
3 38 NaN 2009 
3 38 NaN 2010 
3 38 136.000000 2011 
3 38 151.000000 2012 
3 38 130.000000 2013 
4 1 NaN 2007 
4 1 -1322.000000 2007 
4 1 -820.000000 2007 
4 1 -513.000000 2007 
4 1 NaN 2007 
4 1 -221.000000 2007 
4 1 -277.000000 2008 
4 1 NaN 2009 
4 1 NaN 2010 
4 1 -203.000000 2011 
4 2 NaN 2007 
4 2 NaN 2007 
4 2 -845.000000 2007 
4 2 NaN 2007 
4 2 NaN 2007 
4 2 -247.000000 2007 
4 2 NaN 2008 
4 2 -191.000000 2009 
4 2 NaN 2010 
4 2 -197.000000 2011 
4 3 NaN 2007 
4 3 NaN 2007 
4 3 -980.000000 2007 
4 3 NaN 2007 
4 3 -201.000000 2007 
4 3 -270.000000 2007 
4 3 NaN 2008 
4 3 -193.000000 2009 
4 3 NaN 2010 
4 3 -199.000000 2011 
4 4 -1688.000000 2007 
4 4 -1369.000000 2007 
4 4 -980.000000 2007 
4 4 NaN 2007 
4 4 -188.000000 2007 
4 4 90.000000 2007 
4 4 NaN 2007 
4 4 84.000000 2008 
4 4 49.000000 2009 
4 5 NaN 2007 
4 5 -1375.000000 2007 
4 5 NaN 2007 
4 5 NaN 2007 
4 5 -232.000000 2007 
4 5 -267.000000 2007 
4 5 -317.000000 2008 
4 5 -276.000000 2009 
4 5 -217.000000 2010 
4 6 -1688.000000 2007 
4 6 NaN 2007 
4 6 NaN 2007 
4 6 -642.000000 2007 
4 6 -165.000000 2007 
4 6 -277.000000 2007 
4 6 -306.000000 2008 
4 6 -187.000000 2009 
4 6 -239.000000 2010 
4 7 -1691.000000 2007 
4 7 NaN 2007 
4 7 NaN 2007 
4 7 -486.000000 2007 
4 7 -169.000000 2007 
4 7 -281.000000 2007 
4 7 NaN 2008 
4 7 NaN 2009 
4 7 NaN 2010 
4 7 -203.000000 2011 
4 8 NaN 2007 
4 8 NaN 2007 
4 8 -898.000000 2007 
4 8 -506.000000 2007 
4 8 -184.000000 2007 
4 8 -274.000000 2007 
4 8 -290.000000 2008 
4 8 NaN 2009 
4 8 NaN 2010 
4 9 NaN 2007 
4 9 -1367.000000 2007 
4 9 -889.000000 2007 
4 10 NaN 2007 
4 10 -1360.000000 2007 
4 10 -899.000000 2007 
4 10 -492.000000 2007 
4 10 NaN 2007 
4 10 -284.000000 2007 
4 10 NaN 2008 
4 10 -187.000000 2009 
4 10 NaN 2010 
4 10 NaN 2011 
4 10 NaN 2012 
4 11 NaN 2007 
4 11 -1367.000000 2007 
4 11 -897.000000 2007 
4 11 -507.000000 2007 
4 11 -157.000000 2007 
4 11 -273.000000 2007 
4 11 -304.000000 2008 
4 11 NaN 2009 
4 11 NaN 2010 
4 11 NaN 2011 
4 12 NaN 2007 
4 12 -1365.000000 2007 
4 12 -898.000000 2007 
4 12 -506.000000 2007 
4 12 -184.000000 2007 
4 12 -274.000000 2007 
4 13 NaN 2007 
4 13 NaN 2007 
4 13 -934.000000 2007 
4 13 -466.000000 2007 
4 13 -176.000000 2007 
4 13 -275.000000 2007 
4 13 -279.000000 2008 
4 13 NaN 2009 
4 13 -224.000000 2010 
4 14 NaN 2007 
4 14 NaN 2007 
4 14 -935.000000 2007 
4 14 NaN 2007 
4 14 -175.000000 2007 
4 14 -278.000000 2007 
4 14 -279.000000 2008 
4 14 NaN 2009 
4 14 NaN 2010 
4 15 NaN 2007 
4 15 NaN 2007 
4 15 -963.000000 2007 
4 15 NaN 2007 
4 15 -184.000000 2007 
4 15 -273.000000 2007 
4 15 -287.000000 2008 
4 15 NaN 2009 
4 15 NaN 2010 
4 15 NaN 2011 
4 15 -188.000000 2012 
4 16 NaN 2007 
4 16 NaN 2007 
4 16 -901.000000 2007 
4 16 NaN 2007 
4 16 -181.000000 2007 
4 16 -284.000000 2007 
4 16 -279.000000 2008 
4 16 -271.000000 2009 
4 16 -227.000000 2010 
4 16 -116.000000 2011 
4 16 -186.000000 2012 
4 17 NaN 2007 
4 17 NaN 2007 
4 17 -935.000000 2007 
4 17 -466.000000 2007 
4 17 -179.000000 2007 
4 17 -275.000000 2007 
4 17 -279.000000 2008 
4 17 NaN 2009 
4 18 -1700.000000 2007 
4 18 -1374.000000 2007 
4 18 -1007.000000 2007 
4 18 -643.000000 2007 
4 18 -168.000000 2007 
4 18 75.000000 2007 
4 18 NaN 2007 
4 18 91.000000 2008 
4 18 52.000000 2009 
10 1 86.000000 2007 
10 1 79.000000 2007 
10 1 88.000000 2008 
10 1 145.000000 2009 
10 1 195.000000 2010 
10 1 124.000000 2011 
10 1 150.000000 2012 
10 1 107.000000 2013 
10 1 94.000000 2014 
10 1 NaN 2015 
10 1 134.000000 2016 
10 1 221.000000 2017 
10 1 NaN 2018 
