3 19 24-Jul-2006 2007 
3 19 17-Aug-2007 2008 
3 19 22-Sep-2008 2009 
3 19 02-Oct-2009 2010 
3 19 NaT 2011 
3 19 21-Aug-2011 2012 
3 19 09-Oct-2012 2013 
3 19 25-Dec-2013 2014 
3 19 20-Jan-2015 2015 
3 19 NaT 2016 
3 19 10-Oct-2016 2017 
3 19 11-Dec-2017 2018 
3 19 03-Jan-2019 2019 
3 20 25-Jul-2006 2007 
3 20 11-Aug-2007 2008 
3 20 10-Sep-2008 2009 
3 20 04-Oct-2009 2010 
3 20 05-Sep-2010 2011 
3 20 12-Oct-2011 2012 
3 20 05-Sep-2012 2013 
3 20 20-Oct-2013 2014 
3 20 NaT 2015 
3 20 06-Jun-2015 2016 
3 20 04-Oct-2016 2017 
3 20 12-Dec-2017 2018 
3 20 20-Nov-2018 2019 
3 19 24-Jul-2006 2007 
3 19 17-Aug-2007 2008 
3 19 22-Sep-2008 2009 
3 19 02-Oct-2009 2010 
3 19 NaT 2011 
3 19 21-Aug-2011 2012 
3 19 09-Oct-2012 2013 
3 19 25-Dec-2013 2014 
3 19 20-Jan-2015 2015 
3 19 NaT 2016 
3 19 10-Oct-2016 2017 
3 19 11-Dec-2017 2018 
3 19 03-Jan-2019 2019 
3 20 25-Jul-2006 2007 
3 20 11-Aug-2007 2008 
3 20 10-Sep-2008 2009 
3 20 04-Oct-2009 2010 
3 20 05-Sep-2010 2011 
3 20 12-Oct-2011 2012 
3 20 05-Sep-2012 2013 
3 20 20-Oct-2013 2014 
3 20 NaT 2015 
3 20 06-Jun-2015 2016 
3 20 04-Oct-2016 2017 
3 20 12-Dec-2017 2018 
3 20 20-Nov-2018 2019 
3 23 24-Jul-2006 2007 
3 23 16-Aug-2007 2008 
3 23 11-Sep-2008 2009 
3 23 20-Sep-2009 2010 
3 23 NaT 2011 
3 23 NaT 2012 
3 23 NaT 2013 
3 23 NaT 2014 
3 23 NaT 2015 
3 23 NaT 2016 
3 23 NaT 2017 
3 23 NaT 2018 
3 24 25-Jul-2006 2007 
3 24 NaT 2007 
3 24 10-Jul-2008 2008 
3 24 18-Aug-2009 2009 
3 24 23-Oct-2010 2010 
3 24 NaT 2011 
3 24 NaT 2012 
3 24 NaT 2013 
3 24 NaT 2014 
3 24 NaT 2015 
3 24 NaT 2016 
3 24 NaT 2017 
3 24 NaT 2018 
3 26 24-Jul-2006 2007 
3 26 12-Aug-2007 2007 
3 26 06-Sep-2008 2008 
3 26 21-Sep-2009 2009 
3 27 26-Jul-2006 2007 
3 27 05-Aug-2007 2007 
3 27 12-Jul-2008 2008 
3 27 18-Aug-2009 2009 
3 27 10-Sep-2010 2010 
3 27 NaT 2011 
3 27 NaT 2012 
3 27 NaT 2013 
3 27 19-Jul-2014 2014 
3 27 NaT 2015 
3 27 30-Sep-2016 2016 
3 27 NaT 2017 
3 27 NaT 2018 
3 28 NaT 2007 
3 28 06-Aug-2007 2007 
3 28 29-Dec-2008 2008 
3 28 18-Aug-2009 2009 
3 28 29-Jul-2010 2010 
3 28 26-Aug-2011 2011 
3 28 26-Aug-2012 2012 
3 28 20-Sep-2013 2013 
3 28 01-Sep-2014 2014 
3 28 NaT 2015 
3 30 NaT 2007 
3 30 NaT 2007 
3 30 12-Jul-2008 2008 
3 30 20-Aug-2009 2009 
3 30 11-Sep-2010 2010 
3 30 23-Aug-2011 2011 
3 30 NaT 2012 
3 30 NaT 2013 
3 30 02-Sep-2014 2014 
3 30 NaT 2015 
3 30 05-Oct-2016 2016 
3 30 21-Aug-2017 2017 
3 30 14-Jun-2018 2018 
3 31 04-Aug-2006 2007 
3 31 05-Aug-2007 2007 
3 31 13-Jul-2008 2008 
3 32 06-Jun-2006 2007 
3 32 05-Aug-2007 2007 
3 32 16-Jul-2008 2008 
3 32 16-Oct-2009 2009 
3 32 11-Jun-2010 2010 
3 32 27-Aug-2011 2011 
3 32 02-Oct-2012 2012 
3 32 NaT 2013 
3 32 01-Sep-2014 2014 
3 32 NaT 2015 
3 32 30-Sep-2016 2016 
3 32 NaT 2017 
3 32 NaT 2018 
3 34 08-Jun-2006 2007 
3 34 31-Jul-2007 2008 
3 34 02-Sep-2008 2009 
3 34 29-Nov-2009 2010 
3 34 08-Sep-2010 2011 
3 34 26-Aug-2011 2012 
3 34 24-Aug-2012 2013 
3 34 27-Jun-2013 2014 
3 34 02-Sep-2014 2015 
3 34 NaT 2016 
3 34 29-Sep-2016 2017 
3 34 NaT 2018 
3 34 NaT 2019 
3 35 NaT 2007 
3 35 04-Aug-2007 2008 
3 35 22-Jul-2008 2009 
3 35 16-Oct-2009 2010 
3 35 09-Sep-2010 2011 
3 35 21-Jun-2011 2012 
3 35 25-Sep-2012 2013 
3 35 20-Sep-2013 2014 
3 35 07-Sep-2014 2015 
3 35 NaT 2016 
3 35 03-Oct-2016 2017 
3 35 18-Aug-2017 2018 
3 35 NaT 2019 
3 37 NaT 2007 
3 37 03-Aug-2007 2007 
3 37 04-Sep-2008 2008 
3 37 05-Nov-2009 2009 
3 37 03-Sep-2010 2010 
3 37 27-May-2011 2011 
3 37 18-Oct-2012 2012 
3 37 19-Sep-2013 2013 
3 38 NaT 2007 
3 38 06-Aug-2007 2007 
3 38 22-Jul-2008 2008 
3 38 17-Jan-2010 2009 
3 38 NaT 2010 
3 38 20-Aug-2011 2011 
3 38 29-Aug-2012 2012 
3 38 20-Sep-2013 2013 
4 1 NaT 2007 
4 1 24-Sep-2002 2007 
4 1 20-Nov-2003 2007 
4 1 21-Nov-2004 2007 
4 1 08-Nov-2005 2007 
4 1 14-Sep-2006 2007 
4 1 03-Aug-2007 2008 
4 1 20-Sep-2008 2009 
4 1 NaT 2010 
4 1 NaT 2011 
4 2 NaT 2007 
4 2 NaT 2007 
4 2 06-Oct-2003 2007 
4 2 NaT 2007 
4 2 19-Jul-2005 2007 
4 2 25-Aug-2006 2007 
4 2 NaT 2008 
4 2 28-Dec-2008 2009 
4 2 NaT 2010 
4 2 20-Dec-2010 2011 
4 3 NaT 2007 
4 3 NaT 2007 
4 3 04-Oct-2003 2007 
4 3 13-Sep-2004 2007 
4 3 22-Jul-2005 2007 
4 3 27-Aug-2006 2007 
4 3 NaT 2008 
4 3 29-Dec-2008 2009 
4 3 NaT 2010 
4 3 09-Sep-2010 2011 
4 4 09-Nov-2001 2007 
4 4 19-Sep-2002 2007 
4 4 24-Aug-2003 2007 
4 4 08-Sep-2004 2007 
4 4 19-Jul-2005 2007 
4 4 25-Jul-2006 2007 
4 4 NaT 2008 
4 4 15-Jul-2008 2009 
4 4 11-Aug-2009 2010 
4 5 NaT 2007 
4 5 10-Aug-2002 2007 
4 5 30-Aug-2003 2007 
4 5 NaT 2007 
4 5 09-Oct-2005 2007 
4 5 20-Jul-2006 2007 
4 5 07-Aug-2007 2008 
4 5 27-Sep-2008 2009 
4 5 04-Dec-2009 2010 
4 6 19-Oct-2001 2007 
4 6 NaT 2007 
4 6 29-Aug-2003 2007 
4 6 03-Oct-2004 2007 
4 6 04-Sep-2005 2007 
4 6 28-Jul-2006 2007 
4 6 07-Aug-2007 2008 
4 6 28-Sep-2008 2009 
4 6 16-Aug-2009 2010 
4 7 03-Nov-2001 2007 
4 7 NaT 2007 
4 7 21-Aug-2003 2007 
4 7 02-Oct-2004 2007 
4 7 19-Oct-2005 2007 
4 7 28-Jul-2006 2007 
4 7 NaT 2008 
4 7 01-Sep-2008 2009 
4 7 NaT 2010 
4 7 11-Sep-2010 2011 
4 8 NaT 2007 
4 8 NaT 2007 
4 8 06-Oct-2003 2007 
4 8 30-Sep-2004 2007 
4 8 25-Oct-2005 2007 
4 8 24-Aug-2006 2007 
4 8 04-Aug-2007 2008 
4 8 19-Sep-2008 2009 
4 8 NaT 2010 
4 9 NaT 2007 
4 9 24-Sep-2002 2007 
4 9 07-Oct-2003 2007 
4 10 NaT 2007 
4 10 05-Sep-2002 2007 
4 10 05-Oct-2003 2007 
4 10 23-Oct-2004 2007 
4 10 24-Oct-2005 2007 
4 10 02-Sep-2006 2007 
4 10 NaT 2008 
4 10 22-Dec-2008 2009 
4 10 NaT 2010 
4 10 NaT 2011 
4 10 10-Sep-2011 2012 
4 11 NaT 2007 
4 11 24-Sep-2002 2007 
4 11 06-Oct-2003 2007 
4 11 21-Oct-2004 2007 
4 11 30-Oct-2005 2007 
4 11 24-Aug-2006 2007 
4 11 30-Jul-2007 2008 
4 11 16-Sep-2008 2009 
4 11 NaT 2010 
4 11 10-Sep-2010 2011 
4 12 NaT 2007 
4 12 24-Sep-2002 2007 
4 12 06-Oct-2003 2007 
4 12 30-Sep-2004 2007 
4 12 25-Oct-2005 2007 
4 12 24-Aug-2006 2007 
4 13 NaT 2007 
4 13 NaT 2007 
4 13 02-Oct-2003 2007 
4 13 01-Oct-2004 2007 
4 13 26-Oct-2005 2007 
4 13 27-Jul-2006 2007 
4 13 17-Aug-2007 2008 
4 13 17-Sep-2008 2009 
4 13 06-Oct-2009 2010 
4 14 NaT 2007 
4 14 NaT 2007 
4 14 03-Oct-2003 2007 
4 14 01-Oct-2004 2007 
4 14 26-Oct-2005 2007 
4 14 03-Aug-2006 2007 
4 14 17-Aug-2007 2008 
4 14 18-Sep-2008 2009 
4 14 NaT 2010 
4 15 NaT 2007 
4 15 NaT 2007 
4 15 03-Oct-2003 2007 
4 15 04-Aug-2004 2007 
4 15 06-Nov-2005 2007 
4 15 27-Jul-2006 2007 
4 15 13-Aug-2007 2008 
4 15 23-Sep-2008 2009 
4 15 NaT 2010 
4 15 09-Sep-2010 2011 
4 15 21-Aug-2011 2012 
4 16 NaT 2007 
4 16 NaT 2007 
4 16 03-Oct-2003 2007 
4 16 01-Oct-2004 2007 
4 16 06-Nov-2005 2007 
4 16 30-Aug-2006 2007 
4 16 17-Aug-2007 2008 
4 16 16-Sep-2008 2009 
4 16 05-Oct-2009 2010 
4 16 10-Sep-2010 2011 
4 16 23-Aug-2011 2012 
4 17 NaT 2007 
4 17 NaT 2007 
4 17 03-Oct-2003 2007 
4 17 01-Oct-2004 2007 
4 17 26-Oct-2005 2007 
4 17 24-Aug-2006 2007 
4 17 17-Aug-2007 2008 
4 17 24-Sep-2008 2009 
4 18 04-Nov-2001 2007 
4 18 09-Aug-2002 2007 
4 18 29-Aug-2003 2007 
4 18 11-Sep-2004 2007 
4 18 16-Jul-2005 2007 
4 18 24-Jul-2006 2007 
4 18 NaT 2008 
4 18 12-Jul-2008 2009 
4 18 18-Aug-2009 2010 
10 1 25-Jul-2006 2007 
10 1 06-Aug-2007 2008 
10 1 22-Jul-2008 2009 
10 1 10-Aug-2009 2010 
10 1 12-Sep-2010 2011 
10 1 24-Aug-2011 2012 
10 1 28-Aug-2012 2013 
10 1 20-Sep-2013 2014 
10 1 01-Sep-2014 2015 
10 1 NaT 2016 
10 1 28-Sep-2016 2017 
10 1 10-Dec-2017 2018 
10 1 NaT 2019 
3 19 24-Jul-2006 2007 
3 19 17-Aug-2007 2008 
3 19 22-Sep-2008 2009 
3 19 02-Oct-2009 2010 
3 19 NaT 2011 
3 19 21-Aug-2011 2012 
3 19 09-Oct-2012 2013 
3 19 25-Dec-2013 2014 
3 19 20-Jan-2015 2015 
3 19 NaT 2016 
3 19 10-Oct-2016 2017 
3 19 11-Dec-2017 2018 
3 19 03-Jan-2019 2019 
3 20 25-Jul-2006 2007 
3 20 11-Aug-2007 2008 
3 20 10-Sep-2008 2009 
3 20 04-Oct-2009 2010 
3 20 05-Sep-2010 2011 
3 20 12-Oct-2011 2012 
3 20 05-Sep-2012 2013 
3 20 20-Oct-2013 2014 
3 20 NaT 2015 
3 20 06-Jun-2015 2016 
3 20 04-Oct-2016 2017 
3 20 12-Dec-2017 2018 
3 20 20-Nov-2018 2019 
3 23 24-Jul-2006 2007 
3 23 16-Aug-2007 2008 
3 23 11-Sep-2008 2009 
3 23 20-Sep-2009 2010 
3 23 NaT 2011 
3 23 NaT 2012 
3 23 NaT 2013 
3 23 NaT 2014 
3 23 NaT 2015 
3 23 NaT 2016 
3 23 NaT 2017 
3 23 NaT 2018 
3 24 25-Jul-2006 2007 
3 24 NaT 2007 
3 24 10-Jul-2008 2008 
3 24 18-Aug-2009 2009 
3 24 23-Oct-2010 2010 
3 24 NaT 2011 
3 24 NaT 2012 
3 24 NaT 2013 
3 24 NaT 2014 
3 24 NaT 2015 
3 24 NaT 2016 
3 24 NaT 2017 
3 24 NaT 2018 
3 26 24-Jul-2006 2007 
3 26 12-Aug-2007 2007 
3 26 06-Sep-2008 2008 
3 26 21-Sep-2009 2009 
3 27 26-Jul-2006 2007 
3 27 05-Aug-2007 2007 
3 27 12-Jul-2008 2008 
3 27 18-Aug-2009 2009 
3 27 10-Sep-2010 2010 
3 27 NaT 2011 
3 27 NaT 2012 
3 27 NaT 2013 
3 27 19-Jul-2014 2014 
3 27 NaT 2015 
3 27 30-Sep-2016 2016 
3 27 NaT 2017 
3 27 NaT 2018 
3 28 NaT 2007 
3 28 06-Aug-2007 2007 
3 28 29-Dec-2008 2008 
3 28 18-Aug-2009 2009 
3 28 29-Jul-2010 2010 
3 28 26-Aug-2011 2011 
3 28 26-Aug-2012 2012 
3 28 20-Sep-2013 2013 
3 28 01-Sep-2014 2014 
3 28 NaT 2015 
3 30 NaT 2007 
3 30 NaT 2007 
3 30 12-Jul-2008 2008 
3 30 20-Aug-2009 2009 
3 30 11-Sep-2010 2010 
3 30 23-Aug-2011 2011 
3 30 NaT 2012 
3 30 NaT 2013 
3 30 02-Sep-2014 2014 
3 30 NaT 2015 
3 30 05-Oct-2016 2016 
3 30 21-Aug-2017 2017 
3 30 14-Jun-2018 2018 
3 31 04-Aug-2006 2007 
3 31 05-Aug-2007 2007 
3 31 13-Jul-2008 2008 
3 32 06-Jun-2006 2007 
3 32 05-Aug-2007 2007 
3 32 16-Jul-2008 2008 
3 32 16-Oct-2009 2009 
3 32 11-Jun-2010 2010 
3 32 27-Aug-2011 2011 
3 32 02-Oct-2012 2012 
3 32 NaT 2013 
3 32 01-Sep-2014 2014 
3 32 NaT 2015 
3 32 30-Sep-2016 2016 
3 32 NaT 2017 
3 32 NaT 2018 
3 34 08-Jun-2006 2007 
3 34 31-Jul-2007 2008 
3 34 02-Sep-2008 2009 
3 34 29-Nov-2009 2010 
3 34 08-Sep-2010 2011 
3 34 26-Aug-2011 2012 
3 34 24-Aug-2012 2013 
3 34 27-Jun-2013 2014 
3 34 02-Sep-2014 2015 
3 34 NaT 2016 
3 34 29-Sep-2016 2017 
3 34 NaT 2018 
3 34 NaT 2019 
3 35 NaT 2007 
3 35 04-Aug-2007 2008 
3 35 22-Jul-2008 2009 
3 35 16-Oct-2009 2010 
3 35 09-Sep-2010 2011 
3 35 21-Jun-2011 2012 
3 35 25-Sep-2012 2013 
3 35 20-Sep-2013 2014 
3 35 07-Sep-2014 2015 
3 35 NaT 2016 
3 35 03-Oct-2016 2017 
3 35 18-Aug-2017 2018 
3 35 NaT 2019 
3 37 NaT 2007 
3 37 03-Aug-2007 2007 
3 37 04-Sep-2008 2008 
3 37 05-Nov-2009 2009 
3 37 03-Sep-2010 2010 
3 37 27-May-2011 2011 
3 37 18-Oct-2012 2012 
3 37 19-Sep-2013 2013 
3 38 NaT 2007 
3 38 06-Aug-2007 2007 
3 38 22-Jul-2008 2008 
3 38 17-Jan-2010 2009 
3 38 NaT 2010 
3 38 20-Aug-2011 2011 
3 38 29-Aug-2012 2012 
3 38 20-Sep-2013 2013 
4 1 NaT 2007 
4 1 24-Sep-2002 2007 
4 1 20-Nov-2003 2007 
4 1 21-Nov-2004 2007 
4 1 08-Nov-2005 2007 
4 1 14-Sep-2006 2007 
4 1 03-Aug-2007 2008 
4 1 20-Sep-2008 2009 
4 1 NaT 2010 
4 1 NaT 2011 
4 2 NaT 2007 
4 2 NaT 2007 
4 2 06-Oct-2003 2007 
4 2 NaT 2007 
4 2 19-Jul-2005 2007 
4 2 25-Aug-2006 2007 
4 2 NaT 2008 
4 2 28-Dec-2008 2009 
4 2 NaT 2010 
4 2 20-Dec-2010 2011 
4 3 NaT 2007 
4 3 NaT 2007 
4 3 04-Oct-2003 2007 
4 3 13-Sep-2004 2007 
4 3 22-Jul-2005 2007 
4 3 27-Aug-2006 2007 
4 3 NaT 2008 
4 3 29-Dec-2008 2009 
4 3 NaT 2010 
4 3 09-Sep-2010 2011 
4 4 09-Nov-2001 2007 
4 4 19-Sep-2002 2007 
4 4 24-Aug-2003 2007 
4 4 08-Sep-2004 2007 
4 4 19-Jul-2005 2007 
4 4 25-Jul-2006 2007 
4 4 NaT 2008 
4 4 15-Jul-2008 2009 
4 4 11-Aug-2009 2010 
4 5 NaT 2007 
4 5 10-Aug-2002 2007 
4 5 30-Aug-2003 2007 
4 5 NaT 2007 
4 5 09-Oct-2005 2007 
4 5 20-Jul-2006 2007 
4 5 07-Aug-2007 2008 
4 5 27-Sep-2008 2009 
4 5 04-Dec-2009 2010 
4 6 19-Oct-2001 2007 
4 6 NaT 2007 
4 6 29-Aug-2003 2007 
4 6 03-Oct-2004 2007 
4 6 04-Sep-2005 2007 
4 6 28-Jul-2006 2007 
4 6 07-Aug-2007 2008 
4 6 28-Sep-2008 2009 
4 6 16-Aug-2009 2010 
4 7 03-Nov-2001 2007 
4 7 NaT 2007 
4 7 21-Aug-2003 2007 
4 7 02-Oct-2004 2007 
4 7 19-Oct-2005 2007 
4 7 28-Jul-2006 2007 
4 7 NaT 2008 
4 7 01-Sep-2008 2009 
4 7 NaT 2010 
4 7 11-Sep-2010 2011 
4 8 NaT 2007 
4 8 NaT 2007 
4 8 06-Oct-2003 2007 
4 8 30-Sep-2004 2007 
4 8 25-Oct-2005 2007 
4 8 24-Aug-2006 2007 
4 8 04-Aug-2007 2008 
4 8 19-Sep-2008 2009 
4 8 NaT 2010 
4 9 NaT 2007 
4 9 24-Sep-2002 2007 
4 9 07-Oct-2003 2007 
4 10 NaT 2007 
4 10 05-Sep-2002 2007 
4 10 05-Oct-2003 2007 
4 10 23-Oct-2004 2007 
4 10 24-Oct-2005 2007 
4 10 02-Sep-2006 2007 
4 10 NaT 2008 
4 10 22-Dec-2008 2009 
4 10 NaT 2010 
4 10 NaT 2011 
4 10 10-Sep-2011 2012 
4 11 NaT 2007 
4 11 24-Sep-2002 2007 
4 11 06-Oct-2003 2007 
4 11 21-Oct-2004 2007 
4 11 30-Oct-2005 2007 
4 11 24-Aug-2006 2007 
4 11 30-Jul-2007 2008 
4 11 16-Sep-2008 2009 
4 11 NaT 2010 
4 11 10-Sep-2010 2011 
4 12 NaT 2007 
4 12 24-Sep-2002 2007 
4 12 06-Oct-2003 2007 
4 12 30-Sep-2004 2007 
4 12 25-Oct-2005 2007 
4 12 24-Aug-2006 2007 
4 13 NaT 2007 
4 13 NaT 2007 
4 13 02-Oct-2003 2007 
4 13 01-Oct-2004 2007 
4 13 26-Oct-2005 2007 
4 13 27-Jul-2006 2007 
4 13 17-Aug-2007 2008 
4 13 17-Sep-2008 2009 
4 13 06-Oct-2009 2010 
4 14 NaT 2007 
4 14 NaT 2007 
4 14 03-Oct-2003 2007 
4 14 01-Oct-2004 2007 
4 14 26-Oct-2005 2007 
4 14 03-Aug-2006 2007 
4 14 17-Aug-2007 2008 
4 14 18-Sep-2008 2009 
4 14 NaT 2010 
4 15 NaT 2007 
4 15 NaT 2007 
4 15 03-Oct-2003 2007 
4 15 04-Aug-2004 2007 
4 15 06-Nov-2005 2007 
4 15 27-Jul-2006 2007 
4 15 13-Aug-2007 2008 
4 15 23-Sep-2008 2009 
4 15 NaT 2010 
4 15 09-Sep-2010 2011 
4 15 21-Aug-2011 2012 
4 16 NaT 2007 
4 16 NaT 2007 
4 16 03-Oct-2003 2007 
4 16 01-Oct-2004 2007 
4 16 06-Nov-2005 2007 
4 16 30-Aug-2006 2007 
4 16 17-Aug-2007 2008 
4 16 16-Sep-2008 2009 
4 16 05-Oct-2009 2010 
4 16 10-Sep-2010 2011 
4 16 23-Aug-2011 2012 
4 17 NaT 2007 
4 17 NaT 2007 
4 17 03-Oct-2003 2007 
4 17 01-Oct-2004 2007 
4 17 26-Oct-2005 2007 
4 17 24-Aug-2006 2007 
4 17 17-Aug-2007 2008 
4 17 24-Sep-2008 2009 
4 18 04-Nov-2001 2007 
4 18 09-Aug-2002 2007 
4 18 29-Aug-2003 2007 
4 18 11-Sep-2004 2007 
4 18 16-Jul-2005 2007 
4 18 24-Jul-2006 2007 
4 18 NaT 2008 
4 18 12-Jul-2008 2009 
4 18 18-Aug-2009 2010 
10 1 25-Jul-2006 2007 
10 1 06-Aug-2007 2008 
10 1 22-Jul-2008 2009 
10 1 10-Aug-2009 2010 
10 1 12-Sep-2010 2011 
10 1 24-Aug-2011 2012 
10 1 28-Aug-2012 2013 
10 1 20-Sep-2013 2014 
10 1 01-Sep-2014 2015 
10 1 NaT 2016 
10 1 28-Sep-2016 2017 
10 1 10-Dec-2017 2018 
10 1 NaT 2019 
