3 19 NaN 2007 
3 19 206.263876 2008 
3 19 57.827906 2009 
3 19 141.263484 2010 
3 19 NaN 2011 
3 19 NaN 2012 
3 19 NaN 2013 
3 19 NaN 2014 
3 19 NaN 2015 
3 19 NaN 2016 
3 19 78.553286 2017 
3 19 168.662698 2018 
3 19 16.371964 2019 
3 20 NaN 2007 
3 20 41.226158 2008 
3 20 69.381032 2009 
3 20 124.543283 2010 
3 20 77.515380 2011 
3 20 NaN 2012 
3 20 4.216814 2013 
3 20 77.999996 2014 
3 20 NaN 2015 
3 20 NaN 2016 
3 20 75.196998 2017 
3 20 170.071593 2018 
3 20 39.092915 2019 
3 23 3.832402 2007 
3 23 147.018673 2008 
3 23 63.599950 2009 
3 23 7.100679 2010 
3 23 NaN 2011 
3 23 NaN 2012 
3 23 NaN 2013 
3 23 NaN 2014 
3 23 NaN 2015 
3 23 NaN 2016 
3 23 NaN 2017 
3 23 NaN 2018 
3 24 NaN 2007 
3 24 11.230891 2007 
3 24 NaN 2008 
3 24 23.000115 2009 
3 24 5.548785 2010 
3 24 12.740440 2011 
3 24 NaN 2012 
3 24 NaN 2013 
3 24 NaN 2014 
3 24 NaN 2015 
3 24 NaN 2016 
3 24 NaN 2017 
3 24 33.399806 2018 
3 26 NaN 2007 
3 26 162.203836 2007 
3 26 91.573536 2008 
3 26 NaN 2009 
3 27 NaN 2007 
3 27 NaN 2007 
3 27 NaN 2008 
3 27 11.183605 2009 
3 27 NaN 2010 
3 27 NaN 2011 
3 27 NaN 2012 
3 27 NaN 2013 
3 27 27.393941 2014 
3 27 NaN 2015 
3 27 10.427381 2016 
3 27 5.232600 2017 
3 27 NaN 2018 
3 28 NaN 2007 
3 28 119.999474 2007 
3 28 NaN 2008 
3 28 83.313768 2009 
3 28 NaN 2010 
3 28 NaN 2011 
3 28 12.318292 2012 
3 28 9.161136 2013 
3 28 13.666779 2014 
3 28 NaN 2015 
3 30 NaN 2007 
3 30 NaN 2007 
3 30 40.532954 2008 
3 30 13.599403 2009 
3 30 NaN 2010 
3 30 NaN 2011 
3 30 13.640013 2012 
3 30 NaN 2013 
3 30 NaN 2014 
3 30 NaN 2015 
3 30 66.223314 2016 
3 30 NaN 2017 
3 30 NaN 2018 
3 31 NaN 2007 
3 31 45.020728 2008 
3 31 7.483916 2009 
3 32 NaN 2007 
3 32 106.458705 2007 
3 32 101.999283 2008 
3 32 11.496113 2009 
3 32 47.704682 2010 
3 32 NaN 2011 
3 32 NaN 2012 
3 32 NaN 2013 
3 32 3.728896 2014 
3 32 NaN 2015 
3 32 67.232475 2016 
3 32 10.438957 2017 
3 32 14.053867 2018 
3 34 NaN 2007 
3 34 140.860777 2008 
3 34 16.447360 2009 
3 34 NaN 2010 
3 34 121.554041 2011 
3 34 130.731838 2012 
3 34 29.379981 2013 
3 34 NaN 2014 
3 34 NaN 2015 
3 34 NaN 2016 
3 34 68.367615 2017 
3 34 71.729128 2018 
3 34 4.064707 2019 
3 35 NaN 2007 
3 35 45.681834 2008 
3 35 9.857438 2009 
3 35 4.000011 2010 
3 35 89.697835 2011 
3 35 4.413304 2012 
3 35 12.445105 2013 
3 35 112.524097 2014 
3 35 21.447287 2015 
3 35 NaN 2016 
3 35 72.530098 2017 
3 35 99.231690 2018 
3 35 5.412427 2019 
3 37 NaN 2007 
3 37 32.859734 2008 
3 37 17.660341 2009 
3 37 26.116250 2010 
3 37 57.566614 2011 
3 37 NaN 2012 
3 37 NaN 2013 
3 37 163.056609 2014 
3 38 NaN 2007 
3 38 71.274006 2007 
3 38 99.695644 2008 
3 38 6.940143 2009 
3 38 17.152408 2010 
3 38 NaN 2011 
3 38 14.423034 2012 
3 38 31.885816 2013 
4 1 NaN 2007 
4 1 181.998404 2007 
4 1 111.369542 2007 
4 1 NaN 2007 
4 1 NaN 2007 
4 1 67.360331 2007 
4 1 5.949475 2008 
4 1 84.001876 2009 
4 1 13.923219 2010 
4 1 NaN 2011 
4 2 NaN 2007 
4 2 3.728771 2007 
4 2 56.785296 2007 
4 2 186.355274 2007 
4 2 13.032437 2007 
4 2 11.164433 2007 
4 2 30.413509 2008 
4 2 21.894183 2009 
4 2 31.609014 2010 
4 2 180.031772 2011 
4 3 NaN 2007 
4 3 4.540965 2007 
4 3 122.595215 2007 
4 3 30.057216 2007 
4 3 9.663241 2007 
4 3 15.457076 2007 
4 3 NaN 2008 
4 3 NaN 2009 
4 3 NaN 2010 
4 3 172.000406 2011 
4 4 NaN 2007 
4 4 NaN 2007 
4 4 83.849343 2007 
4 4 22.581693 2007 
4 4 47.869767 2007 
4 4 24.351373 2007 
4 4 NaN 2008 
4 4 6.508362 2009 
4 4 10.733897 2010 
4 5 NaN 2007 
4 5 NaN 2007 
4 5 5.600961 2007 
4 5 NaN 2007 
4 5 19.136045 2007 
4 5 5.459389 2007 
4 5 4.721093 2008 
4 5 40.371334 2009 
4 5 8.408212 2010 
4 6 NaN 2007 
4 6 NaN 2007 
4 6 8.036125 2007 
4 6 98.299692 2007 
4 6 26.567798 2007 
4 6 39.463519 2007 
4 6 49.066141 2008 
4 6 NaN 2009 
4 6 NaN 2010 
4 7 NaN 2007 
4 7 NaN 2007 
4 7 50.597966 2007 
4 7 91.368471 2007 
4 7 20.963746 2007 
4 7 27.779715 2007 
4 7 27.278682 2008 
4 7 81.004065 2009 
4 7 45.051677 2010 
4 7 36.744739 2011 
4 8 NaN 2007 
4 8 32.999992 2007 
4 8 51.674432 2007 
4 8 59.556329 2007 
4 8 49.615873 2007 
4 8 127.428481 2007 
4 8 69.715140 2008 
4 8 132.488639 2009 
4 8 105.083957 2010 
4 9 NaN 2007 
4 9 13.662188 2007 
4 9 167.071517 2007 
4 10 NaN 2007 
4 10 184.123461 2007 
4 10 57.814117 2007 
4 10 52.595329 2007 
4 10 55.732392 2007 
4 10 111.676094 2007 
4 10 NaN 2008 
4 10 83.845752 2009 
4 10 39.334048 2010 
4 10 212.466256 2011 
4 10 144.000005 2012 
4 11 NaN 2007 
4 11 12.356310 2007 
4 11 20.831933 2007 
4 11 23.107806 2007 
4 11 32.506092 2007 
4 11 13.781732 2007 
4 11 NaN 2008 
4 11 NaN 2009 
4 11 144.204898 2010 
4 11 112.971144 2011 
4 12 NaN 2007 
4 12 191.764636 2007 
4 12 67.370748 2007 
4 12 31.181402 2007 
4 12 13.961560 2007 
4 12 NaN 2007 
4 13 NaN 2007 
4 13 37.111453 2007 
4 13 86.741618 2007 
4 13 95.126041 2007 
4 13 134.622376 2007 
4 13 NaN 2007 
4 13 34.142692 2008 
4 13 83.786485 2009 
4 13 43.575765 2010 
4 14 NaN 2007 
4 14 12.601989 2007 
4 14 64.896843 2007 
4 14 67.000800 2007 
4 14 59.099264 2007 
4 14 151.513115 2007 
4 14 142.920718 2008 
4 14 95.349266 2009 
4 14 180.445218 2010 
4 15 NaN 2007 
4 15 12.470061 2007 
4 15 97.452819 2007 
4 15 90.688193 2007 
4 15 74.897087 2007 
4 15 148.310931 2007 
4 15 88.323371 2008 
4 15 62.514486 2009 
4 15 136.890004 2010 
4 15 81.691537 2011 
4 15 NaN 2012 
4 16 NaN 2007 
4 16 186.000952 2007 
4 16 115.613791 2007 
4 16 152.729159 2007 
4 16 51.592501 2007 
4 16 139.341093 2007 
4 16 15.049148 2008 
4 16 126.974268 2009 
4 16 32.952508 2010 
4 16 93.227423 2011 
4 16 NaN 2012 
4 17 NaN 2007 
4 17 38.713198 2007 
4 17 121.099602 2007 
4 17 147.608378 2007 
4 17 56.513541 2007 
4 17 65.457160 2007 
4 17 114.453770 2008 
4 17 101.486183 2009 
4 18 NaN 2007 
4 18 NaN 2007 
4 18 9.574361 2007 
4 18 13.467789 2007 
4 18 39.525748 2007 
4 18 18.001807 2007 
4 18 27.169811 2008 
4 18 14.835211 2009 
4 18 72.725696 2010 
10 1 NaN 2007 
10 1 150.883199 2008 
10 1 107.014852 2009 
10 1 95.512346 2010 
10 1 43.000011 2011 
10 1 NaN 2012 
10 1 11.397234 2013 
10 1 189.376636 2014 
10 1 9.516060 2015 
10 1 NaN 2016 
10 1 64.466526 2017 
10 1 8.892246 2018 
10 1 15.785049 2019 
