3 19 -279.344594 2007 
3 19 -278.795393 2008 
3 19 -271.444111 2009 
3 19 -242.910533 2010 
3 19 NaN 2011 
3 19 -194.000000 2012 
3 19 -234.996032 2013 
3 19 -170.312750 2014 
3 19 -163.000153 2015 
3 19 NaN 2016 
3 19 -224.396359 2017 
3 19 -198.727466 2018 
3 19 -168.218470 2019 
3 20 -277.000000 2007 
3 20 -277.000001 2008 
3 20 -268.990320 2009 
3 20 -240.006290 2010 
3 20 -291.470108 2011 
3 20 -261.416115 2012 
3 20 -203.633781 2013 
3 20 -113.404323 2014 
3 20 NaN 2015 
3 20 -226.606175 2016 
3 20 -208.577468 2017 
3 20 -197.996538 2018 
3 20 -139.489228 2019 
3 23 -279.302047 2007 
3 23 -279.000000 2008 
3 23 -268.999696 2009 
3 23 -115.999920 2010 
3 23 NaN 2011 
3 23 NaN 2012 
3 23 NaN 2013 
3 23 NaN 2014 
3 23 NaN 2015 
3 23 NaN 2016 
3 23 NaN 2017 
3 23 NaN 2018 
3 24 80.018687 2007 
3 24 NaN 2007 
3 24 95.000000 2008 
3 24 121.079596 2009 
3 24 202.754951 2010 
3 24 NaN 2011 
3 24 NaN 2012 
3 24 NaN 2013 
3 24 NaN 2014 
3 24 NaN 2015 
3 24 NaN 2016 
3 24 NaN 2017 
3 24 NaN 2018 
3 26 77.190745 2007 
3 26 83.999964 2007 
3 26 89.804258 2008 
3 26 117.999225 2009 
3 27 77.072368 2007 
3 27 60.449549 2007 
3 27 85.802074 2008 
3 27 51.510238 2009 
3 27 222.473266 2010 
3 27 NaN 2011 
3 27 NaN 2012 
3 27 NaN 2013 
3 27 91.609694 2014 
3 27 NaN 2015 
3 27 115.076659 2016 
3 27 NaN 2017 
3 27 NaN 2018 
3 28 NaN 2007 
3 28 52.352054 2007 
3 28 169.497675 2008 
3 28 52.719720 2009 
3 28 201.094827 2010 
3 28 62.564972 2011 
3 28 100.727814 2012 
3 28 94.000000 2013 
3 28 89.764279 2014 
3 28 NaN 2015 
3 30 NaN 2007 
3 30 NaN 2007 
3 30 87.000000 2008 
3 30 52.889766 2009 
3 30 69.537601 2010 
3 30 105.999999 2011 
3 30 NaN 2012 
3 30 NaN 2013 
3 30 81.037554 2014 
3 30 NaN 2015 
3 30 114.540051 2016 
3 30 55.868292 2017 
3 30 67.000000 2018 
3 31 40.841786 2007 
3 31 59.278276 2007 
3 31 86.000000 2008 
3 32 34.945197 2007 
3 32 67.829954 2007 
3 32 96.000000 2008 
3 32 96.888925 2009 
3 32 190.584327 2010 
3 32 68.968490 2011 
3 32 214.628075 2012 
3 32 NaN 2013 
3 32 95.482295 2014 
3 32 NaN 2015 
3 32 120.251135 2016 
3 32 NaN 2017 
3 32 NaN 2018 
3 34 42.823351 2007 
3 34 104.592436 2007 
3 34 91.827251 2008 
3 34 142.228741 2009 
3 34 70.457557 2010 
3 34 66.000029 2011 
3 34 132.000305 2012 
3 34 156.000000 2013 
3 34 95.763156 2014 
3 34 NaN 2015 
3 34 122.463592 2016 
3 34 NaN 2017 
3 34 NaN 2018 
3 35 NaN 2007 
3 35 68.400014 2007 
3 35 92.999994 2008 
3 35 97.226734 2009 
3 35 77.485890 2010 
3 35 103.824606 2011 
3 35 127.581165 2012 
3 35 122.889858 2013 
3 35 100.999999 2014 
3 35 NaN 2015 
3 35 119.430903 2016 
3 35 61.615604 2017 
3 35 NaN 2018 
3 37 NaN 2007 
3 37 75.562435 2007 
3 37 91.000000 2008 
3 37 114.739506 2009 
3 37 71.980532 2010 
3 37 -27.471851 2011 
3 37 103.516453 2012 
3 37 124.999716 2013 
3 38 NaN 2007 
3 38 61.785110 2007 
3 38 92.000537 2008 
3 38 193.999732 2009 
3 38 NaN 2010 
3 38 111.000000 2011 
3 38 146.701926 2012 
3 38 125.107747 2013 
4 1 NaN 2007 
4 1 -1332.076737 2007 
4 1 -873.000001 2007 
4 1 -594.511489 2007 
4 1 -132.000001 2007 
4 1 -222.725862 2007 
4 1 -276.085789 2008 
4 1 -153.999910 2009 
4 1 NaN 2010 
4 1 NaN 2011 
4 2 NaN 2007 
4 2 NaN 2007 
4 2 -971.999908 2007 
4 2 NaN 2007 
4 2 -343.713279 2007 
4 2 -263.488014 2007 
4 2 NaN 2008 
4 2 -191.511985 2009 
4 2 NaN 2010 
4 2 -196.000000 2011 
4 3 NaN 2007 
4 3 NaN 2007 
4 3 -979.587015 2007 
4 3 -664.032797 2007 
4 3 -342.270346 2007 
4 3 -279.325065 2007 
4 3 NaN 2008 
4 3 -192.603450 2009 
4 3 NaN 2010 
4 3 -295.442557 2011 
4 4 -1688.326004 2007 
4 4 -1370.690380 2007 
4 4 -1017.869196 2007 
4 4 -654.693888 2007 
4 4 -340.741105 2007 
4 4 81.994554 2007 
4 4 NaN 2007 
4 4 93.000000 2008 
4 4 46.165558 2009 
4 5 NaN 2007 
4 5 -1376.001335 2007 
4 5 -1021.731770 2007 
4 5 NaN 2007 
4 5 -215.186602 2007 
4 5 -272.637395 2007 
4 5 -316.074238 2008 
4 5 -275.188912 2009 
4 5 -217.424143 2010 
4 6 -1690.331968 2007 
4 6 NaN 2007 
4 6 -965.083150 2007 
4 6 -642.177532 2007 
4 6 -156.488986 2007 
4 6 -276.501717 2007 
4 6 -305.430600 2008 
4 6 -279.349696 2009 
4 6 -305.095380 2010 
4 7 -1692.187791 2007 
4 7 NaN 2007 
4 7 -973.200237 2007 
4 7 -629.900255 2007 
4 7 -186.528789 2007 
4 7 -280.612639 2007 
4 7 NaN 2008 
4 7 -273.000000 2009 
4 7 NaN 2010 
4 7 -295.812454 2011 
4 8 NaN 2007 
4 8 NaN 2007 
4 8 -971.594226 2007 
4 8 -587.000000 2007 
4 8 -141.105209 2007 
4 8 -282.007651 2007 
4 8 -282.851184 2008 
4 8 -267.000001 2009 
4 8 NaN 2010 
4 9 NaN 2007 
4 9 -1369.794596 2007 
4 9 -971.000000 2007 
4 10 NaN 2007 
4 10 -1363.102556 2007 
4 10 -971.659336 2007 
4 10 -622.000000 2007 
4 10 -143.780959 2007 
4 10 -284.300693 2007 
4 10 NaN 2008 
4 10 -187.999958 2009 
4 10 NaN 2010 
4 10 NaN 2011 
4 10 -291.289289 2012 
4 11 NaN 2007 
4 11 -1369.784487 2007 
4 11 -971.605986 2007 
4 11 -589.000000 2007 
4 11 -157.306402 2007 
4 11 -281.490595 2007 
4 11 -306.835517 2008 
4 11 -269.000417 2009 
4 11 NaN 2010 
4 11 -293.163729 2011 
4 12 NaN 2007 
4 12 -1368.628393 2007 
4 12 -971.542100 2007 
4 12 -587.000000 2007 
4 12 -141.099155 2007 
4 12 -282.011951 2007 
4 13 NaN 2007 
4 13 NaN 2007 
4 13 -973.995465 2007 
4 13 -621.000000 2007 
4 13 -146.858636 2007 
4 13 -277.072079 2007 
4 13 -277.263667 2008 
4 13 -269.870129 2009 
4 13 -241.614446 2010 
4 14 NaN 2007 
4 14 NaN 2007 
4 14 -973.999878 2007 
4 14 -621.000000 2007 
4 14 -146.403034 2007 
4 14 -278.000000 2007 
4 14 -277.251134 2008 
4 14 -270.000000 2009 
4 14 NaN 2010 
4 15 NaN 2007 
4 15 NaN 2007 
4 15 -969.749924 2007 
4 15 -687.203062 2007 
4 15 -192.839555 2007 
4 15 -276.325898 2007 
4 15 -284.017528 2008 
4 15 -271.731430 2009 
4 15 NaN 2010 
4 15 -290.317883 2011 
4 15 -184.999998 2012 
4 16 NaN 2007 
4 16 NaN 2007 
4 16 -974.000000 2007 
4 16 -621.000000 2007 
4 16 -191.554726 2007 
4 16 -284.917030 2007 
4 16 -277.192526 2008 
4 16 -271.000000 2009 
4 16 -240.999998 2010 
4 16 -290.319443 2011 
4 16 -183.000197 2012 
4 17 NaN 2007 
4 17 NaN 2007 
4 17 -973.999917 2007 
4 17 -621.000000 2007 
4 17 -147.432611 2007 
4 17 -283.500784 2007 
4 17 -277.256960 2008 
4 17 -271.104815 2009 
4 18 -1701.574247 2007 
4 18 -1412.391341 2007 
4 18 -1022.661320 2007 
4 18 -661.877134 2007 
4 18 -335.312432 2007 
4 18 71.642634 2007 
4 18 NaN 2007 
4 18 86.577988 2008 
4 18 51.628009 2009 
10 1 81.102399 2007 
10 1 82.059436 2007 
10 1 94.000000 2008 
10 1 123.000000 2009 
10 1 67.616046 2010 
10 1 67.537139 2011 
10 1 132.068523 2012 
10 1 108.486716 2013 
10 1 93.526692 2014 
10 1 NaN 2015 
10 1 135.958663 2016 
10 1 156.494657 2017 
10 1 NaN 2018 
