3 19 0.498687 
3 20 0.499709 
3 19 0.498687 
3 20 0.499709 
3 23 0.499441 
3 24 0.500007 
3 26 0.537583 
3 27 0.501659 
3 28 0.494917 
3 30 0.501841 
3 31 0.458110 
3 32 0.508630 
3 34 0.484142 
3 35 0.484581 
3 37 0.441148 
3 38 0.497887 
4 1 0.521696 
4 2 0.503501 
4 3 0.500253 
4 4 0.476075 
4 5 0.446711 
4 6 0.445620 
4 7 0.503899 
4 8 0.446726 
4 9 0.416499 
4 10 0.527381 
4 11 0.501950 
4 12 0.443863 
4 13 0.439367 
4 14 0.456485 
4 15 0.526173 
4 16 0.513486 
4 17 0.445272 
4 18 0.456517 
10 1 0.489275 
3 19 0.498687 
3 20 0.499709 
3 23 0.499441 
3 24 0.500007 
3 26 0.537583 
3 27 0.501659 
3 28 0.494917 
3 30 0.501841 
3 31 0.458110 
3 32 0.508630 
3 34 0.484142 
3 35 0.484581 
3 37 0.441148 
3 38 0.497887 
4 1 0.521696 
4 2 0.503501 
4 3 0.500253 
4 4 0.476075 
4 5 0.446711 
4 6 0.445620 
4 7 0.503899 
4 8 0.446726 
4 9 0.416499 
4 10 0.527381 
4 11 0.501950 
4 12 0.443863 
4 13 0.439367 
4 14 0.456485 
4 15 0.526173 
4 16 0.513486 
4 17 0.445272 
4 18 0.456517 
10 1 0.489275 
