5 1 -1.228054 
5 2 -1.272143 
5 3 -1.364752 
5 4 -1.362922 
5 5 -1.165713 
5 6 0.674124 
5 7 -1.122686 
5 8 2.163260 
5 9 2.247978 
5 10 -2.234137 
5 11 -1.205266 
5 12 -2.022434 
5 13 0.749222 
5 14 -1.538350 
5 15 -1.155317 
5 16 -1.093334 
5 17 0.687190 
5 18 -1.106756 
5 19 1.240822 
5 20 -1.280929 
5 21 -2.470775 
5 22 -2.422836 
5 23 -1.186514 
5 24 -0.124743 
5 25 -2.393919 
5 26 0.091223 
5 27 -1.543790 
5 28 -1.536848 
5 29 -0.289163 
5 1 -1.228054 
5 2 -1.272143 
5 3 -1.364752 
5 4 -1.362922 
5 5 -1.165713 
5 6 0.674124 
5 7 -1.122686 
5 8 2.163260 
5 9 2.247978 
5 10 -2.234137 
5 11 -1.205266 
5 12 -2.022434 
5 13 0.749222 
5 14 -1.538350 
5 15 -1.155317 
5 16 -1.093334 
5 17 0.687190 
5 18 -1.106756 
5 19 1.240822 
5 20 -1.280929 
5 21 -2.470775 
5 22 -2.422836 
5 23 -1.186514 
5 24 -0.124743 
5 25 -2.393919 
5 26 0.091223 
5 27 -1.543790 
5 28 -1.536848 
5 29 -0.289163 
10 1 -1.138992 
10 1 -1.138992 
5 1 -1.228054 
5 1 -1.228054 
5 2 -1.272143 
5 3 -1.364752 
5 4 -1.362922 
5 5 -1.165713 
5 6 0.674124 
5 7 -1.122686 
5 8 2.163260 
5 9 2.247978 
5 10 -2.234137 
5 11 -1.205266 
5 12 -2.022434 
5 13 0.749222 
5 14 -1.538350 
5 15 -1.155317 
5 16 -1.093334 
5 17 0.687190 
5 18 -1.106756 
5 19 1.240822 
5 20 -1.280929 
5 21 -2.470775 
5 22 -2.422836 
5 23 -1.186514 
5 24 -0.124743 
5 25 -2.393919 
5 26 0.091223 
5 27 -1.543790 
5 28 -1.536848 
5 29 -0.289163 
10 1 -1.138992 
