5 1 NaN 2011 
5 1 92.000000 2012 
5 1 116.000000 2013 
5 1 87.000000 2014 
5 1 NaN 2015 
5 1 11.000000 2016 
5 1 81.000000 2017 
5 1 106.000000 2018 
5 1 126.000000 2019 
5 2 NaN 2011 
5 2 116.000000 2012 
5 2 120.000000 2013 
5 2 144.000000 2014 
5 2 NaN 2015 
5 2 NaN 2016 
5 2 126.000000 2017 
5 2 145.000000 2018 
5 2 197.000000 2019 
5 3 NaN 2011 
5 3 136.000000 2012 
5 3 166.000000 2013 
5 3 103.000000 2014 
5 3 NaN 2015 
5 3 151.000000 2016 
5 3 124.000000 2017 
5 3 162.000000 2018 
5 3 132.000000 2019 
5 4 NaN 2011 
5 4 135.000000 2012 
5 4 117.000000 2013 
5 4 105.000000 2014 
5 4 53.000000 2015 
5 4 182.000000 2016 
5 4 159.000000 2017 
5 4 187.000000 2018 
5 4 203.000000 2019 
5 5 NaN 2011 
5 5 34.000000 2012 
5 5 128.000000 2013 
5 5 156.000000 2014 
5 5 171.000000 2015 
5 5 157.000000 2016 
5 5 64.000000 2017 
5 5 116.000000 2018 
5 5 167.000000 2019 
5 6 NaN 2010 
5 6 NaN 2011 
5 6 50.000000 2012 
5 6 112.000000 2013 
5 6 NaN 2014 
5 6 NaN 2015 
5 6 NaN 2016 
5 6 NaN 2017 
5 6 67.000000 2018 
5 6 NaN 2019 
5 7 94.000000 2010 
5 7 94.000000 2011 
5 7 100.000000 2012 
5 7 90.000000 2013 
5 7 110.000000 2014 
5 7 40.000000 2015 
5 7 141.000000 2016 
5 7 78.000000 2017 
5 7 61.000000 2018 
5 7 140.000000 2019 
5 1 NaN 2011 
5 1 92.000000 2012 
5 1 116.000000 2013 
5 1 87.000000 2014 
5 1 NaN 2015 
5 1 11.000000 2016 
5 1 81.000000 2017 
5 1 106.000000 2018 
5 1 126.000000 2019 
5 2 NaN 2011 
5 2 116.000000 2012 
5 2 120.000000 2013 
5 2 144.000000 2014 
5 2 NaN 2015 
5 2 NaN 2016 
5 2 126.000000 2017 
5 2 145.000000 2018 
5 2 197.000000 2019 
5 3 NaN 2011 
5 3 136.000000 2012 
5 3 166.000000 2013 
5 3 103.000000 2014 
5 3 NaN 2015 
5 3 151.000000 2016 
5 3 124.000000 2017 
5 3 162.000000 2018 
5 3 132.000000 2019 
5 4 NaN 2011 
5 4 135.000000 2012 
5 4 117.000000 2013 
5 4 105.000000 2014 
5 4 53.000000 2015 
5 4 182.000000 2016 
5 4 159.000000 2017 
5 4 187.000000 2018 
5 4 203.000000 2019 
5 5 NaN 2011 
5 5 34.000000 2012 
5 5 128.000000 2013 
5 5 156.000000 2014 
5 5 171.000000 2015 
5 5 157.000000 2016 
5 5 64.000000 2017 
5 5 116.000000 2018 
5 5 167.000000 2019 
5 6 NaN 2010 
5 6 NaN 2011 
5 6 50.000000 2012 
5 6 112.000000 2013 
5 6 NaN 2014 
5 6 NaN 2015 
5 6 NaN 2016 
5 6 NaN 2017 
5 6 67.000000 2018 
5 6 NaN 2019 
5 7 94.000000 2010 
5 7 94.000000 2011 
5 7 100.000000 2012 
5 7 90.000000 2013 
5 7 110.000000 2014 
5 7 40.000000 2015 
5 7 141.000000 2016 
5 7 78.000000 2017 
5 7 61.000000 2018 
5 7 140.000000 2019 
5 1 NaN 2011 
5 1 92.000000 2012 
5 1 116.000000 2013 
5 1 87.000000 2014 
5 1 NaN 2015 
5 1 11.000000 2016 
5 1 81.000000 2017 
5 1 106.000000 2018 
5 1 126.000000 2019 
5 2 NaN 2011 
5 2 116.000000 2012 
5 2 120.000000 2013 
5 2 144.000000 2014 
5 2 NaN 2015 
5 2 NaN 2016 
5 2 126.000000 2017 
5 2 145.000000 2018 
5 2 197.000000 2019 
5 3 NaN 2011 
5 3 136.000000 2012 
5 3 166.000000 2013 
5 3 103.000000 2014 
5 3 NaN 2015 
5 3 151.000000 2016 
5 3 124.000000 2017 
5 3 162.000000 2018 
5 3 132.000000 2019 
5 4 NaN 2011 
5 4 135.000000 2012 
5 4 117.000000 2013 
5 4 105.000000 2014 
5 4 53.000000 2015 
5 4 182.000000 2016 
5 4 159.000000 2017 
5 4 187.000000 2018 
5 4 203.000000 2019 
5 5 NaN 2011 
5 5 34.000000 2012 
5 5 128.000000 2013 
5 5 156.000000 2014 
5 5 171.000000 2015 
5 5 157.000000 2016 
5 5 64.000000 2017 
5 5 116.000000 2018 
5 5 167.000000 2019 
5 6 NaN 2010 
5 6 NaN 2011 
5 6 50.000000 2012 
5 6 112.000000 2013 
5 6 NaN 2014 
5 6 NaN 2015 
5 6 NaN 2016 
5 6 NaN 2017 
5 6 67.000000 2018 
5 6 NaN 2019 
5 7 94.000000 2010 
5 7 94.000000 2011 
5 7 100.000000 2012 
5 7 90.000000 2013 
5 7 110.000000 2014 
5 7 40.000000 2015 
5 7 141.000000 2016 
5 7 78.000000 2017 
5 7 61.000000 2018 
5 7 140.000000 2019 
5 8 NaN 2010 
5 8 -176.000000 2011 
5 8 -39.000000 2012 
5 8 -111.000000 2013 
5 8 NaN 2014 
5 8 -152.000000 2015 
5 8 NaN 2016 
5 8 NaN 2017 
5 8 -105.000000 2018 
5 8 NaN 2019 
5 9 -39.000000 2012 
5 9 -111.000000 2013 
5 9 NaN 2014 
5 9 -152.000000 2015 
5 9 NaN 2016 
5 9 NaN 2017 
5 9 -104.000000 2018 
5 9 NaN 2019 
5 10 -217.000000 2011 
5 10 -215.000000 2012 
5 10 -171.000000 2013 
5 10 NaN 2014 
5 10 NaN 2015 
5 10 -188.000000 2016 
5 10 -262.000000 2017 
5 10 -239.000000 2018 
5 10 -163.000000 2019 
5 11 NaN 2011 
5 11 NaN 2012 
5 11 164.000000 2013 
5 11 145.000000 2014 
5 11 182.000000 2015 
5 11 NaN 2016 
5 11 NaN 2017 
5 11 199.000000 2018 
5 11 NaN 2019 
5 12 NaN 2011 
5 12 NaN 2012 
5 12 -247.000000 2013 
5 12 -121.000000 2014 
5 12 NaN 2015 
5 12 NaN 2016 
5 12 NaN 2017 
5 12 NaN 2018 
5 12 NaN 2019 
5 12 206.000000 2020 
5 13 NaN 2010 
5 13 NaN 2011 
5 13 20.000000 2012 
5 13 NaN 2013 
5 13 41.000000 2014 
5 13 NaN 2015 
5 13 NaN 2016 
5 13 NaN 2017 
5 13 NaN 2018 
5 13 NaN 2019 
5 14 NaN 2012 
5 14 -179.000000 2013 
5 14 NaN 2014 
5 14 -240.000000 2015 
5 14 -307.000000 2016 
5 14 -297.000000 2017 
5 14 -192.000000 2018 
5 14 -215.000000 2019 
5 14 140.000000 2020 
5 15 NaN 2011 
5 15 97.000000 2012 
5 15 121.000000 2013 
5 15 109.000000 2014 
5 15 133.000000 2015 
5 15 121.000000 2016 
5 15 106.000000 2017 
5 15 86.000000 2018 
5 15 154.000000 2019 
5 16 113.000000 2010 
5 16 NaN 2011 
5 16 111.000000 2012 
5 16 69.000000 2013 
5 16 124.000000 2014 
5 16 52.000000 2015 
5 16 89.000000 2016 
5 16 75.000000 2017 
5 16 56.000000 2018 
5 16 152.000000 2019 
5 17 NaN 2010 
5 17 NaN 2011 
5 17 -6.000000 2012 
5 17 -112.000000 2013 
5 17 -37.000000 2014 
5 17 NaN 2015 
5 17 -10.000000 2016 
5 17 -12.000000 2017 
5 17 -37.000000 2018 
5 17 -100.000000 2019 
5 18 NaN 2010 
5 18 150.000000 2011 
5 18 99.000000 2012 
5 18 105.000000 2013 
5 18 NaN 2014 
5 18 NaN 2015 
5 18 NaN 2016 
5 18 174.000000 2017 
5 18 88.000000 2018 
5 18 169.000000 2019 
5 19 NaN 2010 
5 19 91.000000 2011 
5 19 -24.000000 2012 
5 19 -120.000000 2013 
5 19 NaN 2014 
5 19 NaN 2015 
5 19 -14.000000 2016 
5 19 NaN 2017 
5 19 -106.000000 2018 
5 19 -63.000000 2019 
5 20 NaN 2011 
5 20 160.000000 2012 
5 20 103.000000 2013 
5 20 144.000000 2014 
5 20 NaN 2015 
5 20 NaN 2016 
5 20 167.000000 2017 
5 20 NaN 2018 
5 20 NaN 2019 
5 21 NaN 2012 
5 21 NaN 2013 
5 21 NaN 2014 
5 21 -243.000000 2015 
5 21 -185.000000 2016 
5 21 -242.000000 2017 
5 21 -248.000000 2018 
5 21 -178.000000 2019 
5 21 246.000000 2020 
5 22 NaN 2010 
5 22 -161.000000 2011 
5 22 NaN 2012 
5 22 -286.000000 2013 
5 22 NaN 2014 
5 22 NaN 2015 
5 22 -150.000000 2016 
5 22 NaN 2017 
5 22 -256.000000 2018 
5 22 NaN 2019 
5 22 NaN 2020 
5 23 NaN 2010 
5 23 NaN 2011 
5 23 NaN 2012 
5 23 119.000000 2013 
5 23 135.000000 2014 
5 23 NaN 2015 
5 23 NaN 2016 
5 23 NaN 2017 
5 23 NaN 2018 
5 23 187.000000 2019 
5 24 NaN 2010 
5 24 66.000000 2011 
5 24 12.000000 2012 
5 24 17.000000 2013 
5 24 66.000000 2014 
5 24 27.000000 2015 
5 24 11.000000 2016 
5 24 31.000000 2017 
5 24 48.000000 2018 
5 24 54.000000 2019 
5 25 NaN 2012 
5 25 -238.000000 2013 
5 25 -229.000000 2014 
5 25 -219.000000 2015 
5 25 -196.000000 2016 
5 25 -222.000000 2017 
5 25 -153.000000 2018 
5 25 -189.000000 2019 
5 26 NaN 2010 
5 26 77.000000 2011 
5 26 74.000000 2012 
5 26 76.000000 2013 
5 26 70.000000 2014 
5 26 35.000000 2015 
5 26 10.000000 2016 
5 26 59.000000 2017 
5 26 45.000000 2018 
5 26 62.000000 2019 
5 27 NaN 2011 
5 27 -186.000000 2012 
5 27 -182.000000 2013 
5 27 -239.000000 2014 
5 27 -282.000000 2015 
5 27 -317.000000 2016 
5 27 -335.000000 2017 
5 27 -281.000000 2018 
5 27 -221.000000 2019 
5 28 NaN 2011 
5 28 -313.000000 2012 
5 28 -182.000000 2013 
5 28 -239.000000 2014 
5 28 -282.000000 2015 
5 28 -317.000000 2016 
5 28 -336.000000 2017 
5 28 -284.000000 2018 
5 28 -222.000000 2019 
5 28 40.000000 2020 
5 29 NaN 2011 
5 29 81.000000 2012 
5 29 62.000000 2013 
5 29 NaN 2014 
5 29 50.000000 2015 
5 29 8.000000 2016 
5 29 37.000000 2017 
5 29 NaN 2018 
5 29 40.000000 2019 
10 1 NaN 2010 
10 1 76.000000 2010 
10 1 75.000000 2011 
10 1 137.000000 2012 
10 1 68.000000 2013 
10 1 109.000000 2014 
10 1 NaN 2015 
10 1 NaN 2016 
10 1 152.000000 2017 
10 1 111.000000 2018 
10 1 169.000000 2019 
