5 1 NaN 2011 
5 1 307.556952 2012 
5 1 142.637087 2013 
5 1 205.942476 2014 
5 1 NaN 2015 
5 1 184.255390 2016 
5 1 229.004314 2017 
5 1 249.000000 2018 
5 1 260.734861 2019 
5 2 NaN 2011 
5 2 251.359890 2012 
5 2 214.522095 2013 
5 2 268.707003 2014 
5 2 195.716532 2015 
5 2 NaN 2016 
5 2 170.000001 2017 
5 2 223.320449 2018 
5 2 184.999886 2019 
5 3 NaN 2012 
5 3 -75.250402 2013 
5 3 -151.187036 2014 
5 3 -85.682668 2015 
5 3 -136.317785 2016 
5 3 -146.470208 2017 
5 3 -104.676341 2018 
5 3 -155.691472 2019 
5 3 -171.002317 2020 
5 4 NaN 2011 
5 4 200.938655 2012 
5 4 268.000073 2013 
5 4 250.681900 2014 
5 4 196.042736 2015 
5 4 220.118209 2016 
5 4 161.999990 2017 
5 4 221.218533 2018 
5 5 NaN 2011 
5 5 203.700054 2012 
5 5 289.699740 2013 
5 5 177.611968 2014 
5 5 124.999978 2015 
5 5 218.874502 2016 
5 5 180.739252 2017 
5 5 NaN 2018 
5 5 198.999941 2019 
5 6 NaN 2010 
5 6 NaN 2011 
5 6 107.812088 2012 
5 6 NaN 2013 
5 6 NaN 2014 
5 6 111.895502 2015 
5 6 99.100166 2016 
5 6 184.000055 2017 
5 6 109.104896 2018 
5 6 270.829383 2019 
5 7 NaN 2010 
5 7 205.313669 2011 
5 7 234.748910 2012 
5 7 259.954679 2013 
5 7 249.868221 2014 
5 7 260.628864 2015 
5 7 274.675832 2016 
5 7 243.174368 2017 
5 7 NaN 2018 
5 7 258.376498 2019 
5 8 NaN 2010 
5 8 -174.128528 2011 
5 8 -89.999999 2012 
5 8 -183.990853 2013 
5 8 -95.300747 2014 
5 8 NaN 2015 
5 8 -72.201912 2016 
5 8 -159.999959 2017 
5 8 -68.487999 2018 
5 8 NaN 2019 
5 8 -170.000703 2020 
5 9 NaN 2012 
5 9 -83.321189 2013 
5 9 -69.000000 2014 
5 9 NaN 2015 
5 9 -75.999957 2016 
5 9 -166.408405 2017 
5 9 -66.739300 2018 
5 9 NaN 2019 
5 9 -157.224813 2020 
5 10 NaN 2011 
5 10 -12.170721 2012 
5 10 -154.339450 2013 
5 10 NaN 2014 
5 10 -170.588831 2015 
5 10 NaN 2016 
5 10 -161.913386 2017 
5 10 -52.199675 2018 
5 10 -78.057620 2019 
5 11 NaN 2011 
5 11 284.890135 2012 
5 11 204.748203 2013 
5 11 187.820491 2014 
5 11 214.301193 2015 
5 11 213.000000 2016 
5 11 179.998640 2017 
5 11 179.712760 2018 
5 11 207.049243 2019 
5 12 NaN 2011 
5 12 -39.346595 2012 
5 12 -145.999973 2013 
5 12 -40.767395 2014 
5 12 NaN 2015 
5 12 -116.000002 2016 
5 12 -179.832033 2017 
5 12 -123.798888 2018 
5 12 NaN 2019 
5 12 -154.663658 2020 
5 13 NaN 2010 
5 13 NaN 2011 
5 13 131.617968 2012 
5 13 NaN 2013 
5 13 NaN 2014 
5 13 97.999961 2015 
5 13 NaN 2016 
5 13 NaN 2017 
5 13 NaN 2018 
5 13 121.042191 2019 
5 14 NaN 2011 
5 14 193.087273 2012 
5 14 221.712694 2013 
5 14 168.126744 2014 
5 14 141.243001 2015 
5 14 177.999868 2016 
5 14 133.999997 2017 
5 14 171.999577 2018 
5 14 177.000001 2019 
5 15 NaN 2011 
5 15 NaN 2012 
5 15 244.900602 2013 
5 15 236.000000 2014 
5 15 215.077345 2015 
5 15 229.428528 2016 
5 15 214.227112 2017 
5 15 241.704545 2018 
5 15 255.634035 2019 
5 16 NaN 2010 
5 16 264.080052 2011 
5 16 337.374904 2012 
5 16 260.687099 2013 
5 16 252.904839 2014 
5 16 244.999985 2015 
5 16 NaN 2016 
5 16 201.000033 2017 
5 16 NaN 2018 
5 16 250.000003 2019 
5 17 NaN 2010 
5 17 99.053049 2011 
5 17 NaN 2012 
5 17 NaN 2013 
5 17 54.999983 2014 
5 17 150.514309 2015 
5 17 NaN 2016 
5 17 134.946331 2017 
5 17 NaN 2018 
5 17 83.486968 2019 
5 18 NaN 2010 
5 18 218.866247 2011 
5 18 165.194119 2012 
5 18 165.442623 2013 
5 18 167.999999 2014 
5 18 125.000216 2015 
5 18 168.000008 2016 
5 18 182.046848 2017 
5 18 267.345469 2018 
5 18 157.918696 2019 
5 19 NaN 2010 
5 19 NaN 2011 
5 19 NaN 2012 
5 19 NaN 2013 
5 19 NaN 2014 
5 19 146.000011 2015 
5 19 183.000000 2016 
5 19 130.000001 2017 
5 19 190.000000 2018 
5 19 76.296629 2019 
5 20 NaN 2011 
5 20 209.454196 2012 
5 20 246.897621 2013 
5 20 140.000086 2014 
5 20 185.999995 2015 
5 20 187.306162 2016 
5 20 258.093777 2017 
5 20 226.784387 2018 
5 20 211.654936 2019 
5 21 NaN 2012 
5 21 -207.916915 2013 
5 21 -180.737793 2014 
5 21 -189.000000 2015 
5 21 -184.999994 2016 
5 21 -170.704668 2017 
5 21 -67.687235 2018 
5 21 -166.805655 2019 
5 21 -110.128001 2020 
5 22 NaN 2010 
5 22 -151.000000 2011 
5 22 -67.360752 2012 
5 22 -177.811779 2013 
5 22 -73.774984 2014 
5 22 -151.067529 2015 
5 22 -62.476665 2016 
5 22 -145.900778 2017 
5 22 -76.729510 2018 
5 22 -49.862384 2019 
5 22 -156.278758 2020 
5 23 NaN 2010 
5 23 -91.220976 2011 
5 23 -190.363221 2012 
5 23 -172.000000 2013 
5 23 -152.274250 2014 
5 23 -188.000000 2015 
5 23 -147.280997 2016 
5 23 -105.710653 2017 
5 23 -90.863785 2018 
5 23 -153.562493 2019 
5 23 -108.146361 2020 
5 24 NaN 2010 
5 24 NaN 2011 
5 24 97.649427 2012 
5 24 NaN 2013 
5 24 108.314242 2014 
5 24 113.758815 2015 
5 24 183.431758 2016 
5 24 NaN 2017 
5 24 NaN 2018 
5 24 122.307486 2019 
5 25 NaN 2011 
5 25 254.565233 2012 
5 25 208.271538 2013 
5 25 161.999981 2014 
5 25 184.794667 2015 
5 25 196.177828 2016 
5 25 150.000020 2017 
5 25 172.999764 2018 
5 25 177.999987 2019 
5 26 NaN 2010 
5 26 135.839269 2011 
5 26 NaN 2012 
5 26 NaN 2013 
5 26 111.506940 2014 
5 26 112.338035 2015 
5 26 110.808827 2016 
5 26 NaN 2017 
5 26 NaN 2018 
5 26 119.828270 2019 
5 27 NaN 2011 
5 27 NaN 2012 
5 27 NaN 2013 
5 27 -161.115964 2014 
5 27 -26.335919 2015 
5 27 -18.644938 2016 
5 27 -190.000000 2017 
5 27 -201.000001 2018 
5 27 -68.702543 2019 
5 28 NaN 2011 
5 28 NaN 2012 
5 28 -173.999988 2013 
5 28 -155.000000 2014 
5 28 -111.528985 2015 
5 28 -86.333883 2016 
5 28 -201.425109 2017 
5 28 -200.255839 2018 
5 28 -70.991171 2019 
5 29 NaN 2011 
5 29 159.719428 2012 
5 29 NaN 2013 
5 29 119.873096 2014 
5 29 137.690586 2015 
5 29 NaN 2016 
5 29 276.325897 2017 
5 29 NaN 2018 
5 29 193.188453 2019 
10 1 NaN 2010 
10 1 -153.632683 2011 
10 1 -49.467536 2012 
10 1 -104.305285 2013 
10 1 -151.517500 2014 
10 1 NaN 2015 
10 1 -48.143308 2016 
10 1 -162.429009 2017 
10 1 -88.999999 2018 
10 1 -29.559134 2019 
10 1 -159.575394 2020 
