5 1 NaN 2011 
5 1 NaN 2012 
5 1 NaN 2013 
5 1 147.000000 2014 
5 1 121.000000 2015 
5 1 173.000000 2016 
5 1 231.000000 2017 
5 1 273.000000 2018 
5 1 294.000000 2019 
5 2 NaN 2012 
5 2 -93.000000 2013 
5 2 -155.000000 2014 
5 2 -137.000000 2015 
5 2 -217.000000 2016 
5 2 NaN 2017 
5 2 -173.000000 2018 
5 2 -168.000000 2019 
5 2 -158.000000 2020 
5 3 NaN 2012 
5 3 -46.000000 2013 
5 3 -143.000000 2014 
5 3 -82.000000 2015 
5 3 -113.000000 2016 
5 3 -133.000000 2017 
5 3 -96.000000 2018 
5 3 NaN 2019 
5 3 -152.000000 2020 
5 4 NaN 2012 
5 4 -148.000000 2013 
5 4 -84.000000 2014 
5 4 NaN 2015 
5 4 -202.000000 2016 
5 4 -125.000000 2017 
5 4 -181.000000 2018 
5 4 -170.000000 2019 
5 5 NaN 2011 
5 5 209.000000 2012 
5 5 264.000000 2013 
5 5 183.000000 2014 
5 5 NaN 2015 
5 5 215.000000 2016 
5 5 166.000000 2017 
5 5 NaN 2018 
5 5 209.000000 2019 
5 6 NaN 2010 
5 6 NaN 2011 
5 6 108.000000 2012 
5 6 NaN 2013 
5 6 NaN 2014 
5 6 114.000000 2015 
5 6 NaN 2016 
5 6 NaN 2017 
5 6 115.000000 2018 
5 6 272.000000 2019 
5 7 NaN 2010 
5 7 206.000000 2011 
5 7 238.000000 2012 
5 7 258.000000 2013 
5 7 255.000000 2014 
5 7 267.000000 2015 
5 7 278.000000 2016 
5 7 235.000000 2017 
5 7 NaN 2018 
5 7 201.000000 2019 
5 8 NaN 2010 
5 8 NaN 2011 
5 8 -61.000000 2012 
5 8 -137.000000 2013 
5 8 -83.000000 2014 
5 8 NaN 2015 
5 8 NaN 2016 
5 8 -118.000000 2017 
5 8 -39.000000 2018 
5 8 NaN 2019 
5 8 -132.000000 2020 
5 9 NaN 2012 
5 9 -60.000000 2013 
5 9 -62.000000 2014 
5 9 NaN 2015 
5 9 -31.000000 2016 
5 9 -149.000000 2017 
5 9 -32.000000 2018 
5 9 NaN 2019 
5 9 -132.000000 2020 
5 10 NaN 2011 
5 10 -12.000000 2012 
5 10 -172.000000 2013 
5 10 NaN 2014 
5 10 -147.000000 2015 
5 10 NaN 2016 
5 10 NaN 2017 
5 10 -26.000000 2018 
5 10 -56.000000 2019 
5 11 NaN 2012 
5 11 -46.000000 2013 
5 11 -129.000000 2014 
5 11 NaN 2015 
5 11 -132.000000 2016 
5 11 -126.000000 2017 
5 11 -163.000000 2018 
5 11 -165.000000 2019 
5 11 -146.000000 2020 
5 12 NaN 2011 
5 12 -19.000000 2012 
5 12 -128.000000 2013 
5 12 -19.000000 2014 
5 12 NaN 2015 
5 12 -130.000000 2016 
5 12 -164.000000 2017 
5 12 -103.000000 2018 
5 12 -146.000000 2019 
5 12 -129.000000 2020 
5 13 NaN 2010 
5 13 NaN 2011 
5 13 135.000000 2012 
5 13 NaN 2013 
5 13 112.000000 2014 
5 13 97.000000 2015 
5 13 NaN 2016 
5 13 145.000000 2017 
5 13 64.000000 2018 
5 13 97.000000 2019 
5 14 NaN 2012 
5 14 -143.000000 2013 
5 14 -124.000000 2014 
5 14 NaN 2015 
5 14 -212.000000 2016 
5 14 -116.000000 2017 
5 14 -209.000000 2018 
5 14 -171.000000 2019 
5 14 NaN 2020 
5 15 NaN 2011 
5 15 NaN 2012 
5 15 161.000000 2013 
5 15 254.000000 2014 
5 15 235.000000 2015 
5 15 231.000000 2016 
5 15 269.000000 2017 
5 15 NaN 2018 
5 15 255.000000 2019 
5 16 NaN 2010 
5 16 269.000000 2011 
5 16 320.000000 2012 
5 16 278.000000 2013 
5 16 256.000000 2014 
5 16 267.000000 2015 
5 16 NaN 2016 
5 16 194.000000 2017 
5 16 NaN 2018 
5 16 233.000000 2019 
5 17 NaN 2010 
5 17 42.000000 2011 
5 17 NaN 2012 
5 17 NaN 2013 
5 17 NaN 2014 
5 17 154.000000 2015 
5 17 139.000000 2016 
5 17 NaN 2017 
5 17 NaN 2018 
5 17 114.000000 2019 
5 18 NaN 2011 
5 18 -119.000000 2012 
5 18 -196.000000 2013 
5 18 NaN 2014 
5 18 -175.000000 2015 
5 18 NaN 2016 
5 18 NaN 2017 
5 18 NaN 2018 
5 18 -101.000000 2019 
5 18 NaN 2020 
5 19 NaN 2010 
5 19 100.000000 2011 
5 19 123.000000 2012 
5 19 NaN 2013 
5 19 NaN 2014 
5 19 50.000000 2015 
5 19 181.000000 2016 
5 19 126.000000 2017 
5 19 143.000000 2018 
5 19 70.000000 2019 
5 20 NaN 2011 
5 20 293.000000 2012 
5 20 249.000000 2013 
5 20 139.000000 2014 
5 20 186.000000 2015 
5 20 180.000000 2016 
5 20 257.000000 2017 
5 20 224.000000 2018 
5 20 194.000000 2019 
5 21 NaN 2012 
5 21 -201.000000 2013 
5 21 -157.000000 2014 
5 21 NaN 2015 
5 21 -172.000000 2016 
5 21 -150.000000 2017 
5 21 -45.000000 2018 
5 21 -144.000000 2019 
5 21 NaN 2020 
5 22 NaN 2010 
5 22 -163.000000 2011 
5 22 -61.000000 2012 
5 22 -134.000000 2013 
5 22 -61.000000 2014 
5 22 -174.000000 2015 
5 22 -41.000000 2016 
5 22 -118.000000 2017 
5 22 -55.000000 2018 
5 22 -30.000000 2019 
5 22 -131.000000 2020 
5 23 NaN 2010 
5 23 -43.000000 2011 
5 23 NaN 2012 
5 23 -90.000000 2013 
5 23 -131.000000 2014 
5 23 NaN 2015 
5 23 -123.000000 2016 
5 23 -138.000000 2017 
5 23 NaN 2018 
5 23 -136.000000 2019 
5 23 -88.000000 2020 
5 24 NaN 2010 
5 24 98.000000 2011 
5 24 93.000000 2012 
5 24 NaN 2013 
5 24 112.000000 2014 
5 24 114.000000 2015 
5 24 178.000000 2016 
5 24 NaN 2017 
5 24 NaN 2018 
5 24 70.000000 2019 
5 25 NaN 2012 
5 25 -95.000000 2013 
5 25 -133.000000 2014 
5 25 -181.000000 2015 
5 25 -131.000000 2016 
5 25 -158.000000 2017 
5 25 NaN 2018 
5 25 -170.000000 2019 
5 25 NaN 2020 
5 26 NaN 2010 
5 26 140.000000 2011 
5 26 NaN 2012 
5 26 NaN 2013 
5 26 113.000000 2014 
5 26 116.000000 2015 
5 26 112.000000 2016 
5 26 110.000000 2017 
5 26 NaN 2018 
5 26 63.000000 2019 
5 27 NaN 2011 
5 27 NaN 2012 
5 27 NaN 2013 
5 27 -150.000000 2014 
5 27 -27.000000 2015 
5 27 -23.000000 2016 
5 27 -170.000000 2017 
5 27 -179.000000 2018 
5 27 -84.000000 2019 
5 28 NaN 2011 
5 28 NaN 2012 
5 28 -149.000000 2013 
5 28 -149.000000 2014 
5 28 -95.000000 2015 
5 28 -168.000000 2016 
5 28 -180.000000 2017 
5 28 NaN 2018 
5 28 -92.000000 2019 
5 29 NaN 2011 
5 29 97.000000 2012 
5 29 NaN 2013 
5 29 NaN 2014 
5 29 144.000000 2015 
5 29 NaN 2016 
5 29 287.000000 2017 
5 29 NaN 2018 
5 29 199.000000 2019 
10 1 NaN 2010 
10 1 -179.000000 2011 
10 1 -76.000000 2012 
10 1 NaN 2013 
10 1 NaN 2014 
10 1 NaN 2015 
10 1 -26.000000 2016 
10 1 -160.000000 2017 
10 1 -72.000000 2018 
10 1 -60.000000 2019 
10 1 -137.000000 2020 
