5 1 NaN 2011 
5 1 NaN 2012 
5 1 NaN 2013 
5 1 100.000000 2014 
5 1 -61.000000 2015 
5 1 102.000000 2016 
5 1 124.000000 2017 
5 1 176.000000 2018 
5 1 132.000000 2019 
5 2 NaN 2011 
5 2 125.000000 2012 
5 2 164.000000 2013 
5 2 154.000000 2014 
5 2 181.000000 2015 
5 2 NaN 2016 
5 2 232.000000 2017 
5 2 142.000000 2018 
5 2 184.000000 2019 
5 3 NaN 2012 
5 3 -238.000000 2013 
5 3 -260.000000 2014 
5 3 -210.000000 2015 
5 3 -309.000000 2016 
5 3 -254.000000 2017 
5 3 -208.000000 2018 
5 3 NaN 2019 
5 3 185.000000 2020 
5 4 NaN 2011 
5 4 52.000000 2012 
5 4 183.000000 2013 
5 4 NaN 2014 
5 4 167.000000 2015 
5 4 73.000000 2016 
5 4 213.000000 2017 
5 4 185.000000 2018 
5 5 NaN 2011 
5 5 29.000000 2012 
5 5 158.000000 2013 
5 5 3.000000 2014 
5 5 NaN 2015 
5 5 65.000000 2016 
5 5 156.000000 2017 
5 5 NaN 2018 
5 5 27.000000 2019 
5 6 NaN 2010 
5 6 NaN 2011 
5 6 -62.000000 2012 
5 6 NaN 2013 
5 6 NaN 2014 
5 6 -65.000000 2015 
5 6 NaN 2016 
5 6 NaN 2017 
5 6 -67.000000 2018 
5 6 117.000000 2019 
5 7 NaN 2010 
5 7 46.000000 2011 
5 7 56.000000 2012 
5 7 100.000000 2013 
5 7 73.000000 2014 
5 7 85.000000 2015 
5 7 105.000000 2016 
5 7 109.000000 2017 
5 7 NaN 2018 
5 7 184.000000 2019 
5 8 NaN 2010 
5 8 NaN 2011 
5 8 -203.000000 2012 
5 8 -257.000000 2013 
5 8 -207.000000 2014 
5 8 NaN 2015 
5 8 NaN 2016 
5 8 -322.000000 2017 
5 8 -234.000000 2018 
5 8 NaN 2019 
5 8 29.000000 2020 
5 9 NaN 2012 
5 9 -252.000000 2013 
5 9 -181.000000 2014 
5 9 NaN 2015 
5 9 -227.000000 2016 
5 9 -315.000000 2017 
5 9 -235.000000 2018 
5 9 NaN 2019 
5 9 30.000000 2020 
5 10 NaN 2011 
5 10 -186.000000 2012 
5 10 -316.000000 2013 
5 10 NaN 2014 
5 10 -350.000000 2015 
5 10 NaN 2016 
5 10 NaN 2017 
5 10 -215.000000 2018 
5 10 -242.000000 2019 
5 11 NaN 2011 
5 11 116.000000 2012 
5 11 114.000000 2013 
5 11 NaN 2014 
5 11 77.000000 2015 
5 11 95.000000 2016 
5 11 141.000000 2017 
5 11 134.000000 2018 
5 11 161.000000 2019 
5 12 NaN 2011 
5 12 -193.000000 2012 
5 12 -270.000000 2013 
5 12 -153.000000 2014 
5 12 NaN 2015 
5 12 -333.000000 2016 
5 12 -321.000000 2017 
5 12 -247.000000 2018 
5 12 -350.000000 2019 
5 12 32.000000 2020 
5 13 NaN 2010 
5 13 NaN 2011 
5 13 -47.000000 2012 
5 13 NaN 2013 
5 13 -68.000000 2014 
5 13 -36.000000 2015 
5 13 NaN 2016 
5 13 -24.000000 2017 
5 13 -79.000000 2018 
5 13 -85.000000 2019 
5 14 NaN 2011 
5 14 18.000000 2012 
5 14 70.000000 2013 
5 14 NaN 2014 
5 14 190.000000 2015 
5 14 101.000000 2016 
5 14 200.000000 2017 
5 14 233.000000 2018 
5 14 NaN 2019 
5 15 NaN 2011 
5 15 NaN 2012 
5 15 105.000000 2013 
5 15 73.000000 2014 
5 15 53.000000 2015 
5 15 58.000000 2016 
5 15 136.000000 2017 
5 15 NaN 2018 
5 15 85.000000 2019 
5 16 NaN 2010 
5 16 88.000000 2011 
5 16 165.000000 2012 
5 16 95.000000 2013 
5 16 73.000000 2014 
5 16 85.000000 2015 
5 16 NaN 2016 
5 16 170.000000 2017 
5 16 NaN 2018 
5 16 159.000000 2019 
5 17 NaN 2010 
5 17 -95.000000 2011 
5 17 NaN 2012 
5 17 NaN 2013 
5 17 NaN 2014 
5 17 -29.000000 2015 
5 17 50.000000 2016 
5 17 NaN 2017 
5 17 NaN 2018 
5 17 8.000000 2019 
5 18 NaN 2010 
5 18 42.000000 2011 
5 18 183.000000 2012 
5 18 NaN 2013 
5 18 157.000000 2014 
5 18 NaN 2015 
5 18 NaN 2016 
5 18 NaN 2017 
5 18 160.000000 2018 
5 18 NaN 2019 
5 19 NaN 2010 
5 19 -83.000000 2011 
5 19 -59.000000 2012 
5 19 NaN 2013 
5 19 NaN 2014 
5 19 -16.000000 2015 
5 19 19.000000 2016 
5 19 4.000000 2017 
5 19 -39.000000 2018 
5 19 -26.000000 2019 
5 20 NaN 2011 
5 20 124.000000 2012 
5 20 98.000000 2013 
5 20 199.000000 2014 
5 20 102.000000 2015 
5 20 105.000000 2016 
5 20 120.000000 2017 
5 20 95.000000 2018 
5 20 247.000000 2019 
5 21 NaN 2012 
5 21 -313.000000 2013 
5 21 -359.000000 2014 
5 21 NaN 2015 
5 21 -129.000000 2016 
5 21 -233.000000 2017 
5 21 -226.000000 2018 
5 21 -346.000000 2019 
5 21 NaN 2020 
5 22 NaN 2010 
5 22 -367.000000 2011 
5 22 -182.000000 2012 
5 22 -338.000000 2013 
5 22 -209.000000 2014 
5 22 -219.000000 2015 
5 22 -219.000000 2016 
5 22 -321.000000 2017 
5 22 -230.000000 2018 
5 22 -207.000000 2019 
5 22 31.000000 2020 
5 23 NaN 2010 
5 23 -247.000000 2011 
5 23 NaN 2012 
5 23 -176.000000 2013 
5 23 -206.000000 2014 
5 23 NaN 2015 
5 23 -300.000000 2016 
5 23 -221.000000 2017 
5 23 NaN 2018 
5 23 -307.000000 2019 
5 23 112.000000 2020 
5 24 NaN 2010 
5 24 -84.000000 2011 
5 24 -40.000000 2012 
5 24 NaN 2013 
5 24 -70.000000 2014 
5 24 -63.000000 2015 
5 24 48.000000 2016 
5 24 NaN 2017 
5 24 NaN 2018 
5 24 -36.000000 2019 
5 25 NaN 2011 
5 25 114.000000 2012 
5 25 30.000000 2013 
5 25 179.000000 2014 
5 25 170.000000 2015 
5 25 132.000000 2016 
5 25 NaN 2017 
5 25 56.000000 2018 
5 25 NaN 2019 
5 26 NaN 2010 
5 26 -43.000000 2011 
5 26 NaN 2012 
5 26 NaN 2013 
5 26 -61.000000 2014 
5 26 -66.000000 2015 
5 26 -69.000000 2016 
5 26 -72.000000 2017 
5 26 NaN 2018 
5 26 -49.000000 2019 
5 27 NaN 2011 
5 27 NaN 2012 
5 27 NaN 2013 
5 27 -218.000000 2014 
5 27 -163.000000 2015 
5 27 -167.000000 2016 
5 27 -195.000000 2017 
5 27 -210.000000 2018 
5 27 -220.000000 2019 
5 28 NaN 2011 
5 28 NaN 2012 
5 28 -244.000000 2013 
5 28 -238.000000 2014 
5 28 -206.000000 2015 
5 28 -186.000000 2016 
5 28 -246.000000 2017 
5 28 NaN 2018 
5 28 -212.000000 2019 
5 29 NaN 2011 
5 29 92.000000 2012 
5 29 NaN 2013 
5 29 NaN 2014 
5 29 -38.000000 2015 
5 29 NaN 2016 
5 29 106.000000 2017 
5 29 NaN 2018 
5 29 23.000000 2019 
10 1 NaN 2010 
10 1 -325.000000 2011 
10 1 -166.000000 2012 
10 1 NaN 2013 
10 1 NaN 2014 
10 1 NaN 2015 
10 1 -223.000000 2016 
10 1 -288.000000 2017 
10 1 -220.000000 2018 
10 1 -23.000000 2019 
10 1 32.000000 2020 
