5 1 NaN 2011 
5 1 186.000000 2012 
5 1 160.000000 2013 
5 1 115.000000 2014 
5 1 NaN 2015 
5 1 169.000000 2016 
5 1 134.000000 2017 
5 1 274.000000 2018 
5 1 278.000000 2019 
5 2 NaN 2011 
5 2 130.000000 2012 
5 2 167.000000 2013 
5 2 140.000000 2014 
5 2 NaN 2015 
5 2 NaN 2016 
5 2 250.000000 2017 
5 2 214.000000 2018 
5 2 224.000000 2019 
5 3 NaN 2011 
5 3 172.000000 2012 
5 3 172.000000 2013 
5 3 223.000000 2014 
5 3 NaN 2015 
5 3 253.000000 2016 
5 3 233.000000 2017 
5 3 243.000000 2018 
5 3 286.000000 2019 
5 4 NaN 2011 
5 4 166.000000 2012 
5 4 170.000000 2013 
5 4 189.000000 2014 
5 4 165.000000 2015 
5 4 163.000000 2016 
5 4 176.000000 2017 
5 4 181.000000 2018 
5 4 195.000000 2019 
5 5 NaN 2011 
5 5 186.000000 2012 
5 5 171.000000 2013 
5 5 144.000000 2014 
5 5 133.000000 2015 
5 5 151.000000 2016 
5 5 144.000000 2017 
5 5 196.000000 2018 
5 5 182.000000 2019 
5 6 NaN 2010 
5 6 NaN 2011 
5 6 119.000000 2012 
5 6 124.000000 2013 
5 6 NaN 2014 
5 6 NaN 2015 
5 6 NaN 2016 
5 6 NaN 2017 
5 6 203.000000 2018 
5 6 NaN 2019 
5 7 210.000000 2010 
5 7 208.000000 2011 
5 7 250.000000 2012 
5 7 174.000000 2013 
5 7 175.000000 2014 
5 7 206.000000 2015 
5 7 124.000000 2016 
5 7 186.000000 2017 
5 7 225.000000 2018 
5 7 159.000000 2019 
5 1 NaN 2011 
5 1 186.000000 2012 
5 1 160.000000 2013 
5 1 115.000000 2014 
5 1 NaN 2015 
5 1 169.000000 2016 
5 1 134.000000 2017 
5 1 274.000000 2018 
5 1 278.000000 2019 
5 2 NaN 2011 
5 2 130.000000 2012 
5 2 167.000000 2013 
5 2 140.000000 2014 
5 2 NaN 2015 
5 2 NaN 2016 
5 2 250.000000 2017 
5 2 214.000000 2018 
5 2 224.000000 2019 
5 3 NaN 2011 
5 3 172.000000 2012 
5 3 172.000000 2013 
5 3 223.000000 2014 
5 3 NaN 2015 
5 3 253.000000 2016 
5 3 233.000000 2017 
5 3 243.000000 2018 
5 3 286.000000 2019 
5 4 NaN 2011 
5 4 166.000000 2012 
5 4 170.000000 2013 
5 4 189.000000 2014 
5 4 165.000000 2015 
5 4 163.000000 2016 
5 4 176.000000 2017 
5 4 181.000000 2018 
5 4 195.000000 2019 
5 5 NaN 2011 
5 5 186.000000 2012 
5 5 171.000000 2013 
5 5 144.000000 2014 
5 5 133.000000 2015 
5 5 151.000000 2016 
5 5 144.000000 2017 
5 5 196.000000 2018 
5 5 182.000000 2019 
5 6 NaN 2010 
5 6 NaN 2011 
5 6 119.000000 2012 
5 6 124.000000 2013 
5 6 NaN 2014 
5 6 NaN 2015 
5 6 NaN 2016 
5 6 NaN 2017 
5 6 203.000000 2018 
5 6 NaN 2019 
5 7 210.000000 2010 
5 7 208.000000 2011 
5 7 250.000000 2012 
5 7 174.000000 2013 
5 7 175.000000 2014 
5 7 206.000000 2015 
5 7 124.000000 2016 
5 7 186.000000 2017 
5 7 225.000000 2018 
5 7 159.000000 2019 
5 1 NaN 2011 
5 1 186.000000 2012 
5 1 160.000000 2013 
5 1 115.000000 2014 
5 1 NaN 2015 
5 1 169.000000 2016 
5 1 134.000000 2017 
5 1 274.000000 2018 
5 1 278.000000 2019 
5 2 NaN 2011 
5 2 130.000000 2012 
5 2 167.000000 2013 
5 2 140.000000 2014 
5 2 NaN 2015 
5 2 NaN 2016 
5 2 250.000000 2017 
5 2 214.000000 2018 
5 2 224.000000 2019 
5 3 NaN 2011 
5 3 172.000000 2012 
5 3 172.000000 2013 
5 3 223.000000 2014 
5 3 NaN 2015 
5 3 253.000000 2016 
5 3 233.000000 2017 
5 3 243.000000 2018 
5 3 286.000000 2019 
5 4 NaN 2011 
5 4 166.000000 2012 
5 4 170.000000 2013 
5 4 189.000000 2014 
5 4 165.000000 2015 
5 4 163.000000 2016 
5 4 176.000000 2017 
5 4 181.000000 2018 
5 4 195.000000 2019 
5 5 NaN 2011 
5 5 186.000000 2012 
5 5 171.000000 2013 
5 5 144.000000 2014 
5 5 133.000000 2015 
5 5 151.000000 2016 
5 5 144.000000 2017 
5 5 196.000000 2018 
5 5 182.000000 2019 
5 6 NaN 2010 
5 6 NaN 2011 
5 6 119.000000 2012 
5 6 124.000000 2013 
5 6 NaN 2014 
5 6 NaN 2015 
5 6 NaN 2016 
5 6 NaN 2017 
5 6 203.000000 2018 
5 6 NaN 2019 
5 7 210.000000 2010 
5 7 208.000000 2011 
5 7 250.000000 2012 
5 7 174.000000 2013 
5 7 175.000000 2014 
5 7 206.000000 2015 
5 7 124.000000 2016 
5 7 186.000000 2017 
5 7 225.000000 2018 
5 7 159.000000 2019 
5 8 NaN 2010 
5 8 -3.000000 2011 
5 8 131.000000 2012 
5 8 53.000000 2013 
5 8 NaN 2014 
5 8 -27.000000 2015 
5 8 NaN 2016 
5 8 NaN 2017 
5 8 43.000000 2018 
5 8 NaN 2019 
5 9 131.000000 2012 
5 9 53.000000 2013 
5 9 NaN 2014 
5 9 -27.000000 2015 
5 9 NaN 2016 
5 9 NaN 2017 
5 9 43.000000 2018 
5 9 NaN 2019 
5 10 -38.000000 2011 
5 10 -38.000000 2012 
5 10 -64.000000 2013 
5 10 NaN 2014 
5 10 NaN 2015 
5 10 -71.000000 2016 
5 10 -99.000000 2017 
5 10 -87.000000 2018 
5 10 -53.000000 2019 
5 11 NaN 2011 
5 11 NaN 2012 
5 11 143.000000 2013 
5 11 168.000000 2014 
5 11 122.000000 2015 
5 11 NaN 2016 
5 11 NaN 2017 
5 11 219.000000 2018 
5 11 NaN 2019 
5 12 NaN 2011 
5 12 NaN 2012 
5 12 -115.000000 2013 
5 12 36.000000 2014 
5 12 NaN 2015 
5 12 NaN 2016 
5 12 NaN 2017 
5 12 NaN 2018 
5 12 NaN 2019 
5 12 343.000000 2020 
5 13 NaN 2010 
5 13 NaN 2011 
5 13 151.000000 2012 
5 13 NaN 2013 
5 13 105.000000 2014 
5 13 NaN 2015 
5 13 144.000000 2016 
5 13 NaN 2017 
5 13 NaN 2018 
5 13 NaN 2019 
5 14 NaN 2012 
5 14 223.000000 2013 
5 14 NaN 2014 
5 14 195.000000 2015 
5 14 148.000000 2016 
5 14 198.000000 2017 
5 14 170.000000 2018 
5 14 188.000000 2019 
5 14 193.000000 2020 
5 15 NaN 2011 
5 15 231.000000 2012 
5 15 154.000000 2013 
5 15 201.000000 2014 
5 15 151.000000 2015 
5 15 148.000000 2016 
5 15 169.000000 2017 
5 15 217.000000 2018 
5 15 157.000000 2019 
5 16 273.000000 2010 
5 16 NaN 2011 
5 16 204.000000 2012 
5 16 228.000000 2013 
5 16 183.000000 2014 
5 16 118.000000 2015 
5 16 132.000000 2016 
5 16 171.000000 2017 
5 16 221.000000 2018 
5 16 157.000000 2019 
5 17 NaN 2010 
5 17 NaN 2011 
5 17 168.000000 2012 
5 17 47.000000 2013 
5 17 118.000000 2014 
5 17 NaN 2015 
5 17 139.000000 2016 
5 17 158.000000 2017 
5 17 118.000000 2018 
5 17 70.000000 2019 
5 18 NaN 2010 
5 18 158.000000 2011 
5 18 195.000000 2012 
5 18 239.000000 2013 
5 18 NaN 2014 
5 18 NaN 2015 
5 18 NaN 2016 
5 18 133.000000 2017 
5 18 250.000000 2018 
5 18 270.000000 2019 
5 19 NaN 2010 
5 19 106.000000 2011 
5 19 145.000000 2012 
5 19 54.000000 2013 
5 19 NaN 2014 
5 19 NaN 2015 
5 19 149.000000 2016 
5 19 NaN 2017 
5 19 50.000000 2018 
5 19 57.000000 2019 
5 20 NaN 2011 
5 20 124.000000 2012 
5 20 170.000000 2013 
5 20 142.000000 2014 
5 20 NaN 2015 
5 20 NaN 2016 
5 20 161.000000 2017 
5 20 NaN 2018 
5 20 NaN 2019 
5 21 NaN 2012 
5 21 NaN 2013 
5 21 NaN 2014 
5 21 -94.000000 2015 
5 21 -87.000000 2016 
5 21 -97.000000 2017 
5 21 -92.000000 2018 
5 21 -16.000000 2019 
5 21 368.000000 2020 
5 22 NaN 2010 
5 22 -20.000000 2011 
5 22 NaN 2012 
5 22 -114.000000 2013 
5 22 NaN 2014 
5 22 NaN 2015 
5 22 -119.000000 2016 
5 22 NaN 2017 
5 22 -91.000000 2018 
5 22 NaN 2019 
5 22 NaN 2020 
5 23 NaN 2010 
5 23 NaN 2011 
5 23 NaN 2012 
5 23 158.000000 2013 
5 23 205.000000 2014 
5 23 NaN 2015 
5 23 NaN 2016 
5 23 NaN 2017 
5 23 NaN 2018 
5 23 167.000000 2019 
5 24 NaN 2010 
5 24 165.000000 2011 
5 24 183.000000 2012 
5 24 176.000000 2013 
5 24 129.000000 2014 
5 24 196.000000 2015 
5 24 153.000000 2016 
5 24 159.000000 2017 
5 24 209.000000 2018 
5 24 127.000000 2019 
5 25 NaN 2012 
5 25 -79.000000 2013 
5 25 -73.000000 2014 
5 25 -55.000000 2015 
5 25 -73.000000 2016 
5 25 -118.000000 2017 
5 25 -193.000000 2018 
5 25 -49.000000 2019 
5 26 NaN 2010 
5 26 141.000000 2011 
5 26 163.000000 2012 
5 26 159.000000 2013 
5 26 181.000000 2014 
5 26 204.000000 2015 
5 26 154.000000 2016 
5 26 150.000000 2017 
5 26 203.000000 2018 
5 26 194.000000 2019 
5 27 NaN 2011 
5 27 -190.000000 2012 
5 27 -96.000000 2013 
5 27 -60.000000 2014 
5 27 -107.000000 2015 
5 27 -151.000000 2016 
5 27 -178.000000 2017 
5 27 -196.000000 2018 
5 27 -182.000000 2019 
5 28 NaN 2011 
5 28 -147.000000 2012 
5 28 -96.000000 2013 
5 28 -60.000000 2014 
5 28 -107.000000 2015 
5 28 -151.000000 2016 
5 28 -173.000000 2017 
5 28 -192.000000 2018 
5 28 -182.000000 2019 
5 28 208.000000 2020 
5 29 NaN 2011 
5 29 186.000000 2012 
5 29 216.000000 2013 
5 29 NaN 2014 
5 29 204.000000 2015 
5 29 169.000000 2016 
5 29 190.000000 2017 
5 29 NaN 2018 
5 29 207.000000 2019 
10 1 NaN 2010 
10 1 190.000000 2010 
10 1 189.000000 2011 
10 1 199.000000 2012 
10 1 230.000000 2013 
10 1 220.000000 2014 
10 1 NaN 2015 
10 1 NaN 2016 
10 1 180.000000 2017 
10 1 206.000000 2018 
10 1 208.000000 2019 
