depth,sid,value,WY
5.000000,1,NaN,2012
5.000000,1,734956.902750,2013
5.000000,1,735283.000069,2014
5.000000,1,735579.999997,2015
5.000000,1,735806.842999,2016
5.000000,1,736335.000000,2017
5.000000,1,736694.000000,2018
5.000000,1,736881.000000,2019
5.000000,1,737426.000167,2020
5.000000,2,NaN,2012
5.000000,2,734857.455855,2013
5.000000,2,735240.592483,2014
5.000000,2,735598.389362,2015
5.000000,2,735969.998758,2016
5.000000,2,736346.999993,2017
5.000000,2,736713.869950,2018
5.000000,2,737063.000000,2019
5.000000,2,737447.377661,2020
5.000000,3,NaN,2012
5.000000,3,NaN,2013
5.000000,3,735194.701062,2014
5.000000,3,735624.901336,2015
5.000000,3,735912.925376,2016
5.000000,3,736292.572478,2017
5.000000,3,736701.226037,2018
5.000000,3,737032.476260,2019
5.000000,3,737380.197471,2020
5.000000,4,NaN,2012
5.000000,4,734913.975232,2013
5.000000,4,735275.387015,2014
5.000000,4,735660.009724,2015
5.000000,4,735939.718767,2016
5.000000,4,736359.374910,2017
5.000000,4,736755.341377,2018
5.000000,4,737114.867576,2019
5.000000,4,737485.194457,2020
5.000000,5,NaN,2012
5.000000,5,734796.584631,2013
5.000000,5,735283.006409,2014
5.000000,5,735616.000000,2015
5.000000,5,735978.999855,2016
5.000000,5,736364.869965,2017
5.000000,5,736694.121862,2018
5.000000,5,737150.150952,2019
5.000000,5,737473.005646,2020
5.000000,6,NaN,2010
5.000000,6,734322.314749,2011
5.000000,6,734680.000000,2012
5.000000,6,735039.889173,2013
5.000000,6,735406.679868,2014
5.000000,6,735775.346785,2015
5.000000,6,736129.000000,2016
5.000000,6,736536.256310,2017
5.000000,6,736876.000000,2018
5.000000,6,737247.161106,2019
5.000000,7,NaN,2011
5.000000,7,734487.000000,2012
5.000000,7,734808.506424,2013
5.000000,7,735217.000000,2014
5.000000,7,735537.000000,2015
5.000000,7,735939.000000,2016
5.000000,7,736314.548093,2017
5.000000,7,736702.000000,2018
5.000000,7,NaN,2019
5.000000,7,737237.319489,2020
5.000000,8,NaN,2010
5.000000,8,NaN,2011
5.000000,8,NaN,2012
5.000000,8,NaN,2013
5.000000,8,NaN,2014
5.000000,8,NaN,2015
5.000000,8,NaN,2016
5.000000,8,NaN,2017
5.000000,8,736767.827261,2018
5.000000,8,737158.000000,2019
5.000000,9,NaN,2012
5.000000,9,NaN,2013
5.000000,9,NaN,2014
5.000000,9,735742.864482,2015
5.000000,9,NaN,2016
5.000000,9,NaN,2017
5.000000,9,736768.000000,2018
5.000000,9,737158.266468,2019
5.000000,10,NaN,2011
5.000000,10,734466.132655,2012
5.000000,10,NaN,2013
5.000000,10,NaN,2014
5.000000,10,735671.000000,2015
5.000000,10,NaN,2016
5.000000,10,736253.000000,2017
5.000000,10,736701.000000,2018
5.000000,10,737061.901783,2019
5.000000,11,NaN,2012
5.000000,11,734880.999999,2013
5.000000,11,735226.045761,2014
5.000000,11,735596.999917,2015
5.000000,11,735923.164399,2016
5.000000,11,736289.281687,2017
5.000000,11,736678.438562,2018
5.000000,11,737044.338061,2019
5.000000,11,737414.999892,2020
5.000000,12,NaN,2011
5.000000,12,NaN,2012
5.000000,12,NaN,2013
5.000000,12,735190.999999,2014
5.000000,12,NaN,2015
5.000000,12,NaN,2016
5.000000,12,736245.000000,2017
5.000000,12,NaN,2018
5.000000,12,NaN,2019
5.000000,12,NaN,2020
5.000000,13,NaN,2010
5.000000,13,734318.000000,2011
5.000000,13,734685.000000,2012
5.000000,13,NaN,2013
5.000000,13,735425.577048,2014
5.000000,13,735796.000000,2015
5.000000,13,736136.819359,2016
5.000000,13,736473.000220,2017
5.000000,13,736838.156123,2018
5.000000,13,737240.022485,2019
5.000000,14,NaN,2012
5.000000,14,734785.426377,2013
5.000000,14,735197.000597,2014
5.000000,14,735670.030435,2015
5.000000,14,735948.176379,2016
5.000000,14,736336.042333,2017
5.000000,14,736732.799309,2018
5.000000,14,737116.982124,2019
5.000000,14,737454.424322,2020
5.000000,15,NaN,2012
5.000000,15,734800.732560,2013
5.000000,15,735202.205264,2014
5.000000,15,735649.098800,2015
5.000000,15,735934.000000,2016
5.000000,15,736271.765778,2017
5.000000,15,736691.000000,2018
5.000000,15,737057.999996,2019
5.000000,15,737391.055946,2020
5.000000,16,NaN,2010
5.000000,16,734476.054747,2011
5.000000,16,734879.000000,2012
5.000000,16,735071.000000,2013
5.000000,16,735553.000000,2014
5.000000,16,735924.694262,2015
5.000000,16,736240.129151,2016
5.000000,16,736701.930424,2017
5.000000,16,NaN,2018
5.000000,16,737477.284307,2019
5.000000,17,NaN,2010
5.000000,17,734289.000000,2011
5.000000,17,NaN,2012
5.000000,17,735085.000000,2013
5.000000,17,735390.423910,2014
5.000000,17,NaN,2015
5.000000,17,736216.103620,2016
5.000000,17,736539.104225,2017
5.000000,17,736834.000000,2018
5.000000,17,737328.999978,2019
5.000000,18,NaN,2010
5.000000,18,734490.472781,2011
5.000000,18,734822.554196,2012
5.000000,18,735232.000000,2013
5.000000,18,735569.000008,2014
5.000000,18,735978.000000,2015
5.000000,18,736285.755213,2016
5.000000,18,736692.537460,2017
5.000000,18,737107.000489,2018
5.000000,18,737287.449031,2019
5.000000,19,NaN,2010
5.000000,19,NaN,2011
5.000000,19,734846.637798,2012
5.000000,19,NaN,2013
5.000000,19,NaN,2014
5.000000,19,NaN,2015
5.000000,19,NaN,2016
5.000000,19,NaN,2017
5.000000,19,NaN,2018
5.000000,19,NaN,2019
5.000000,20,NaN,2012
5.000000,20,734880.999994,2013
5.000000,20,735278.860828,2014
5.000000,20,735609.597899,2015
5.000000,20,735952.823941,2016
5.000000,20,736303.534598,2017
5.000000,20,736682.146971,2018
5.000000,20,737050.815106,2019
5.000000,20,737411.863001,2020
5.000000,21,NaN,2012
5.000000,21,NaN,2013
5.000000,21,NaN,2014
5.000000,21,735669.000000,2015
5.000000,21,NaN,2016
5.000000,21,736257.049411,2017
5.000000,21,736681.219362,2018
5.000000,21,737086.000000,2019
5.000000,21,737481.493277,2020
5.000000,22,NaN,2010
5.000000,22,734055.641226,2011
5.000000,22,NaN,2012
5.000000,22,734827.000000,2013
5.000000,22,NaN,2014
5.000000,22,NaN,2015
5.000000,22,NaN,2016
5.000000,22,736271.000000,2017
5.000000,22,736693.000000,2018
5.000000,22,NaN,2019
5.000000,22,737442.000236,2020
5.000000,23,NaN,2011
5.000000,23,734485.173332,2012
5.000000,23,734871.000000,2013
5.000000,23,735243.837965,2014
5.000000,23,735588.049520,2015
5.000000,23,735910.086398,2016
5.000000,23,736311.000000,2017
5.000000,23,736745.050564,2018
5.000000,23,736995.680051,2019
5.000000,23,737475.001236,2020
5.000000,24,NaN,2010
5.000000,24,NaN,2011
5.000000,24,734696.832687,2012
5.000000,24,NaN,2013
5.000000,24,735410.000000,2014
5.000000,24,735797.000000,2015
5.000000,24,NaN,2016
5.000000,24,736589.417267,2017
5.000000,24,736906.992626,2018
5.000000,24,737282.000000,2019
5.000000,25,NaN,2012
5.000000,25,734819.891287,2013
5.000000,25,735159.226881,2014
5.000000,25,NaN,2015
5.000000,25,NaN,2016
5.000000,25,736405.000000,2017
5.000000,25,736717.779083,2018
5.000000,25,737126.944496,2019
5.000000,26,NaN,2010
5.000000,26,734323.000000,2011
5.000000,26,734678.082502,2012
5.000000,26,735049.000000,2013
5.000000,26,735410.804709,2014
5.000000,26,735776.000000,2015
5.000000,26,736130.007561,2016
5.000000,26,736528.999999,2017
5.000000,26,NaN,2018
5.000000,26,737241.123076,2019
5.000000,27,NaN,2011
5.000000,27,734556.109761,2012
5.000000,27,734790.000000,2013
5.000000,27,735259.547735,2014
5.000000,27,735486.999952,2015
5.000000,27,736037.163034,2016
5.000000,27,736330.397254,2017
5.000000,27,736721.000000,2018
5.000000,27,737127.496497,2019
5.000000,28,NaN,2011
5.000000,28,734555.078042,2012
5.000000,28,734790.000000,2013
5.000000,28,735263.538417,2014
5.000000,28,735490.905318,2015
5.000000,28,736038.550986,2016
5.000000,28,736334.373484,2017
5.000000,28,736707.337197,2018
5.000000,28,737146.142932,2019
5.000000,28,737477.345467,2020
5.000000,29,NaN,2011
5.000000,29,734731.572228,2012
5.000000,29,735067.000000,2013
5.000000,29,735457.596724,2014
5.000000,29,735800.232001,2015
5.000000,29,736152.000000,2016
5.000000,29,736529.209789,2017
5.000000,29,NaN,2018
5.000000,29,737237.088039,2019
10.000000,1,NaN,2010
10.000000,1,734126.334006,2011
10.000000,1,734495.811778,2012
10.000000,1,734844.650584,2013
10.000000,1,735279.974476,2014
10.000000,1,735473.691909,2015
10.000000,1,735970.519593,2016
10.000000,1,736303.893492,2017
10.000000,1,736698.593100,2018
10.000000,1,NaN,2019
10.000000,1,737417.203160,2020
