5,1,NaN,2011
5,1,36.991596,2012
5,1,43.614251,2013
5,1,NaN,2014
5,1,14.813642,2015
5,1,43.887669,2016
5,1,103.952991,2017
5,1,36.369598,2018
5,1,52.259758,2019
5,2,NaN,2012
5,2,100.527862,2013
5,2,152.688325,2014
5,2,70.999991,2015
5,2,20.385856,2016
5,2,82.570277,2017
5,2,136.479798,2018
5,2,113.165045,2019
5,2,166.215179,2020
5,3,NaN,2012
5,3,112.178265,2013
5,3,162.644720,2014
5,3,99.218539,2015
5,3,24.733106,2016
5,3,150.433501,2017
5,3,100.939084,2018
5,3,122.476463,2019
5,3,122.467489,2020
5,4,NaN,2012
5,4,104.464475,2013
5,4,78.973569,2014
5,4,90.070859,2015
5,4,12.290737,2016
5,4,62.884516,2017
5,4,134.469292,2018
5,4,171.533560,2019
5,5,15.997798,2012
5,5,68.235344,2013
5,5,47.262708,2014
5,5,57.557969,2015
5,5,8.290836,2016
5,5,21.754496,2017
5,5,93.390097,2018
5,5,17.865997,2019
5,5,95.196969,2020
5,6,12.601262,2010
5,6,NaN,2011
5,6,40.389776,2012
5,6,37.614249,2013
5,6,25.668092,2014
5,6,43.822596,2015
5,6,89.515317,2016
5,6,92.279403,2017
5,6,31.542062,2018
5,6,16.649933,2019
5,7,27.569917,2011
5,7,40.834250,2012
5,7,27.486246,2013
5,7,33.634294,2014
5,7,37.739387,2015
5,7,14.320751,2016
5,7,43.347386,2017
5,7,40.562513,2018
5,7,13.399993,2019
5,7,43.514036,2020
5,8,NaN,2010
5,8,NaN,2011
5,8,NaN,2012
5,8,3.871910,2013
5,8,NaN,2014
5,8,NaN,2015
5,8,9.901090,2016
5,8,4.869137,2017
5,8,25.441535,2018
5,8,NaN,2019
5,8,15.941413,2020
5,9,NaN,2012
5,9,43.301205,2013
5,9,NaN,2014
5,9,NaN,2015
5,9,8.131167,2016
5,9,10.958915,2017
5,9,NaN,2018
5,9,NaN,2019
5,9,31.384856,2020
5,10,NaN,2011
5,10,20.001533,2012
5,10,NaN,2013
5,10,6.082493,2014
5,10,NaN,2015
5,10,27.456867,2016
5,10,15.815561,2017
5,10,9.788878,2018
5,10,4.729896,2019
5,11,NaN,2012
5,11,63.511491,2013
5,11,67.746154,2014
5,11,93.304991,2015
5,11,111.525134,2016
5,11,87.130282,2017
5,11,188.596190,2018
5,11,44.132334,2019
5,11,16.561151,2020
5,12,46.640971,2011
5,12,10.155165,2012
5,12,66.740163,2013
5,12,29.075102,2014
5,12,NaN,2015
5,12,24.606398,2016
5,12,9.941143,2017
5,12,15.668450,2018
5,12,10.553025,2019
5,12,26.236101,2020
5,13,NaN,2010
5,13,102.696195,2011
5,13,22.184623,2012
5,13,38.275158,2013
5,13,55.750439,2014
5,13,34.563417,2015
5,13,49.433631,2016
5,13,37.079032,2017
5,13,15.960259,2018
5,13,136.907747,2019
5,14,NaN,2012
5,14,29.769844,2013
5,14,10.509478,2014
5,14,131.731994,2015
5,14,15.279655,2016
5,14,NaN,2017
5,14,167.985094,2018
5,14,157.053646,2019
5,14,16.232470,2020
5,15,NaN,2011
5,15,3.781025,2012
5,15,50.681560,2013
5,15,9.016311,2014
5,15,24.161052,2015
5,15,11.834835,2016
5,15,54.555181,2017
5,15,18.175771,2018
5,15,28.180958,2019
5,16,49.776495,2011
5,16,13.019550,2012
5,16,15.124505,2013
5,16,16.373273,2014
5,16,NaN,2015
5,16,20.929984,2016
5,16,32.009714,2017
5,16,61.418666,2018
5,16,12.971826,2019
5,16,158.133775,2020
5,17,NaN,2010
5,17,72.840684,2011
5,17,NaN,2012
5,17,28.066651,2013
5,17,75.476655,2014
5,17,3.687588,2015
5,17,60.402779,2016
5,17,23.397389,2017
5,17,NaN,2018
5,17,17.894213,2019
5,18,7.716603,2011
5,18,16.710430,2012
5,18,69.696254,2013
5,18,61.238936,2014
5,18,91.565119,2015
5,18,23.661512,2016
5,18,74.000160,2017
5,18,65.480263,2018
5,18,42.649689,2019
5,18,98.960992,2020
5,19,NaN,2010
5,19,79.158295,2011
5,19,84.743011,2012
5,19,14.194711,2013
5,19,NaN,2014
5,19,NaN,2015
5,19,16.823163,2016
5,19,193.706850,2017
5,19,56.720625,2018
5,19,34.863525,2019
5,20,NaN,2012
5,20,108.029627,2013
5,20,50.807841,2014
5,20,104.302745,2015
5,20,166.552184,2016
5,20,141.287401,2017
5,20,128.001750,2018
5,20,66.483774,2019
5,20,72.571066,2020
5,21,NaN,2012
5,21,16.938026,2013
5,21,28.285661,2014
5,21,30.891472,2015
5,21,22.858810,2016
5,21,154.219032,2017
5,21,9.938000,2018
5,21,13.521060,2019
5,21,52.845011,2020
5,22,NaN,2010
5,22,10.205468,2011
5,22,NaN,2012
5,22,11.224030,2013
5,22,NaN,2014
5,22,NaN,2015
5,22,26.625899,2016
5,22,19.780308,2017
5,22,NaN,2018
5,22,NaN,2019
5,22,29.847720,2020
5,23,NaN,2010
5,23,73.840194,2011
5,23,40.405477,2012
5,23,34.630824,2013
5,23,65.943006,2014
5,23,64.796259,2015
5,23,19.936104,2016
5,23,149.238440,2017
5,23,79.073867,2018
5,23,117.736993,2019
5,23,92.603541,2020
5,24,NaN,2010
5,24,NaN,2011
5,24,30.199165,2012
5,24,NaN,2013
5,24,50.407242,2014
5,24,5.227048,2015
5,24,55.297563,2016
5,24,20.598603,2017
5,24,NaN,2018
5,24,71.029732,2019
5,25,NaN,2012
5,25,42.798273,2013
5,25,29.042373,2014
5,25,118.910982,2015
5,25,28.897520,2016
5,25,27.277309,2017
5,25,67.015370,2018
5,25,14.432598,2019
5,25,82.746996,2020
5,26,NaN,2010
5,26,14.540390,2011
5,26,68.887331,2012
5,26,31.905174,2013
5,26,61.951963,2014
5,26,73.038228,2015
5,26,15.118409,2016
5,26,39.682153,2017
5,26,22.147164,2018
5,26,14.296040,2019
5,27,NaN,2011
5,27,15.922612,2012
5,27,30.795518,2013
5,27,41.467715,2014
5,27,NaN,2015
5,27,9.569268,2016
5,27,35.090347,2017
5,27,60.873179,2018
5,27,68.285478,2019
5,28,NaN,2011
5,28,18.393847,2012
5,28,217.162668,2013
5,28,4.596503,2014
5,28,35.139706,2015
5,28,38.404478,2016
5,28,17.514702,2017
5,28,62.244644,2018
5,28,74.857373,2019
5,29,NaN,2011
5,29,125.328874,2012
5,29,NaN,2013
5,29,164.535542,2014
5,29,27.981572,2015
5,29,53.528029,2016
5,29,47.408720,2017
5,29,NaN,2018
5,29,16.536808,2019
10,1,NaN,2010
10,1,37.770271,2011
10,1,16.008591,2012
10,1,91.184679,2013
10,1,29.675688,2014
10,1,54.443606,2015
10,1,22.483363,2016
10,1,51.637414,2017
10,1,40.998653,2018
10,1,103.074257,2019
10,1,55.512142,2020
