depth,sid,value,WY
5.000000,1,NaN,2012
5.000000,1,127.902751,2013
5.000000,1,182.660995,2014
5.000000,1,37.400124,2015
5.000000,1,10.843004,2016
5.000000,1,123.743606,2017
5.000000,1,64.558361,2018
5.000000,1,9.398643,2019
5.000000,1,66.649346,2020
5.000000,2,NaN,2012
5.000000,2,80.844447,2013
5.000000,2,152.447012,2014
5.000000,2,72.601862,2015
5.000000,2,117.622188,2016
5.000000,2,144.754681,2017
5.000000,2,193.814578,2018
5.000000,2,164.999998,2019
5.000000,2,140.879300,2020
5.000000,3,NaN,2012
5.000000,3,NaN,2013
5.000000,3,60.367751,2014
5.000000,3,15.197790,2015
5.000000,3,83.925506,2016
5.000000,3,85.887717,2017
5.000000,3,140.850859,2018
5.000000,3,96.579788,2019
5.000000,3,15.067556,2020
5.000000,4,NaN,2012
5.000000,4,173.136225,2013
5.000000,4,155.386921,2014
5.000000,4,143.244876,2015
5.000000,4,68.048050,2016
5.000000,4,123.922302,2017
5.000000,4,205.672870,2018
5.000000,4,142.686913,2019
5.000000,4,226.194564,2020
5.000000,5,NaN,2012
5.000000,5,60.249801,2013
5.000000,5,151.323135,2014
5.000000,5,219.000326,2015
5.000000,5,219.006052,2016
5.000000,5,134.332055,2017
5.000000,5,68.706748,2018
5.000000,5,111.151282,2019
5.000000,5,163.005643,2020
5.000000,6,NaN,2010
5.000000,6,9.850210,2011
5.000000,6,7.610149,2012
5.000000,6,12.846417,2013
5.000000,6,6.897239,2014
5.000000,6,5.675580,2015
5.000000,6,7.148176,2016
5.000000,6,73.347237,2017
5.000000,6,19.885183,2018
5.000000,6,45.659938,2019
5.000000,7,NaN,2011
5.000000,7,103.104709,2012
5.000000,7,18.981691,2013
5.000000,7,96.791628,2014
5.000000,7,14.390171,2015
5.000000,7,118.448454,2016
5.000000,7,138.548421,2017
5.000000,7,98.886284,2018
5.000000,7,NaN,2019
5.000000,7,3.899392,2020
5.000000,8,NaN,2010
5.000000,8,NaN,2011
5.000000,8,NaN,2012
5.000000,8,NaN,2013
5.000000,8,NaN,2014
5.000000,8,NaN,2015
5.000000,8,NaN,2016
5.000000,8,NaN,2017
5.000000,8,7.224925,2018
5.000000,8,6.521644,2019
5.000000,9,NaN,2012
5.000000,9,NaN,2013
5.000000,9,NaN,2014
5.000000,9,25.706594,2015
5.000000,9,NaN,2016
5.000000,9,NaN,2017
5.000000,9,7.331823,2018
5.000000,9,6.816446,2019
5.000000,10,NaN,2011
5.000000,10,28.683759,2012
5.000000,10,NaN,2013
5.000000,10,NaN,2014
5.000000,10,20.358229,2015
5.000000,10,NaN,2016
5.000000,10,28.398102,2017
5.000000,10,82.280850,2018
5.000000,10,24.082781,2019
5.000000,11,NaN,2012
5.000000,11,93.999999,2013
5.000000,11,102.266476,2014
5.000000,11,165.997853,2015
5.000000,11,81.666917,2016
5.000000,11,50.938571,2017
5.000000,11,117.071049,2018
5.000000,11,119.781197,2019
5.000000,11,105.929306,2020
5.000000,12,NaN,2011
5.000000,12,NaN,2012
5.000000,12,NaN,2013
5.000000,12,6.354872,2014
5.000000,12,NaN,2015
5.000000,12,NaN,2016
5.000000,12,5.203347,2017
5.000000,12,NaN,2018
5.000000,12,NaN,2019
5.000000,12,NaN,2020
5.000000,13,NaN,2010
5.000000,13,8.355075,2011
5.000000,13,7.314035,2012
5.000000,13,NaN,2013
5.000000,13,7.323316,2014
5.000000,13,36.381746,2015
5.000000,13,5.131589,2016
5.000000,13,30.254683,2017
5.000000,13,12.638087,2018
5.000000,13,13.560788,2019
5.000000,14,NaN,2012
5.000000,14,29.143316,2013
5.000000,14,69.930694,2014
5.000000,14,196.963730,2015
5.000000,14,60.757885,2016
5.000000,14,94.268820,2017
5.000000,14,77.644532,2018
5.000000,14,86.035030,2019
5.000000,14,148.424154,2020
5.000000,15,NaN,2012
5.000000,15,8.086954,2013
5.000000,15,72.456557,2014
5.000000,15,161.608171,2015
5.000000,15,83.153766,2016
5.000000,15,56.062793,2017
5.000000,15,104.414938,2018
5.000000,15,81.868438,2019
5.000000,15,34.421118,2020
5.000000,16,NaN,2010
5.000000,16,101.891695,2011
5.000000,16,96.227300,2012
5.000000,16,30.569268,2013
5.000000,16,147.006614,2014
5.000000,16,22.845491,2015
5.000000,16,8.532210,2016
5.000000,16,55.743120,2017
5.000000,16,NaN,2018
5.000000,16,114.967778,2019
5.000000,17,NaN,2010
5.000000,17,9.473980,2011
5.000000,17,NaN,2012
5.000000,17,3.710663,2013
5.000000,17,4.045735,2014
5.000000,17,NaN,2015
5.000000,17,6.103620,2016
5.000000,17,4.265394,2017
5.000000,17,3.848271,2018
5.000000,17,79.438082,2019
5.000000,18,NaN,2010
5.000000,18,80.517920,2011
5.000000,18,97.554212,2012
5.000000,18,126.999994,2013
5.000000,18,172.208693,2014
5.000000,18,209.360580,2015
5.000000,18,52.181132,2016
5.000000,18,82.340767,2017
5.000000,18,176.000375,2018
5.000000,18,7.655647,2019
5.000000,19,NaN,2010
5.000000,19,NaN,2011
5.000000,19,106.470387,2012
5.000000,19,NaN,2013
5.000000,19,NaN,2014
5.000000,19,NaN,2015
5.000000,19,NaN,2016
5.000000,19,NaN,2017
5.000000,19,NaN,2018
5.000000,19,NaN,2019
5.000000,20,NaN,2012
5.000000,20,146.159707,2013
5.000000,20,159.620921,2014
5.000000,20,157.937103,2015
5.000000,20,109.366556,2016
5.000000,20,68.810841,2017
5.000000,20,67.354393,2018
5.000000,20,124.286393,2019
5.000000,20,100.862997,2020
5.000000,21,NaN,2012
5.000000,21,NaN,2013
5.000000,21,NaN,2014
5.000000,21,57.136252,2015
5.000000,21,NaN,2016
5.000000,21,20.049411,2017
5.000000,21,24.453699,2018
5.000000,21,45.713622,2019
5.000000,21,8.825384,2020
5.000000,22,NaN,2010
5.000000,22,4.952666,2011
5.000000,22,NaN,2012
5.000000,22,4.673682,2013
5.000000,22,NaN,2014
5.000000,22,NaN,2015
5.000000,22,NaN,2016
5.000000,22,4.076162,2017
5.000000,22,36.454193,2018
5.000000,22,NaN,2019
5.000000,22,135.000236,2020
5.000000,23,NaN,2011
5.000000,23,130.714565,2012
5.000000,23,144.489336,2013
5.000000,23,128.471600,2014
5.000000,23,169.737810,2015
5.000000,23,68.389891,2016
5.000000,23,72.548466,2017
5.000000,23,181.050575,2018
5.000000,23,66.528153,2019
5.000000,23,173.001235,2020
5.000000,24,NaN,2010
5.000000,24,NaN,2011
5.000000,24,5.555905,2012
5.000000,24,NaN,2013
5.000000,24,4.624385,2014
5.000000,24,9.655148,2015
5.000000,24,NaN,2016
5.000000,24,74.417332,2017
5.000000,24,15.602408,2018
5.000000,24,10.323498,2019
5.000000,25,NaN,2012
5.000000,25,4.790477,2013
5.000000,25,22.473004,2014
5.000000,25,NaN,2015
5.000000,25,NaN,2016
5.000000,25,190.986316,2017
5.000000,25,35.460748,2018
5.000000,25,88.255019,2019
5.000000,26,NaN,2010
5.000000,26,4.969976,2011
5.000000,26,4.790637,2012
5.000000,26,20.032578,2013
5.000000,26,8.375263,2014
5.000000,26,6.521623,2015
5.000000,26,4.007561,2016
5.000000,26,8.307193,2017
5.000000,26,NaN,2018
5.000000,26,7.254317,2019
5.000000,27,NaN,2011
5.000000,27,104.739319,2012
5.000000,27,5.753745,2013
5.000000,27,144.970776,2014
5.000000,27,6.911424,2015
5.000000,27,141.156219,2016
5.000000,27,55.339403,2017
5.000000,27,143.999890,2018
5.000000,27,96.355245,2019
5.000000,28,NaN,2011
5.000000,28,104.855242,2012
5.000000,28,5.891560,2013
5.000000,28,149.538779,2014
5.000000,28,25.905318,2015
5.000000,28,129.811231,2016
5.000000,28,58.738031,2017
5.000000,28,54.880698,2018
5.000000,28,114.837612,2019
5.000000,28,195.815620,2020
5.000000,29,NaN,2011
5.000000,29,6.332449,2012
5.000000,29,28.132032,2013
5.000000,29,4.596724,2014
5.000000,29,5.869994,2015
5.000000,29,28.851021,2016
5.000000,29,8.630866,2017
5.000000,29,NaN,2018
5.000000,29,4.590991,2019
10.000000,1,NaN,2010
10.000000,1,94.642849,2011
10.000000,1,80.811803,2012
10.000000,1,106.324959,2013
10.000000,1,177.974330,2014
10.000000,1,10.691909,2015
10.000000,1,96.922126,2016
10.000000,1,85.893492,2017
10.000000,1,85.034830,2018
10.000000,1,NaN,2019
10.000000,1,116.203161,2020
