depth,sid,value,WY
5.000000,1,NaN,2010
5.000000,1,734932.400567,2011
5.000000,1,735289.000000,2012
5.000000,1,735626.194808,2013
5.000000,1,736000.264972,2014
5.000000,1,736372.000584,2015
5.000000,1,736722.000011,2016
5.000000,1,737201.997913,2017
5.000000,1,737576.000146,2018
5.000000,2,NaN,2010
5.000000,2,734899.000000,2011
5.000000,2,735293.202979,2012
5.000000,2,735638.000000,2013
5.000000,2,735985.000000,2014
5.000000,2,736370.000009,2015
5.000000,2,736760.644733,2016
5.000000,2,737144.261742,2017
5.000000,2,737566.406974,2018
5.000000,3,NaN,2010
5.000000,3,734921.986946,2011
5.000000,3,735278.999611,2012
5.000000,3,735693.001990,2013
5.000000,3,735983.000094,2014
5.000000,3,736459.051875,2015
5.000000,3,736812.039930,2016
5.000000,3,737206.000278,2017
5.000000,3,737580.243833,2018
5.000000,4,NaN,2010
5.000000,4,734930.166725,2011
5.000000,4,735296.049493,2012
5.000000,4,735682.000000,2013
5.000000,4,736010.201323,2014
5.000000,4,736384.000119,2015
5.000000,4,736761.000006,2016
5.000000,4,737131.000000,2017
5.000000,4,737536.696738,2018
5.000000,5,NaN,2010
5.000000,5,734929.428775,2011
5.000000,5,735295.000000,2012
5.000000,5,735629.224169,2013
5.000000,5,735999.000000,2014
5.000000,5,736370.999986,2015
5.000000,5,736736.853069,2016
5.000000,5,737137.264230,2017
5.000000,5,737488.208704,2018
5.000000,6,NaN,2009
5.000000,6,734428.000000,2010
5.000000,6,734861.362109,2011
5.000000,6,735263.085271,2012
5.000000,6,735589.567580,2013
5.000000,6,735879.041596,2014
5.000000,6,736288.000000,2015
5.000000,6,736695.434877,2016
5.000000,6,737134.303278,2017
5.000000,6,NaN,2018
5.000000,7,734232.204003,2009
5.000000,7,734587.999996,2010
5.000000,7,734957.264782,2011
5.000000,7,735302.666812,2012
5.000000,7,735663.999957,2013
5.000000,7,736041.631287,2014
5.000000,7,736342.779793,2015
5.000000,7,736759.522299,2016
5.000000,7,737155.291966,2017
5.000000,7,737496.483502,2018
5.000000,8,NaN,2008
5.000000,8,734369.058538,2009
5.000000,8,734872.004363,2010
5.000000,8,735159.198785,2011
5.000000,8,NaN,2012
5.000000,8,735820.000000,2013
5.000000,8,NaN,2014
5.000000,8,NaN,2015
5.000000,8,736926.000000,2016
5.000000,8,NaN,2017
5.000000,9,734872.008045,2010
5.000000,9,735159.202141,2011
5.000000,9,NaN,2012
5.000000,9,735820.000000,2013
5.000000,9,NaN,2014
5.000000,9,NaN,2015
5.000000,9,736926.000000,2016
5.000000,9,NaN,2017
5.000000,10,734369.745819,2009
5.000000,10,734702.008454,2010
5.000000,10,735032.999791,2011
5.000000,10,NaN,2012
5.000000,10,735763.667813,2013
5.000000,10,736128.000000,2014
5.000000,10,736468.000000,2015
5.000000,10,736841.833593,2016
5.000000,10,737247.295577,2017
5.000000,11,NaN,2010
5.000000,11,734901.000000,2011
5.000000,11,735254.177000,2012
5.000000,11,735660.595353,2013
5.000000,11,735983.263871,2014
5.000000,11,736339.000002,2015
5.000000,11,736748.621461,2016
5.000000,11,737159.386671,2017
5.000000,11,737485.600170,2018
5.000000,12,734260.973587,2009
5.000000,12,NaN,2010
5.000000,12,734942.143011,2011
5.000000,12,NaN,2012
5.000000,12,NaN,2013
5.000000,12,736033.539729,2014
5.000000,12,736481.325992,2015
5.000000,12,NaN,2016
5.000000,12,NaN,2017
5.000000,12,737635.219308,2018
5.000000,13,NaN,2009
5.000000,13,734407.865239,2010
5.000000,13,734893.999831,2011
5.000000,13,735144.000320,2012
5.000000,13,735499.157861,2013
5.000000,13,735873.015543,2014
5.000000,13,736344.000001,2015
5.000000,13,736613.884930,2016
5.000000,13,736988.945216,2017
5.000000,13,737365.999981,2018
5.000000,14,NaN,2010
5.000000,14,735017.359420,2011
5.000000,14,735315.849011,2012
5.000000,14,735687.650692,2013
5.000000,14,735999.797545,2014
5.000000,14,736421.747313,2015
5.000000,14,736776.381236,2016
5.000000,14,737174.776695,2017
5.000000,14,737533.000000,2018
5.000000,15,NaN,2010
5.000000,15,734974.532072,2011
5.000000,15,735270.616088,2012
5.000000,15,735667.531460,2013
5.000000,15,736010.000330,2014
5.000000,15,736357.632979,2015
5.000000,15,736745.353257,2016
5.000000,15,737147.514192,2017
5.000000,15,737480.868525,2018
5.000000,16,734285.019106,2009
5.000000,16,734497.892270,2010
5.000000,16,734946.999999,2011
5.000000,16,735334.000003,2012
5.000000,16,735665.052818,2013
5.000000,16,735987.441012,2014
5.000000,16,736367.964494,2015
5.000000,16,736747.000000,2016
5.000000,16,737146.997835,2017
5.000000,16,737506.059516,2018
5.000000,17,NaN,2009
5.000000,17,734407.000000,2010
5.000000,17,734908.639762,2011
5.000000,17,735150.668253,2012
5.000000,17,735589.487798,2013
5.000000,17,NaN,2014
5.000000,17,736313.019583,2015
5.000000,17,736724.399939,2016
5.000000,17,736975.330690,2017
5.000000,17,737367.000000,2018
5.000000,18,NaN,2009
5.000000,18,734549.217301,2010
5.000000,18,734944.999950,2011
5.000000,18,735360.469865,2012
5.000000,18,735624.594259,2013
5.000000,18,736000.000028,2014
5.000000,18,736343.000000,2015
5.000000,18,736709.999995,2016
5.000000,18,737184.000000,2017
5.000000,18,737572.249592,2018
5.000000,19,NaN,2009
5.000000,19,734475.319142,2010
5.000000,19,734886.484073,2011
5.000000,19,735159.232616,2012
5.000000,19,735603.204843,2013
5.000000,19,NaN,2014
5.000000,19,736348.983389,2015
5.000000,19,NaN,2016
5.000000,19,736979.575764,2017
5.000000,19,737360.476985,2018
5.000000,20,NaN,2010
5.000000,20,734908.152882,2011
5.000000,20,735297.190837,2012
5.000000,20,735625.999996,2013
5.000000,20,735997.000000,2014
5.000000,20,736350.910865,2015
5.000000,20,736734.361899,2016
5.000000,20,737094.000000,2017
5.000000,20,737476.528600,2018
5.000000,21,NaN,2010
5.000000,21,735087.798179,2011
5.000000,21,NaN,2012
5.000000,21,735709.373385,2013
5.000000,21,736114.486743,2014
5.000000,21,736479.844057,2015
5.000000,21,736839.077228,2016
5.000000,21,737211.546759,2017
5.000000,21,737677.287751,2018
5.000000,22,NaN,2008
5.000000,22,734285.000000,2009
5.000000,22,NaN,2010
5.000000,22,734992.238800,2011
5.000000,22,NaN,2012
5.000000,22,NaN,2013
5.000000,22,736127.381980,2014
5.000000,22,736484.044348,2015
5.000000,22,736840.875041,2016
5.000000,22,NaN,2017
5.000000,22,737594.448775,2018
5.000000,23,734144.000000,2009
5.000000,23,734564.970283,2010
5.000000,23,734895.000000,2011
5.000000,23,735291.395228,2012
5.000000,23,735692.601848,2013
5.000000,23,735977.000003,2014
5.000000,23,736333.665995,2015
5.000000,23,736749.340042,2016
5.000000,23,737146.595199,2017
5.000000,23,737486.214440,2018
5.000000,24,NaN,2009
5.000000,24,734545.999932,2010
5.000000,24,734923.009660,2011
5.000000,24,735281.483370,2012
5.000000,24,735581.634155,2013
5.000000,24,736032.358334,2014
5.000000,24,736348.818425,2015
5.000000,24,736742.178641,2016
5.000000,24,737138.000000,2017
5.000000,24,737437.000000,2018
5.000000,25,NaN,2010
5.000000,25,735029.000000,2011
5.000000,25,735411.000000,2012
5.000000,25,735741.657254,2013
5.000000,25,736133.000000,2014
5.000000,25,736452.999999,2015
5.000000,25,736761.000000,2016
5.000000,25,737259.246618,2017
5.000000,26,NaN,2009
5.000000,26,734514.999947,2010
5.000000,26,734898.059793,2011
5.000000,26,735269.700576,2012
5.000000,26,735584.003913,2013
5.000000,26,736040.600252,2014
5.000000,26,736352.448028,2015
5.000000,26,736720.000158,2016
5.000000,26,737133.000000,2017
5.000000,26,737498.000082,2018
5.000000,27,NaN,2009
5.000000,27,734596.386413,2010
5.000000,27,735027.000711,2011
5.000000,27,735403.717459,2012
5.000000,27,735729.999814,2013
5.000000,27,736052.957633,2014
5.000000,27,736387.531616,2015
5.000000,27,736767.922929,2016
5.000000,27,737161.674664,2017
5.000000,28,NaN,2009
5.000000,28,734595.952364,2010
5.000000,28,735030.271772,2011
5.000000,28,735411.000000,2012
5.000000,28,735729.894170,2013
5.000000,28,736053.239518,2014
5.000000,28,736395.406413,2015
5.000000,28,736767.795865,2016
5.000000,28,737160.917892,2017
5.000000,28,737505.853541,2018
5.000000,29,NaN,2010
5.000000,29,734918.999930,2011
5.000000,29,735313.858610,2012
5.000000,29,735662.003710,2013
5.000000,29,736042.690353,2014
5.000000,29,736369.341945,2015
5.000000,29,736756.945409,2016
5.000000,29,NaN,2017
5.000000,29,737503.017441,2018
10.000000,1,NaN,2008
10.000000,1,734199.446410,2009
10.000000,1,734572.688492,2010
10.000000,1,734947.540756,2011
10.000000,1,735338.676551,2012
10.000000,1,735694.000000,2013
10.000000,1,736004.999919,2014
10.000000,1,736345.998725,2015
10.000000,1,736743.993068,2016
10.000000,1,737172.022412,2017
10.000000,1,737505.752268,2018
