5 1 NaT 2012 
5 1 29-Feb-2012 2013 
5 1 02-Feb-2013 2014 
5 1 19-Dec-2013 2015 
5 1 NaT 2016 
5 1 11-Feb-2016 2017 
5 1 06-Jan-2017 2018 
5 1 26-May-2018 2019 
5 1 30-May-2019 2020 
5 2 NaT 2012 
5 2 04-Jan-2012 2013 
5 2 09-Feb-2013 2014 
5 2 13-Jan-2014 2015 
5 2 NaT 2016 
5 2 NaT 2017 
5 2 02-May-2017 2018 
5 2 27-Mar-2018 2019 
5 2 06-Apr-2019 2020 
5 3 NaT 2012 
5 3 15-Feb-2012 2013 
5 3 14-Feb-2013 2014 
5 3 06-Apr-2014 2015 
5 3 NaT 2016 
5 3 05-May-2016 2017 
5 3 15-Apr-2017 2018 
5 3 25-Apr-2018 2019 
5 3 07-Jun-2019 2020 
5 4 NaT 2012 
5 4 09-Feb-2012 2013 
5 4 12-Feb-2013 2014 
5 4 03-Mar-2014 2015 
5 4 07-Feb-2015 2016 
5 4 05-Feb-2016 2017 
5 4 17-Feb-2017 2018 
5 4 22-Feb-2018 2019 
5 4 08-Mar-2019 2020 
5 5 NaT 2012 
5 5 29-Feb-2012 2013 
5 5 13-Feb-2013 2014 
5 5 17-Jan-2014 2015 
5 5 06-Jan-2015 2016 
5 5 24-Jan-2016 2017 
5 5 16-Jan-2017 2018 
5 5 09-Mar-2018 2019 
5 5 23-Feb-2019 2020 
5 6 NaT 2010 
5 6 NaT 2011 
5 6 24-Dec-2011 2012 
5 6 28-Dec-2012 2013 
5 6 NaT 2014 
5 6 NaT 2015 
5 6 NaT 2016 
5 6 NaT 2017 
5 6 16-Mar-2018 2018 
5 6 NaT 2019 
5 7 25-Mar-2010 2011 
5 7 23-Mar-2011 2012 
5 7 03-May-2012 2013 
5 7 16-Feb-2013 2014 
5 7 17-Feb-2014 2015 
5 7 20-Mar-2015 2016 
5 7 28-Dec-2015 2017 
5 7 27-Feb-2017 2018 
5 7 07-Apr-2018 2019 
5 7 31-Jan-2019 2020 
5 8 NaT 2010 
5 8 24-Aug-2010 2011 
5 8 05-Jan-2012 2012 
5 8 18-Oct-2012 2013 
5 8 NaT 2014 
5 8 30-Jul-2014 2015 
5 8 NaT 2016 
5 8 NaT 2017 
5 8 07-Oct-2017 2018 
5 8 NaT 2019 
5 9 05-Jan-2012 2012 
5 9 18-Oct-2012 2013 
5 9 NaT 2014 
5 9 30-Jul-2014 2015 
5 9 NaT 2016 
5 9 NaT 2017 
5 9 07-Oct-2017 2018 
5 9 NaT 2019 
5 10 20-Jul-2010 2011 
5 10 20-Jul-2011 2012 
5 10 23-Jun-2012 2013 
5 10 NaT 2014 
5 10 NaT 2015 
5 10 16-Jun-2015 2016 
5 10 18-May-2016 2017 
5 10 30-May-2017 2018 
5 10 03-Jul-2018 2019 
5 11 NaT 2012 
5 11 NaT 2013 
5 11 16-Jan-2013 2014 
5 11 10-Feb-2014 2015 
5 11 26-Dec-2014 2016 
5 11 NaT 2017 
5 11 NaT 2018 
5 11 01-Apr-2018 2019 
5 11 NaT 2020 
5 12 NaT 2011 
5 12 NaT 2012 
5 12 03-May-2012 2013 
5 12 01-Oct-2013 2014 
5 12 NaT 2015 
5 12 NaT 2016 
5 12 NaT 2017 
5 12 NaT 2018 
5 12 NaT 2019 
5 12 03-Aug-2019 2020 
5 13 NaT 2010 
5 13 NaT 2011 
5 13 25-Jan-2012 2012 
5 13 NaT 2013 
5 13 09-Dec-2013 2014 
5 13 NaT 2015 
5 13 17-Jan-2016 2016 
5 13 NaT 2017 
5 13 NaT 2018 
5 13 NaT 2019 
5 14 NaT 2012 
5 14 06-Apr-2012 2013 
5 14 NaT 2014 
5 14 09-Mar-2014 2015 
5 14 21-Jan-2015 2016 
5 14 11-Mar-2016 2017 
5 14 11-Feb-2017 2018 
5 14 01-Mar-2018 2019 
5 14 06-Mar-2019 2020 
5 15 NaT 2012 
5 15 14-Apr-2012 2013 
5 15 27-Jan-2013 2014 
5 15 15-Mar-2014 2015 
5 15 24-Jan-2015 2016 
5 15 21-Jan-2016 2017 
5 15 10-Feb-2017 2018 
5 15 30-Mar-2018 2019 
5 15 29-Jan-2019 2020 
5 16 27-May-2010 2010 
5 16 NaT 2011 
5 16 18-Mar-2012 2012 
5 16 11-Apr-2013 2013 
5 16 25-Feb-2014 2014 
5 16 22-Dec-2014 2015 
5 16 05-Jan-2016 2016 
5 16 12-Feb-2017 2017 
5 16 03-Apr-2018 2018 
5 16 29-Jan-2019 2019 
5 17 NaT 2010 
5 17 NaT 2011 
5 17 11-Feb-2012 2012 
5 17 12-Oct-2012 2013 
5 17 22-Dec-2013 2014 
5 17 NaT 2015 
5 17 12-Jan-2016 2016 
5 17 30-Jan-2017 2017 
5 17 21-Dec-2017 2018 
5 17 03-Nov-2018 2019 
5 18 NaT 2010 
5 18 01-Feb-2011 2011 
5 18 09-Mar-2012 2012 
5 18 22-Apr-2013 2013 
5 18 NaT 2014 
5 18 NaT 2015 
5 18 NaT 2016 
5 18 05-Jan-2017 2017 
5 18 02-May-2018 2018 
5 18 22-May-2019 2019 
5 19 NaT 2010 
5 19 11-Dec-2010 2011 
5 19 19-Jan-2012 2012 
5 19 19-Oct-2012 2013 
5 19 NaT 2014 
5 19 NaT 2015 
5 19 22-Jan-2016 2016 
5 19 NaT 2017 
5 19 14-Oct-2017 2018 
5 19 21-Oct-2018 2019 
5 20 NaT 2012 
5 20 29-Dec-2011 2013 
5 20 12-Feb-2013 2014 
5 20 15-Jan-2014 2015 
5 20 NaT 2016 
5 20 NaT 2017 
5 20 02-Feb-2017 2018 
5 20 NaT 2019 
5 20 NaT 2020 
5 21 NaT 2012 
5 21 NaT 2013 
5 21 NaT 2014 
5 21 24-May-2014 2015 
5 21 31-May-2015 2016 
5 21 20-May-2016 2017 
5 21 25-May-2017 2018 
5 21 09-Aug-2018 2019 
5 21 28-Aug-2019 2020 
5 22 NaT 2010 
5 22 07-Aug-2010 2011 
5 22 NaT 2012 
5 22 04-May-2012 2013 
5 22 NaT 2014 
5 22 NaT 2015 
5 22 29-Apr-2015 2016 
5 22 NaT 2017 
5 22 26-May-2017 2018 
5 22 NaT 2019 
5 22 NaT 2020 
5 23 NaT 2011 
5 23 NaT 2012 
5 23 NaT 2013 
5 23 31-Jan-2013 2014 
5 23 19-Mar-2014 2015 
5 23 NaT 2016 
5 23 NaT 2017 
5 23 NaT 2018 
5 23 NaT 2019 
5 23 08-Feb-2019 2020 
5 24 NaT 2010 
5 24 08-Feb-2011 2011 
5 24 26-Feb-2012 2012 
5 24 18-Feb-2013 2013 
5 24 02-Jan-2014 2014 
5 24 10-Mar-2015 2015 
5 24 26-Jan-2016 2016 
5 24 31-Jan-2017 2017 
5 24 22-Mar-2018 2018 
5 24 30-Dec-2018 2019 
5 25 NaT 2012 
5 25 08-Jun-2012 2013 
5 25 14-Jun-2013 2014 
5 25 02-Jul-2014 2015 
5 25 14-Jun-2015 2016 
5 25 29-Apr-2016 2017 
5 25 13-Feb-2017 2018 
5 25 07-Jul-2018 2019 
5 26 NaT 2010 
5 26 15-Jan-2011 2011 
5 26 06-Feb-2012 2012 
5 26 01-Feb-2013 2013 
5 26 23-Feb-2014 2014 
5 26 18-Mar-2015 2015 
5 26 27-Jan-2016 2016 
5 26 22-Jan-2017 2017 
5 26 16-Mar-2018 2018 
5 26 07-Mar-2019 2019 
5 27 NaT 2011 
5 27 18-Feb-2011 2012 
5 27 22-May-2012 2013 
5 27 27-Jun-2013 2014 
5 27 11-May-2014 2015 
5 27 28-Mar-2015 2016 
5 27 29-Feb-2016 2017 
5 27 10-Feb-2017 2018 
5 27 24-Feb-2018 2019 
5 28 NaT 2011 
5 28 02-Apr-2011 2012 
5 28 22-May-2012 2013 
5 28 27-Jun-2013 2014 
5 28 11-May-2014 2015 
5 28 28-Mar-2015 2016 
5 28 05-Mar-2016 2017 
5 28 14-Feb-2017 2018 
5 28 24-Feb-2018 2019 
5 28 21-Mar-2019 2020 
5 29 NaT 2011 
5 29 29-Feb-2012 2012 
5 29 30-Mar-2013 2013 
5 29 NaT 2014 
5 29 18-Mar-2015 2015 
5 29 11-Feb-2016 2016 
5 29 03-Mar-2017 2017 
5 29 NaT 2018 
5 29 20-Mar-2019 2019 
10 1 NaT 2010 
10 1 05-Mar-2010 2011 
10 1 04-Mar-2011 2012 
10 1 13-Mar-2012 2013 
10 1 13-Apr-2013 2014 
10 1 03-Apr-2014 2015 
10 1 NaT 2016 
10 1 NaT 2017 
10 1 21-Feb-2017 2018 
10 1 19-Mar-2018 2019 
10 1 21-Mar-2019 2020 
