5 1 NaN 2011 
5 1 225.130335 2012 
5 1 145.999999 2013 
5 1 86.885632 2014 
5 1 NaN 2015 
5 1 80.145442 2016 
5 1 121.439567 2017 
5 1 184.972721 2018 
5 1 138.000008 2019 
5 2 NaN 2011 
5 2 123.999947 2012 
5 2 160.503706 2013 
5 2 142.195149 2014 
5 2 19.000000 2015 
5 2 NaN 2016 
5 2 149.000000 2017 
5 2 81.833038 2018 
5 2 140.418587 2019 
5 3 NaN 2012 
5 3 -236.412867 2013 
5 3 -269.098907 2014 
5 3 -150.204117 2015 
5 3 -309.920308 2016 
5 3 -262.740906 2017 
5 3 -209.039539 2018 
5 3 -173.000000 2019 
5 3 180.604543 2020 
5 4 NaN 2011 
5 4 46.739258 2012 
5 4 172.060066 2013 
5 4 193.004194 2014 
5 4 21.000000 2015 
5 4 68.243246 2016 
5 4 164.181788 2017 
5 4 141.579980 2018 
5 5 NaN 2011 
5 5 32.611441 2012 
5 5 209.327923 2013 
5 5 7.466959 2014 
5 5 146.374123 2015 
5 5 61.531567 2016 
5 5 137.000000 2017 
5 5 NaN 2018 
5 5 33.000000 2019 
5 6 NaN 2010 
5 6 NaN 2011 
5 6 -61.000000 2012 
5 6 NaN 2013 
5 6 NaN 2014 
5 6 -64.000000 2015 
5 6 12.000000 2016 
5 6 110.756927 2017 
5 6 -59.698150 2018 
5 6 116.508794 2019 
5 7 NaN 2010 
5 7 43.020850 2011 
5 7 57.596128 2012 
5 7 98.905507 2013 
5 7 75.000000 2014 
5 7 87.651182 2015 
5 7 105.000000 2016 
5 7 105.235573 2017 
5 7 NaN 2018 
5 7 86.721879 2019 
5 8 NaN 2010 
5 8 -315.531318 2011 
5 8 -206.000000 2012 
5 8 -356.870236 2013 
5 8 -242.276854 2014 
5 8 NaN 2015 
5 8 -221.000831 2016 
5 8 -313.390673 2017 
5 8 -232.085576 2018 
5 8 NaN 2019 
5 8 121.999999 2020 
5 9 NaN 2012 
5 9 -252.000000 2013 
5 9 -190.000000 2014 
5 9 NaN 2015 
5 9 -220.384448 2016 
5 9 -317.934879 2017 
5 9 -228.579396 2018 
5 9 NaN 2019 
5 9 30.922296 2020 
5 10 NaN 2011 
5 10 -190.376350 2012 
5 10 -332.770358 2013 
5 10 NaN 2014 
5 10 -350.000000 2015 
5 10 NaN 2016 
5 10 -340.000000 2017 
5 10 -216.000000 2018 
5 10 -243.457972 2019 
5 11 NaN 2011 
5 11 118.436475 2012 
5 11 112.999988 2013 
5 11 22.000000 2014 
5 11 76.953092 2015 
5 11 92.014351 2016 
5 11 125.401370 2017 
5 11 125.368656 2018 
5 11 148.817419 2019 
5 12 NaN 2011 
5 12 -196.300720 2012 
5 12 -268.094101 2013 
5 12 -163.750654 2014 
5 12 NaN 2015 
5 12 -248.161055 2016 
5 12 -320.000000 2017 
5 12 -246.121301 2018 
5 12 NaN 2019 
5 12 34.742465 2020 
5 13 NaN 2010 
5 13 NaN 2011 
5 13 -45.999999 2012 
5 13 NaN 2013 
5 13 NaN 2014 
5 13 -35.722854 2015 
5 13 NaN 2016 
5 13 NaN 2017 
5 13 NaN 2018 
5 13 -58.000000 2019 
5 14 NaN 2011 
5 14 29.049677 2012 
5 14 69.000000 2013 
5 14 163.134090 2014 
5 14 -15.229070 2015 
5 14 120.609017 2016 
5 14 137.999999 2017 
5 14 181.000000 2018 
5 14 187.999999 2019 
5 15 NaN 2011 
5 15 NaN 2012 
5 15 87.858847 2013 
5 15 178.486787 2014 
5 15 84.000073 2015 
5 15 59.235122 2016 
5 15 161.441189 2017 
5 15 132.000009 2018 
5 15 83.000000 2019 
5 16 NaN 2010 
5 16 99.000000 2011 
5 16 158.001250 2012 
5 16 139.000000 2013 
5 16 74.324649 2014 
5 16 190.960210 2015 
5 16 NaN 2016 
5 16 134.767586 2017 
5 16 NaN 2018 
5 16 131.000000 2019 
5 17 NaN 2010 
5 17 -73.882577 2011 
5 17 NaN 2012 
5 17 NaN 2013 
5 17 105.000677 2014 
5 17 -28.000000 2015 
5 17 NaN 2016 
5 17 -13.999941 2017 
5 17 NaN 2018 
5 17 -96.000000 2019 
5 18 NaN 2010 
5 18 44.218845 2011 
5 18 138.349263 2012 
5 18 19.000000 2013 
5 18 166.870116 2014 
5 18 185.000000 2015 
5 18 193.001583 2016 
5 18 187.999999 2017 
5 18 201.076201 2018 
5 18 162.427822 2019 
5 19 NaN 2010 
5 19 NaN 2011 
5 19 NaN 2012 
5 19 NaN 2013 
5 19 NaN 2014 
5 19 0.149170 2015 
5 19 16.000000 2016 
5 19 -5.315763 2017 
5 19 10.769655 2018 
5 19 -58.000000 2019 
5 20 NaN 2011 
5 20 139.000000 2012 
5 20 99.060429 2013 
5 20 134.589969 2014 
5 20 97.624372 2015 
5 20 101.422255 2016 
5 20 121.653835 2017 
5 20 95.483333 2018 
5 20 166.268734 2019 
5 21 NaN 2012 
5 21 -314.000000 2013 
5 21 -359.000000 2014 
5 21 -341.549997 2015 
5 21 -212.804616 2016 
5 21 -237.000000 2017 
5 21 -226.633914 2018 
5 21 -345.853670 2019 
5 21 100.938334 2020 
5 22 NaN 2010 
5 22 -329.567943 2011 
5 22 -195.725770 2012 
5 22 -332.000000 2013 
5 22 -219.588470 2014 
5 22 -329.000000 2015 
5 22 -220.997687 2016 
5 22 -317.178858 2017 
5 22 -232.223860 2018 
5 22 -207.803337 2019 
5 22 32.868915 2020 
5 23 NaN 2010 
5 23 -212.537307 2011 
5 23 -179.973303 2012 
5 23 -164.999930 2013 
5 23 -213.267621 2014 
5 23 -192.000005 2015 
5 23 -293.198523 2016 
5 23 -273.326223 2017 
5 23 -156.777864 2018 
5 23 -306.304788 2019 
5 23 111.123630 2020 
5 24 NaN 2010 
5 24 NaN 2011 
5 24 -40.049950 2012 
5 24 NaN 2013 
5 24 -68.995109 2014 
5 24 -63.000000 2015 
5 24 44.417376 2016 
5 24 NaN 2017 
5 24 NaN 2018 
5 24 -43.000000 2019 
5 25 NaN 2011 
5 25 109.213207 2012 
5 25 31.000000 2013 
5 25 178.293193 2014 
5 25 165.000000 2015 
5 25 114.982830 2016 
5 25 186.999993 2017 
5 25 71.161240 2018 
5 25 197.198284 2019 
5 26 NaN 2010 
5 26 -42.000000 2011 
5 26 NaN 2012 
5 26 NaN 2013 
5 26 -61.000000 2014 
5 26 -65.000000 2015 
5 26 -66.000000 2016 
5 26 NaN 2017 
5 26 NaN 2018 
5 26 -57.973903 2019 
5 27 NaN 2011 
5 27 NaN 2012 
5 27 NaN 2013 
5 27 -253.132744 2014 
5 27 -139.054905 2015 
5 27 -136.800559 2016 
5 27 -212.000002 2017 
5 27 -220.532517 2018 
5 27 -162.874195 2019 
5 28 NaN 2011 
5 28 NaN 2012 
5 28 -245.980089 2013 
5 28 -275.160191 2014 
5 28 -209.513962 2015 
5 28 -201.481270 2016 
5 28 -247.430794 2017 
5 28 -210.998643 2018 
5 28 -173.127651 2019 
5 29 NaN 2011 
5 29 -9.300158 2012 
5 29 NaN 2013 
5 29 -49.127236 2014 
5 29 -37.000000 2015 
5 29 NaN 2016 
5 29 111.629449 2017 
5 29 NaN 2018 
5 29 27.000000 2019 
10 1 NaN 2010 
10 1 -330.000000 2011 
10 1 -172.044208 2012 
10 1 -203.887778 2013 
10 1 -179.999793 2014 
10 1 NaN 2015 
10 1 -223.739504 2016 
10 1 -305.426371 2017 
10 1 -228.567777 2018 
10 1 -101.341773 2019 
10 1 31.366608 2020 
