5 1 NaT 2011 
5 1 18-May-2012 2012 
5 1 09-Jun-2013 2013 
5 1 27-Mar-2014 2014 
5 1 27-Feb-2015 2015 
5 1 03-Mar-2016 2016 
5 1 23-Mar-2017 2017 
5 1 09-Jun-2018 2018 
5 1 29-Jun-2019 2019 
5 2 NaT 2011 
5 2 11-Jun-2012 2012 
5 2 14-Jun-2013 2013 
5 2 21-Mar-2014 2014 
5 2 04-Jul-2015 2015 
5 2 20-Jul-2016 2016 
5 2 17-Mar-2017 2017 
5 2 03-Jul-2018 2018 
5 2 30-Jul-2019 2019 
5 3 NaT 2012 
5 3 04-Jul-2012 2013 
5 3 24-Jul-2013 2014 
5 3 10-Jun-2014 2015 
5 3 22-Aug-2015 2016 
5 3 17-Jul-2016 2017 
5 3 07-Jun-2017 2018 
5 3 08-Jul-2018 2019 
5 3 05-Jul-2019 2020 
5 4 NaT 2012 
5 4 16-May-2012 2013 
5 4 09-May-2013 2014 
5 4 29-May-2014 2015 
5 4 08-Apr-2015 2016 
5 4 03-Jul-2016 2017 
5 4 15-Jul-2017 2018 
5 4 23-Jul-2018 2019 
5 4 05-May-2019 2020 
5 5 NaT 2011 
5 5 27-Mar-2012 2012 
5 5 11-Jun-2013 2013 
5 5 18-Jun-2014 2014 
5 5 29-Mar-2015 2015 
5 5 19-Jun-2016 2016 
5 5 01-Apr-2017 2017 
5 5 12-Jun-2018 2018 
5 5 14-Jul-2019 2019 
5 6 NaT 2010 
5 6 08-Nov-2010 2011 
5 6 09-Apr-2012 2012 
5 6 11-May-2013 2013 
5 6 25-May-2014 2014 
5 6 18-Nov-2014 2015 
5 6 05-Apr-2016 2016 
5 6 05-May-2017 2017 
5 6 30-Apr-2018 2018 
5 6 NaT 2019 
5 7 24-May-2010 2010 
5 7 29-May-2011 2011 
5 7 22-Apr-2012 2012 
5 7 11-May-2013 2013 
5 7 01-Jun-2014 2014 
5 7 04-Apr-2015 2015 
5 7 27-Jun-2016 2016 
5 7 30-Apr-2017 2017 
5 7 26-Apr-2018 2018 
5 7 01-May-2019 2019 
5 8 NaT 2010 
5 8 02-Sep-2010 2011 
5 8 17-Jan-2012 2012 
5 8 06-Nov-2012 2013 
5 8 NaT 2014 
5 8 03-Sep-2014 2015 
5 8 NaT 2016 
5 8 NaT 2017 
5 8 17-Sep-2017 2018 
5 8 NaT 2019 
5 9 17-Jan-2012 2012 
5 9 06-Nov-2012 2013 
5 9 NaT 2014 
5 9 03-Sep-2014 2015 
5 9 NaT 2016 
5 9 NaT 2017 
5 9 17-Sep-2017 2018 
5 9 NaT 2019 
5 10 23-Aug-2010 2011 
5 10 24-Jul-2011 2012 
5 10 03-Jul-2012 2013 
5 10 NaT 2014 
5 10 24-Jul-2014 2015 
5 10 25-Jun-2015 2016 
5 10 04-Jun-2016 2017 
5 10 28-Jun-2017 2018 
5 10 10-Jul-2018 2019 
5 11 NaT 2011 
5 11 13-Aug-2012 2012 
5 11 14-Jul-2013 2013 
5 11 19-Jun-2014 2014 
5 11 19-Jul-2015 2015 
5 11 16-Aug-2016 2016 
5 11 02-Aug-2017 2017 
5 11 10-Aug-2018 2018 
5 11 30-Jul-2019 2019 
5 12 09-May-2010 2011 
5 12 NaT 2012 
5 12 23-Mar-2012 2013 
5 12 NaT 2014 
5 12 NaT 2015 
5 12 17-Mar-2015 2016 
5 12 30-Oct-2016 2017 
5 12 NaT 2018 
5 12 NaT 2019 
5 12 22-Sep-2019 2020 
5 13 NaT 2010 
5 13 19-Oct-2010 2011 
5 13 12-Mar-2012 2012 
5 13 31-Oct-2012 2013 
5 13 08-Oct-2013 2014 
5 13 09-Oct-2014 2015 
5 13 24-Feb-2016 2016 
5 13 17-Oct-2016 2017 
5 13 04-Dec-2017 2018 
5 13 10-Nov-2018 2019 
5 14 NaT 2012 
5 14 13-Jul-2012 2013 
5 14 20-Apr-2013 2014 
5 14 07-Jun-2014 2015 
5 14 06-Apr-2015 2016 
5 14 09-Apr-2016 2017 
5 14 07-Apr-2017 2018 
5 14 03-May-2018 2019 
5 14 24-Apr-2019 2020 
5 15 NaT 2011 
5 15 29-May-2012 2012 
5 15 11-Jun-2013 2013 
5 15 10-Jun-2014 2014 
5 15 22-Jun-2015 2015 
5 15 09-Jun-2016 2016 
5 15 27-May-2017 2017 
5 15 18-May-2018 2018 
5 15 08-Jul-2019 2019 
5 16 17-Jun-2010 2010 
5 16 13-Jul-2011 2011 
5 16 06-Jun-2012 2012 
5 16 03-May-2013 2013 
5 16 26-Mar-2014 2014 
5 16 08-Mar-2015 2015 
5 16 19-Apr-2016 2016 
5 16 29-Apr-2017 2017 
5 16 22-May-2018 2018 
5 16 09-Apr-2019 2019 
5 17 NaT 2010 
5 17 11-Oct-2010 2011 
5 17 19-Feb-2012 2012 
5 17 05-Nov-2012 2013 
5 17 18-Jan-2014 2014 
5 17 NaT 2015 
5 17 22-Dec-2015 2016 
5 17 10-Feb-2017 2017 
5 17 13-Oct-2017 2018 
5 17 13-Nov-2018 2019 
5 18 NaT 2010 
5 18 22-Jun-2011 2011 
5 18 30-May-2012 2012 
5 18 02-Jun-2013 2013 
5 18 04-Jul-2014 2014 
5 18 22-Apr-2015 2015 
5 18 28-Jun-2016 2016 
5 18 23-Jun-2017 2017 
5 18 18-May-2018 2018 
5 18 25-Jul-2019 2019 
5 19 NaT 2010 
5 19 22-Apr-2011 2011 
5 19 31-Jan-2012 2012 
5 19 27-Oct-2012 2013 
5 19 02-Feb-2014 2014 
5 19 NaT 2015 
5 19 11-Feb-2016 2016 
5 19 NaT 2017 
5 19 10-Nov-2017 2018 
5 19 05-Dec-2018 2019 
5 20 NaT 2011 
5 20 14-Jul-2012 2012 
5 20 26-Apr-2013 2013 
5 20 12-Jun-2014 2014 
5 20 27-Feb-2015 2015 
5 20 28-Jul-2016 2016 
5 20 17-Jul-2017 2017 
5 20 08-Feb-2018 2018 
5 20 29-Aug-2019 2019 
5 21 NaT 2012 
5 21 11-Aug-2012 2013 
5 21 NaT 2014 
5 21 01-May-2014 2015 
5 21 12-Aug-2015 2016 
5 21 11-Jun-2016 2017 
5 21 19-Jun-2017 2018 
5 21 05-Jun-2018 2019 
5 21 18-Oct-2019 2020 
5 22 NaT 2010 
5 22 09-Jul-2010 2011 
5 22 NaT 2012 
5 22 13-May-2012 2013 
5 22 NaT 2014 
5 22 NaT 2015 
5 22 21-Jun-2015 2016 
5 22 09-Jun-2016 2017 
5 22 13-Jun-2017 2018 
5 22 NaT 2019 
5 22 29-Jun-2019 2020 
5 23 04-Aug-2010 2010 
5 23 14-Aug-2011 2011 
5 23 07-Sep-2012 2012 
5 23 29-Mar-2013 2013 
5 23 15-Jun-2014 2014 
5 23 27-Jul-2015 2015 
5 23 28-Jul-2016 2016 
5 23 18-Jul-2017 2017 
5 23 04-Sep-2018 2018 
5 23 24-Jul-2019 2019 
5 24 NaT 2010 
5 24 03-May-2011 2011 
5 24 09-Mar-2012 2012 
5 24 12-Mar-2013 2013 
5 24 11-May-2014 2014 
5 24 22-Mar-2015 2015 
5 24 08-Mar-2016 2016 
5 24 14-Mar-2017 2017 
5 24 12-Apr-2018 2018 
5 24 06-Apr-2019 2019 
5 25 NaT 2012 
5 25 30-Jun-2012 2013 
5 25 29-Jun-2013 2014 
5 25 27-May-2014 2015 
5 25 03-Aug-2015 2016 
5 25 17-May-2016 2017 
5 25 18-Aug-2017 2018 
5 25 09-Aug-2018 2019 
5 26 NaT 2010 
5 26 12-May-2011 2011 
5 26 10-May-2012 2012 
5 26 09-May-2013 2013 
5 26 22-May-2014 2014 
5 26 30-Mar-2015 2015 
5 26 04-Mar-2016 2016 
5 26 18-Apr-2017 2017 
5 26 10-Apr-2018 2018 
5 26 16-Apr-2019 2019 
5 27 NaT 2011 
5 27 15-Apr-2011 2012 
5 27 03-Aug-2012 2013 
5 27 03-Jul-2013 2014 
5 27 17-May-2014 2015 
5 27 04-Apr-2015 2016 
5 27 24-Mar-2016 2017 
5 27 12-Apr-2017 2018 
5 27 26-Apr-2018 2019 
5 28 NaT 2011 
5 28 16-Apr-2011 2012 
5 28 14-Jul-2012 2013 
5 28 30-Jun-2013 2014 
5 28 17-May-2014 2015 
5 28 06-Apr-2015 2016 
5 28 21-Mar-2016 2017 
5 28 12-Apr-2017 2018 
5 28 27-Apr-2018 2019 
5 28 03-Apr-2019 2020 
5 29 NaT 2011 
5 29 24-May-2012 2012 
5 29 30-Apr-2013 2013 
5 29 04-Jun-2014 2014 
5 29 13-Apr-2015 2015 
5 29 03-Mar-2016 2016 
5 29 03-Apr-2017 2017 
5 29 NaT 2018 
5 29 03-Apr-2019 2019 
10 1 NaT 2010 
10 1 09-May-2010 2010 
10 1 03-May-2011 2011 
10 1 27-Jun-2012 2012 
10 1 30-Apr-2013 2013 
10 1 10-Jun-2014 2014 
10 1 15-Apr-2015 2015 
10 1 21-Jul-2016 2016 
10 1 02-Jul-2017 2017 
10 1 28-Apr-2018 2018 
10 1 20-Jul-2019 2019 
