5 1 NaT 2012 
5 1 27-May-2012 2013 
5 1 20-Jun-2013 2014 
5 1 22-May-2014 2015 
5 1 NaT 2016 
5 1 06-Mar-2016 2017 
5 1 15-May-2017 2018 
5 1 09-Jun-2018 2019 
5 1 29-Jun-2019 2020 
5 2 NaT 2012 
5 2 20-Jun-2012 2013 
5 2 24-Jun-2013 2014 
5 2 18-Jul-2014 2015 
5 2 NaT 2016 
5 2 NaT 2017 
5 2 29-Jun-2017 2018 
5 2 18-Jul-2018 2019 
5 2 08-Sep-2019 2020 
5 3 NaT 2012 
5 3 10-Jul-2012 2013 
5 3 09-Aug-2013 2014 
5 3 07-Jun-2014 2015 
5 3 NaT 2016 
5 3 24-Jul-2016 2017 
5 3 27-Jun-2017 2018 
5 3 04-Aug-2018 2019 
5 3 05-Jul-2019 2020 
5 4 NaT 2012 
5 4 09-Jul-2012 2013 
5 4 21-Jun-2013 2014 
5 4 09-Jun-2014 2015 
5 4 18-Apr-2015 2016 
5 4 24-Aug-2016 2017 
5 4 01-Aug-2017 2018 
5 4 29-Aug-2018 2019 
5 4 14-Sep-2019 2020 
5 5 NaT 2012 
5 5 30-Mar-2012 2013 
5 5 02-Jul-2013 2014 
5 5 30-Jul-2014 2015 
5 5 14-Aug-2015 2016 
5 5 30-Jul-2016 2017 
5 5 28-Apr-2017 2018 
5 5 19-Jun-2018 2019 
5 5 09-Aug-2019 2020 
5 6 NaT 2010 
5 6 NaT 2011 
5 6 15-Apr-2012 2012 
5 6 16-Jun-2013 2013 
5 6 NaT 2014 
5 6 NaT 2015 
5 6 NaT 2016 
5 6 NaT 2017 
5 6 01-May-2018 2018 
5 6 NaT 2019 
5 7 30-May-2010 2011 
5 7 30-May-2011 2012 
5 7 04-Jun-2012 2013 
5 7 25-May-2013 2014 
5 7 14-Jun-2014 2015 
5 7 05-Apr-2015 2016 
5 7 14-Jul-2016 2017 
5 7 12-May-2017 2018 
5 7 25-Apr-2018 2019 
5 7 13-Jul-2019 2020 
5 8 NaT 2010 
5 8 02-Sep-2010 2011 
5 8 17-Jan-2012 2012 
5 8 05-Nov-2012 2013 
5 8 NaT 2014 
5 8 25-Sep-2014 2015 
5 8 NaT 2016 
5 8 NaT 2017 
5 8 10-Nov-2017 2018 
5 8 NaT 2019 
5 9 17-Jan-2012 2012 
5 9 05-Nov-2012 2013 
5 9 NaT 2014 
5 9 25-Sep-2014 2015 
5 9 NaT 2016 
5 9 NaT 2017 
5 9 11-Nov-2017 2018 
5 9 NaT 2019 
5 10 23-Jul-2010 2011 
5 10 25-Jul-2011 2012 
5 10 06-Sep-2012 2013 
5 10 NaT 2014 
5 10 NaT 2015 
5 10 20-Aug-2015 2016 
5 10 06-Jun-2016 2017 
5 10 29-Jun-2017 2018 
5 10 13-Sep-2018 2019 
5 11 NaT 2012 
5 11 NaT 2013 
5 11 07-Aug-2013 2014 
5 11 19-Jul-2014 2015 
5 11 25-Aug-2015 2016 
5 11 NaT 2017 
5 11 NaT 2018 
5 11 10-Sep-2018 2019 
5 11 NaT 2020 
5 12 NaT 2011 
5 12 NaT 2012 
5 12 22-Jun-2012 2013 
5 12 26-Oct-2013 2014 
5 12 NaT 2015 
5 12 NaT 2016 
5 12 NaT 2017 
5 12 NaT 2018 
5 12 NaT 2019 
5 12 17-Sep-2019 2020 
5 13 NaT 2010 
5 13 NaT 2011 
5 13 16-Mar-2012 2012 
5 13 NaT 2013 
5 13 06-Apr-2014 2014 
5 13 NaT 2015 
5 13 24-Feb-2016 2016 
5 13 NaT 2017 
5 13 NaT 2018 
5 13 NaT 2019 
5 14 NaT 2012 
5 14 29-Aug-2012 2013 
5 14 NaT 2014 
5 14 29-Jun-2014 2015 
5 14 23-Apr-2015 2016 
5 14 02-May-2016 2017 
5 14 15-Aug-2017 2018 
5 14 23-Jul-2018 2019 
5 14 13-Jul-2019 2020 
5 15 NaT 2012 
5 15 01-Jun-2012 2013 
5 15 25-Jun-2013 2014 
5 15 13-Jun-2014 2015 
5 15 07-Jul-2015 2016 
5 15 24-Jun-2016 2017 
5 15 09-Jun-2017 2018 
5 15 20-May-2018 2019 
5 15 27-Jul-2019 2020 
5 16 18-Jun-2010 2010 
5 16 NaT 2011 
5 16 15-Jun-2012 2012 
5 16 04-May-2013 2013 
5 16 28-Jun-2014 2014 
5 16 17-Apr-2015 2015 
5 16 23-May-2016 2016 
5 16 09-May-2017 2017 
5 16 20-Apr-2018 2018 
5 16 25-Jul-2019 2019 
5 17 NaT 2010 
5 17 NaT 2011 
5 17 19-Feb-2012 2012 
5 17 04-Nov-2012 2013 
5 17 18-Jan-2014 2014 
5 17 NaT 2015 
5 17 14-Feb-2016 2016 
5 17 11-Feb-2017 2017 
5 17 17-Jan-2018 2018 
5 17 15-Nov-2018 2019 
5 18 NaT 2010 
5 18 25-Jul-2011 2011 
5 18 03-Jun-2012 2012 
5 18 09-Jun-2013 2013 
5 18 NaT 2014 
5 18 NaT 2015 
5 18 NaT 2016 
5 18 16-Aug-2017 2017 
5 18 22-May-2018 2018 
5 18 11-Aug-2019 2019 
5 19 NaT 2010 
5 19 27-May-2011 2011 
5 19 01-Feb-2012 2012 
5 19 27-Oct-2012 2013 
5 19 NaT 2014 
5 19 NaT 2015 
5 19 10-Feb-2016 2016 
5 19 NaT 2017 
5 19 09-Nov-2017 2018 
5 19 22-Dec-2018 2019 
5 20 NaT 2012 
5 20 03-Aug-2012 2013 
5 20 07-Jun-2013 2014 
5 20 18-Jul-2014 2015 
5 20 NaT 2016 
5 20 NaT 2017 
5 20 09-Aug-2017 2018 
5 20 NaT 2019 
5 20 NaT 2020 
5 21 NaT 2012 
5 21 NaT 2013 
5 21 NaT 2014 
5 21 26-Jun-2014 2015 
5 21 23-Aug-2015 2016 
5 21 26-Jun-2016 2017 
5 21 20-Jun-2017 2018 
5 21 29-Aug-2018 2019 
5 21 27-Oct-2019 2020 
5 22 NaT 2010 
5 22 17-Sep-2010 2011 
5 22 NaT 2012 
5 22 14-May-2012 2013 
5 22 NaT 2014 
5 22 NaT 2015 
5 22 27-Sep-2015 2016 
5 22 NaT 2017 
5 22 12-Jun-2017 2018 
5 22 NaT 2019 
5 22 NaT 2020 
5 23 NaT 2011 
5 23 NaT 2012 
5 23 NaT 2013 
5 23 23-Jun-2013 2014 
5 23 09-Jul-2014 2015 
5 23 NaT 2016 
5 23 NaT 2017 
5 23 NaT 2018 
5 23 NaT 2019 
5 23 29-Aug-2019 2020 
5 24 NaT 2010 
5 24 02-May-2011 2011 
5 24 08-Mar-2012 2012 
5 24 13-Mar-2013 2013 
5 24 01-May-2014 2014 
5 24 23-Mar-2015 2015 
5 24 06-Mar-2016 2016 
5 24 26-Mar-2017 2017 
5 24 12-Apr-2018 2018 
5 24 18-Apr-2019 2019 
5 25 NaT 2012 
5 25 01-Jul-2012 2013 
5 25 10-Jul-2013 2014 
5 25 20-Jul-2014 2015 
5 25 12-Aug-2015 2016 
5 25 16-Jul-2016 2017 
5 25 23-Sep-2017 2018 
5 25 18-Aug-2018 2019 
5 26 NaT 2010 
5 26 13-May-2011 2011 
5 26 09-May-2012 2012 
5 26 11-May-2013 2013 
5 26 05-May-2014 2014 
5 26 31-Mar-2015 2015 
5 26 05-Mar-2016 2016 
5 26 23-Apr-2017 2017 
5 26 09-Apr-2018 2018 
5 26 26-Apr-2019 2019 
5 27 NaT 2011 
5 27 23-Aug-2011 2012 
5 27 26-Aug-2012 2013 
5 27 30-Jun-2013 2014 
5 27 18-May-2014 2015 
5 27 13-Apr-2015 2016 
5 27 25-Mar-2016 2017 
5 27 18-May-2017 2018 
5 27 17-Jul-2018 2019 
5 28 NaT 2011 
5 28 18-Apr-2011 2012 
5 28 26-Aug-2012 2013 
5 28 30-Jun-2013 2014 
5 28 18-May-2014 2015 
5 28 13-Apr-2015 2016 
5 28 24-Mar-2016 2017 
5 28 15-May-2017 2018 
5 28 16-Jul-2018 2019 
5 28 04-Apr-2019 2020 
5 29 NaT 2011 
5 29 16-May-2012 2012 
5 29 27-Apr-2013 2013 
5 29 NaT 2014 
5 29 15-Apr-2015 2015 
5 29 03-Mar-2016 2016 
5 29 01-Apr-2017 2017 
5 29 NaT 2018 
5 29 04-Apr-2019 2019 
10 1 NaT 2010 
10 1 12-May-2010 2011 
10 1 11-May-2011 2012 
10 1 11-Jul-2012 2013 
10 1 03-May-2013 2014 
10 1 13-Jun-2014 2015 
10 1 NaT 2016 
10 1 NaT 2017 
10 1 25-Jul-2017 2018 
10 1 14-Jun-2018 2019 
10 1 11-Aug-2019 2020 
