5 1 NaN 2011 
5 1 191.000000 2012 
5 1 163.000000 2013 
5 1 NaN 2014 
5 1 NaN 2015 
5 1 NaN 2016 
5 1 189.000000 2017 
5 1 181.000000 2018 
5 1 255.000000 2019 
5 2 NaN 2012 
5 2 -200.000000 2013 
5 2 -175.000000 2014 
5 2 -121.000000 2015 
5 2 -59.000000 2016 
5 2 -96.000000 2017 
5 2 -192.000000 2018 
5 2 -136.000000 2019 
5 2 159.000000 2020 
5 3 NaN 2012 
5 3 -128.000000 2013 
5 3 -171.000000 2014 
5 3 -125.000000 2015 
5 3 -60.000000 2016 
5 3 -86.000000 2017 
5 3 -171.000000 2018 
5 3 -164.000000 2019 
5 3 266.000000 2020 
5 4 NaN 2012 
5 4 -164.000000 2013 
5 4 -148.000000 2014 
5 4 -160.000000 2015 
5 4 -52.000000 2016 
5 4 -91.000000 2017 
5 4 -169.000000 2018 
5 4 -170.000000 2019 
5 5 313.000000 2011 
5 5 184.000000 2012 
5 5 242.000000 2013 
5 5 207.000000 2014 
5 5 299.000000 2015 
5 5 270.000000 2016 
5 5 139.000000 2017 
5 5 251.000000 2018 
5 5 225.000000 2019 
5 6 231.000000 2010 
5 6 NaN 2011 
5 6 154.000000 2012 
5 6 188.000000 2013 
5 6 207.000000 2014 
5 6 183.000000 2015 
5 6 175.000000 2016 
5 6 140.000000 2017 
5 6 206.000000 2018 
5 6 207.000000 2019 
5 7 223.000000 2010 
5 7 194.000000 2011 
5 7 234.000000 2012 
5 7 124.000000 2013 
5 7 216.000000 2014 
5 7 199.000000 2015 
5 7 130.000000 2016 
5 7 122.000000 2017 
5 7 224.000000 2018 
5 7 NaN 2019 
5 8 NaN 2010 
5 8 NaN 2011 
5 8 NaN 2012 
5 8 -163.000000 2013 
5 8 NaN 2014 
5 8 -50.000000 2015 
5 8 -66.000000 2016 
5 8 -87.000000 2017 
5 8 -78.000000 2018 
5 8 -46.000000 2019 
5 8 221.000000 2020 
5 9 NaN 2012 
5 9 -106.000000 2013 
5 9 NaN 2014 
5 9 9.000000 2015 
5 9 20.000000 2016 
5 9 -79.000000 2017 
5 9 NaN 2018 
5 9 NaN 2019 
5 9 181.000000 2020 
5 10 NaN 2011 
5 10 -32.000000 2012 
5 10 NaN 2013 
5 10 -81.000000 2014 
5 10 NaN 2015 
5 10 -74.000000 2016 
5 10 -77.000000 2017 
5 10 -64.000000 2018 
5 10 -94.000000 2019 
5 11 NaN 2012 
5 11 NaN 2013 
5 11 -204.000000 2014 
5 11 -157.000000 2015 
5 11 NaN 2016 
5 11 -212.000000 2017 
5 11 NaN 2018 
5 11 -39.000000 2019 
5 11 177.000000 2020 
5 12 NaN 2011 
5 12 18.000000 2012 
5 12 -108.000000 2013 
5 12 -80.000000 2014 
5 12 14.000000 2015 
5 12 -55.000000 2016 
5 12 NaN 2017 
5 12 -62.000000 2018 
5 12 22.000000 2019 
5 12 341.000000 2020 
5 13 NaN 2010 
5 13 NaN 2011 
5 13 184.000000 2012 
5 13 21.000000 2013 
5 13 NaN 2014 
5 13 189.000000 2015 
5 13 161.000000 2016 
5 13 185.000000 2017 
5 13 209.000000 2018 
5 13 NaN 2019 
5 14 NaN 2012 
5 14 -105.000000 2013 
5 14 -40.000000 2014 
5 14 -177.000000 2015 
5 14 -53.000000 2016 
5 14 NaN 2017 
5 14 -203.000000 2018 
5 14 -154.000000 2019 
5 14 NaN 2020 
5 15 NaN 2011 
5 15 237.000000 2012 
5 15 141.000000 2013 
5 15 178.000000 2014 
5 15 170.000000 2015 
5 15 164.000000 2016 
5 15 183.000000 2017 
5 15 214.000000 2018 
5 15 144.000000 2019 
5 16 199.000000 2010 
5 16 347.000000 2011 
5 16 241.000000 2012 
5 16 203.000000 2013 
5 16 NaN 2014 
5 16 200.000000 2015 
5 16 NaN 2016 
5 16 182.000000 2017 
5 16 198.000000 2018 
5 16 192.000000 2019 
5 17 NaN 2010 
5 17 NaN 2011 
5 17 NaN 2012 
5 17 169.000000 2013 
5 17 122.000000 2014 
5 17 NaN 2015 
5 17 136.000000 2016 
5 17 160.000000 2017 
5 17 NaN 2018 
5 17 146.000000 2019 
5 18 19.000000 2011 
5 18 -70.000000 2012 
5 18 -150.000000 2013 
5 18 -111.000000 2014 
5 18 -137.000000 2015 
5 18 -73.000000 2016 
5 18 -127.000000 2017 
5 18 -157.000000 2018 
5 18 -109.000000 2019 
5 18 207.000000 2020 
5 19 NaN 2010 
5 19 27.000000 2011 
5 19 154.000000 2012 
5 19 206.000000 2013 
5 19 NaN 2014 
5 19 NaN 2015 
5 19 125.000000 2016 
5 19 NaN 2017 
5 19 52.000000 2018 
5 19 29.000000 2019 
5 20 NaN 2011 
5 20 203.000000 2012 
5 20 178.000000 2013 
5 20 149.000000 2014 
5 20 114.000000 2015 
5 20 127.000000 2016 
5 20 137.000000 2017 
5 20 NaN 2018 
5 20 154.000000 2019 
5 21 NaN 2012 
5 21 -138.000000 2013 
5 21 -82.000000 2014 
5 21 -147.000000 2015 
5 21 -144.000000 2016 
5 21 -204.000000 2017 
5 21 -62.000000 2018 
5 21 -83.000000 2019 
5 21 275.000000 2020 
5 22 NaN 2010 
5 22 NaN 2011 
5 22 NaN 2012 
5 22 -110.000000 2013 
5 22 NaN 2014 
5 22 NaN 2015 
5 22 -57.000000 2016 
5 22 NaN 2017 
5 22 NaN 2018 
5 22 -68.000000 2019 
5 22 170.000000 2020 
5 23 NaN 2010 
5 23 -94.000000 2011 
5 23 -63.000000 2012 
5 23 -141.000000 2013 
5 23 -177.000000 2014 
5 23 -122.000000 2015 
5 23 -58.000000 2016 
5 23 -175.000000 2017 
5 23 -109.000000 2018 
5 23 -154.000000 2019 
5 23 277.000000 2020 
5 24 NaN 2010 
5 24 NaN 2011 
5 24 231.000000 2012 
5 24 NaN 2013 
5 24 156.000000 2014 
5 24 278.000000 2015 
5 24 155.000000 2016 
5 24 167.000000 2017 
5 24 NaN 2018 
5 24 244.000000 2019 
5 25 NaN 2012 
5 25 -92.000000 2013 
5 25 -54.000000 2014 
5 25 -137.000000 2015 
5 25 NaN 2016 
5 25 -85.000000 2017 
5 25 -92.000000 2018 
5 25 -103.000000 2019 
5 25 192.000000 2020 
5 26 NaN 2010 
5 26 148.000000 2011 
5 26 113.000000 2012 
5 26 182.000000 2013 
5 26 NaN 2014 
5 26 129.000000 2015 
5 26 160.000000 2016 
5 26 160.000000 2017 
5 26 197.000000 2018 
5 26 204.000000 2019 
5 27 NaN 2011 
5 27 -50.000000 2012 
5 27 NaN 2013 
5 27 NaN 2014 
5 27 NaN 2015 
5 27 -110.000000 2016 
5 27 -181.000000 2017 
5 27 -154.000000 2018 
5 27 -143.000000 2019 
5 28 NaN 2011 
5 28 -45.000000 2012 
5 28 NaN 2013 
5 28 -11.000000 2014 
5 28 -152.000000 2015 
5 28 -126.000000 2016 
5 28 -151.000000 2017 
5 28 -145.000000 2018 
5 28 -130.000000 2019 
5 29 NaN 2011 
5 29 110.000000 2012 
5 29 NaN 2013 
5 29 88.000000 2014 
5 29 199.000000 2015 
5 29 154.000000 2016 
5 29 195.000000 2017 
5 29 NaN 2018 
5 29 198.000000 2019 
10 1 NaN 2010 
10 1 -130.000000 2011 
10 1 -117.000000 2012 
10 1 -152.000000 2013 
10 1 -106.000000 2014 
10 1 -101.000000 2015 
10 1 -57.000000 2016 
10 1 -89.000000 2017 
10 1 -100.000000 2018 
10 1 -105.000000 2019 
10 1 259.000000 2020 
