depth,sid,value,WY
5.000000,1,NaN,2010
5.000000,1,-68.000000,2011
5.000000,1,NaN,2012
5.000000,1,-99.000000,2013
5.000000,1,-233.000000,2014
5.000000,1,-168.000000,2015
5.000000,1,-175.000000,2016
5.000000,1,NaN,2017
5.000000,1,-154.000000,2018
5.000000,2,NaN,2010
5.000000,2,-124.000000,2011
5.000000,2,-195.000000,2012
5.000000,2,-124.000000,2013
5.000000,2,-188.000000,2014
5.000000,2,-156.000000,2015
5.000000,2,NaN,2016
5.000000,2,NaN,2017
5.000000,2,-153.000000,2018
5.000000,3,NaN,2010
5.000000,3,NaN,2011
5.000000,3,-142.000000,2012
5.000000,3,-19.000000,2013
5.000000,3,-168.000000,2014
5.000000,3,-162.000000,2015
5.000000,3,-182.000000,2016
5.000000,3,-147.000000,2017
5.000000,3,-85.000000,2018
5.000000,4,NaN,2010
5.000000,4,NaN,2011
5.000000,4,NaN,2012
5.000000,4,NaN,2013
5.000000,4,-168.000000,2014
5.000000,4,-157.000000,2015
5.000000,4,NaN,2016
5.000000,4,NaN,2017
5.000000,4,NaN,2018
5.000000,5,NaN,2010
5.000000,5,-175.000000,2011
5.000000,5,NaN,2012
5.000000,5,NaN,2013
5.000000,5,NaN,2014
5.000000,5,NaN,2015
5.000000,5,-205.000000,2016
5.000000,5,-97.000000,2017
5.000000,5,NaN,2018
5.000000,6,NaN,2009
5.000000,6,145.000000,2010
5.000000,6,135.000000,2011
5.000000,6,121.000000,2012
5.000000,6,135.000000,2013
5.000000,6,138.000000,2014
5.000000,6,128.000000,2015
5.000000,6,96.000000,2016
5.000000,6,137.000000,2017
5.000000,6,98.000000,2018
5.000000,7,NaN,2009
5.000000,7,-178.000000,2010
5.000000,7,-100.000000,2011
5.000000,7,-169.000000,2012
5.000000,7,-122.000000,2013
5.000000,7,-189.000000,2014
5.000000,7,-143.000000,2015
5.000000,7,-131.000000,2016
5.000000,7,NaN,2017
5.000000,7,NaN,2018
5.000000,8,NaN,2008
5.000000,8,NaN,2009
5.000000,8,NaN,2010
5.000000,8,NaN,2011
5.000000,8,NaN,2012
5.000000,8,NaN,2013
5.000000,8,50.000000,2014
5.000000,8,NaN,2015
5.000000,8,35.000000,2016
5.000000,8,22.000000,2017
5.000000,9,NaN,2010
5.000000,9,NaN,2011
5.000000,9,80.000000,2012
5.000000,9,95.000000,2013
5.000000,9,51.000000,2014
5.000000,9,NaN,2015
5.000000,9,35.000000,2016
5.000000,9,9.000000,2017
5.000000,10,NaN,2009
5.000000,10,-103.000000,2010
5.000000,10,NaN,2011
5.000000,10,NaN,2012
5.000000,10,34.000000,2013
5.000000,10,NaN,2014
5.000000,10,-118.000000,2015
5.000000,10,-100.000000,2016
5.000000,10,-57.000000,2017
5.000000,11,NaN,2010
5.000000,11,-64.000000,2011
5.000000,11,-161.000000,2012
5.000000,11,NaN,2013
5.000000,11,-168.000000,2014
5.000000,11,-130.000000,2015
5.000000,11,-183.000000,2016
5.000000,11,-180.000000,2017
5.000000,11,-161.000000,2018
5.000000,12,NaN,2009
5.000000,12,-166.000000,2010
5.000000,12,NaN,2011
5.000000,12,-78.000000,2012
5.000000,12,NaN,2013
5.000000,12,-87.000000,2014
5.000000,12,-119.000000,2015
5.000000,12,-119.000000,2016
5.000000,12,NaN,2017
5.000000,12,-131.000000,2018
5.000000,13,NaN,2009
5.000000,13,143.000000,2010
5.000000,13,146.000000,2011
5.000000,13,137.000000,2012
5.000000,13,155.000000,2013
5.000000,13,126.000000,2014
5.000000,13,68.000000,2015
5.000000,13,53.000000,2016
5.000000,13,74.000000,2017
5.000000,13,78.000000,2018
5.000000,14,NaN,2010
5.000000,14,-171.000000,2011
5.000000,14,-155.000000,2012
5.000000,14,NaN,2013
5.000000,14,-134.000000,2014
5.000000,14,-130.000000,2015
5.000000,14,-84.000000,2016
5.000000,14,NaN,2017
5.000000,14,-167.000000,2018
5.000000,15,NaN,2010
5.000000,15,-161.000000,2011
5.000000,15,-158.000000,2012
5.000000,15,-173.000000,2013
5.000000,15,-155.000000,2014
5.000000,15,-174.000000,2015
5.000000,15,-153.000000,2016
5.000000,15,-143.000000,2017
5.000000,15,-90.000000,2018
5.000000,16,NaN,2009
5.000000,16,204.000000,2010
5.000000,16,262.000000,2011
5.000000,16,NaN,2012
5.000000,16,137.000000,2013
5.000000,16,243.000000,2014
5.000000,16,240.000000,2015
5.000000,16,288.000000,2016
5.000000,16,NaN,2017
5.000000,16,NaN,2018
5.000000,17,NaN,2009
5.000000,17,110.000000,2010
5.000000,17,NaN,2011
5.000000,17,127.000000,2012
5.000000,17,55.000000,2013
5.000000,17,153.000000,2014
5.000000,17,214.000000,2015
5.000000,17,175.000000,2016
5.000000,17,125.000000,2017
5.000000,17,NaN,2018
5.000000,18,NaN,2009
5.000000,18,173.000000,2010
5.000000,18,173.000000,2011
5.000000,18,208.000000,2012
5.000000,18,129.000000,2013
5.000000,18,NaN,2014
5.000000,18,240.000000,2015
5.000000,18,146.000000,2016
5.000000,18,NaN,2017
5.000000,18,229.000000,2018
5.000000,19,NaN,2009
5.000000,19,NaN,2010
5.000000,19,210.000000,2011
5.000000,19,NaN,2012
5.000000,19,96.000000,2013
5.000000,19,94.000000,2014
5.000000,19,NaN,2015
5.000000,19,NaN,2016
5.000000,19,NaN,2017
5.000000,19,NaN,2018
5.000000,20,NaN,2010
5.000000,20,-175.000000,2011
5.000000,20,NaN,2012
5.000000,20,-158.000000,2013
5.000000,20,-146.000000,2014
5.000000,20,-135.000000,2015
5.000000,20,-153.000000,2016
5.000000,20,-130.000000,2017
5.000000,20,-123.000000,2018
5.000000,21,NaN,2010
5.000000,21,NaN,2011
5.000000,21,NaN,2012
5.000000,21,-24.000000,2013
5.000000,21,NaN,2014
5.000000,21,-157.000000,2015
5.000000,21,NaN,2016
5.000000,21,NaN,2017
5.000000,21,17.000000,2018
5.000000,22,NaN,2008
5.000000,22,-120.000000,2009
5.000000,22,-91.000000,2010
5.000000,22,-77.000000,2011
5.000000,22,-100.000000,2012
5.000000,22,NaN,2013
5.000000,22,NaN,2014
5.000000,22,-119.000000,2015
5.000000,22,NaN,2016
5.000000,22,NaN,2017
5.000000,22,-165.000000,2018
5.000000,23,NaN,2009
5.000000,23,-195.000000,2010
5.000000,23,-194.000000,2011
5.000000,23,-158.000000,2012
5.000000,23,-217.000000,2013
5.000000,23,-167.000000,2014
5.000000,23,-120.000000,2015
5.000000,23,NaN,2016
5.000000,23,-173.000000,2017
5.000000,23,NaN,2018
5.000000,24,NaN,2009
5.000000,24,148.000000,2010
5.000000,24,156.000000,2011
5.000000,24,138.000000,2012
5.000000,24,139.000000,2013
5.000000,24,122.000000,2014
5.000000,24,NaN,2015
5.000000,24,NaN,2016
5.000000,24,177.000000,2017
5.000000,24,187.000000,2018
5.000000,25,NaN,2010
5.000000,25,-135.000000,2011
5.000000,25,-151.000000,2012
5.000000,25,-147.000000,2013
5.000000,25,NaN,2014
5.000000,25,NaN,2015
5.000000,25,-46.000000,2016
5.000000,25,-174.000000,2017
5.000000,26,NaN,2009
5.000000,26,147.000000,2010
5.000000,26,137.000000,2011
5.000000,26,127.000000,2012
5.000000,26,136.000000,2013
5.000000,26,139.000000,2014
5.000000,26,131.000000,2015
5.000000,26,102.000000,2016
5.000000,26,145.000000,2017
5.000000,26,101.000000,2018
5.000000,27,NaN,2009
5.000000,27,NaN,2010
5.000000,27,-143.000000,2011
5.000000,27,-153.000000,2012
5.000000,27,NaN,2013
5.000000,27,NaN,2014
5.000000,27,-173.000000,2015
5.000000,27,-208.000000,2016
5.000000,27,-144.000000,2017
5.000000,28,NaN,2009
5.000000,28,NaN,2010
5.000000,28,-149.000000,2011
5.000000,28,-153.000000,2012
5.000000,28,-192.000000,2013
5.000000,28,NaN,2014
5.000000,28,-186.000000,2015
5.000000,28,NaN,2016
5.000000,28,-144.000000,2017
5.000000,28,NaN,2018
5.000000,29,NaN,2010
5.000000,29,NaN,2011
5.000000,29,133.000000,2012
5.000000,29,141.000000,2013
5.000000,29,166.000000,2014
5.000000,29,NaN,2015
5.000000,29,159.000000,2016
5.000000,29,143.000000,2017
5.000000,29,143.000000,2018
10.000000,1,NaN,2008
10.000000,1,-149.000000,2009
10.000000,1,NaN,2010
10.000000,1,-190.000000,2011
10.000000,1,NaN,2012
10.000000,1,-197.000000,2013
10.000000,1,-221.000000,2014
10.000000,1,-156.000000,2015
10.000000,1,-219.000000,2016
10.000000,1,NaN,2017
10.000000,1,-166.000000,2018
