5 1 NaN 2011 
5 1 190.400567 2012 
5 1 182.000000 2013 
5 1 154.194808 2014 
5 1 163.264972 2015 
5 1 170.000584 2016 
5 1 155.000011 2017 
5 1 269.997913 2018 
5 1 279.000146 2019 
5 2 NaN 2011 
5 2 157.000000 2012 
5 2 186.202979 2013 
5 2 166.000000 2014 
5 2 148.000000 2015 
5 2 168.000009 2016 
5 2 193.644733 2017 
5 2 212.261742 2018 
5 2 269.406974 2019 
5 3 NaN 2011 
5 3 179.986946 2012 
5 3 171.999611 2013 
5 3 221.001990 2014 
5 3 146.000094 2015 
5 3 257.051875 2016 
5 3 245.039930 2017 
5 3 274.000278 2018 
5 3 283.243833 2019 
5 4 NaN 2011 
5 4 188.166725 2012 
5 4 189.049493 2013 
5 4 210.000000 2014 
5 4 173.201323 2015 
5 4 182.000119 2016 
5 4 194.000006 2017 
5 4 199.000000 2018 
5 4 239.696738 2019 
5 5 NaN 2011 
5 5 187.428775 2012 
5 5 188.000000 2013 
5 5 157.224169 2014 
5 5 162.000000 2015 
5 5 168.999986 2016 
5 5 169.853069 2017 
5 5 205.264230 2018 
5 5 191.208704 2019 
5 6 NaN 2010 
5 6 51.000000 2011 
5 6 119.362109 2012 
5 6 156.085271 2013 
5 6 117.567580 2014 
5 6 42.041596 2015 
5 6 86.000000 2016 
5 6 128.434877 2017 
5 6 202.303278 2018 
5 6 NaN 2019 
5 7 220.204003 2010 
5 7 210.999996 2011 
5 7 215.264782 2012 
5 7 195.666812 2013 
5 7 191.999957 2014 
5 7 204.631287 2015 
5 7 140.779793 2016 
5 7 192.522299 2017 
5 7 223.291966 2018 
5 7 199.483502 2019 
5 1 NaN 2011 
5 1 190.400567 2012 
5 1 182.000000 2013 
5 1 154.194808 2014 
5 1 163.264972 2015 
5 1 170.000584 2016 
5 1 155.000011 2017 
5 1 269.997913 2018 
5 1 279.000146 2019 
5 2 NaN 2011 
5 2 157.000000 2012 
5 2 186.202979 2013 
5 2 166.000000 2014 
5 2 148.000000 2015 
5 2 168.000009 2016 
5 2 193.644733 2017 
5 2 212.261742 2018 
5 2 269.406974 2019 
5 3 NaN 2011 
5 3 179.986946 2012 
5 3 171.999611 2013 
5 3 221.001990 2014 
5 3 146.000094 2015 
5 3 257.051875 2016 
5 3 245.039930 2017 
5 3 274.000278 2018 
5 3 283.243833 2019 
5 4 NaN 2011 
5 4 188.166725 2012 
5 4 189.049493 2013 
5 4 210.000000 2014 
5 4 173.201323 2015 
5 4 182.000119 2016 
5 4 194.000006 2017 
5 4 199.000000 2018 
5 4 239.696738 2019 
5 5 NaN 2011 
5 5 187.428775 2012 
5 5 188.000000 2013 
5 5 157.224169 2014 
5 5 162.000000 2015 
5 5 168.999986 2016 
5 5 169.853069 2017 
5 5 205.264230 2018 
5 5 191.208704 2019 
5 6 NaN 2010 
5 6 51.000000 2011 
5 6 119.362109 2012 
5 6 156.085271 2013 
5 6 117.567580 2014 
5 6 42.041596 2015 
5 6 86.000000 2016 
5 6 128.434877 2017 
5 6 202.303278 2018 
5 6 NaN 2019 
5 7 220.204003 2010 
5 7 210.999996 2011 
5 7 215.264782 2012 
5 7 195.666812 2013 
5 7 191.999957 2014 
5 7 204.631287 2015 
5 7 140.779793 2016 
5 7 192.522299 2017 
5 7 223.291966 2018 
5 7 199.483502 2019 
5 1 NaN 2011 
5 1 190.400567 2012 
5 1 182.000000 2013 
5 1 154.194808 2014 
5 1 163.264972 2015 
5 1 170.000584 2016 
5 1 155.000011 2017 
5 1 269.997913 2018 
5 1 279.000146 2019 
5 2 NaN 2011 
5 2 157.000000 2012 
5 2 186.202979 2013 
5 2 166.000000 2014 
5 2 148.000000 2015 
5 2 168.000009 2016 
5 2 193.644733 2017 
5 2 212.261742 2018 
5 2 269.406974 2019 
5 3 NaN 2011 
5 3 179.986946 2012 
5 3 171.999611 2013 
5 3 221.001990 2014 
5 3 146.000094 2015 
5 3 257.051875 2016 
5 3 245.039930 2017 
5 3 274.000278 2018 
5 3 283.243833 2019 
5 4 NaN 2011 
5 4 188.166725 2012 
5 4 189.049493 2013 
5 4 210.000000 2014 
5 4 173.201323 2015 
5 4 182.000119 2016 
5 4 194.000006 2017 
5 4 199.000000 2018 
5 4 239.696738 2019 
5 5 NaN 2011 
5 5 187.428775 2012 
5 5 188.000000 2013 
5 5 157.224169 2014 
5 5 162.000000 2015 
5 5 168.999986 2016 
5 5 169.853069 2017 
5 5 205.264230 2018 
5 5 191.208704 2019 
5 6 NaN 2010 
5 6 51.000000 2011 
5 6 119.362109 2012 
5 6 156.085271 2013 
5 6 117.567580 2014 
5 6 42.041596 2015 
5 6 86.000000 2016 
5 6 128.434877 2017 
5 6 202.303278 2018 
5 6 NaN 2019 
5 7 220.204003 2010 
5 7 210.999996 2011 
5 7 215.264782 2012 
5 7 195.666812 2013 
5 7 191.999957 2014 
5 7 204.631287 2015 
5 7 140.779793 2016 
5 7 192.522299 2017 
5 7 223.291966 2018 
5 7 199.483502 2019 
5 8 NaN 2010 
5 8 -7.941462 2011 
5 8 130.004363 2012 
5 8 52.198785 2013 
5 8 NaN 2014 
5 8 -17.000000 2015 
5 8 NaN 2016 
5 8 NaN 2017 
5 8 -6.000000 2018 
5 8 NaN 2019 
5 9 130.008045 2012 
5 9 52.202141 2013 
5 9 NaN 2014 
5 9 -17.000000 2015 
5 9 NaN 2016 
5 9 NaN 2017 
5 9 -6.000000 2018 
5 9 NaN 2019 
5 10 -7.254181 2011 
5 10 -39.991546 2012 
5 10 -74.000209 2013 
5 10 NaN 2014 
5 10 -73.332187 2015 
5 10 -74.000000 2016 
5 10 -99.000000 2017 
5 10 -90.166407 2018 
5 10 -49.704423 2019 
5 11 NaN 2011 
5 11 159.000000 2012 
5 11 147.177000 2013 
5 11 188.595353 2014 
5 11 146.263871 2015 
5 11 137.000002 2016 
5 11 181.621461 2017 
5 11 227.386671 2018 
5 11 188.600170 2019 
5 12 -116.026413 2011 
5 12 NaN 2012 
5 12 -164.856989 2013 
5 12 NaN 2014 
5 12 NaN 2015 
5 12 -168.460271 2016 
5 12 -85.674008 2017 
5 12 NaN 2018 
5 12 NaN 2019 
5 12 338.219308 2020 
5 13 NaN 2010 
5 13 30.865239 2011 
5 13 151.999831 2012 
5 13 37.000320 2013 
5 13 27.157861 2014 
5 13 36.015543 2015 
5 13 142.000001 2016 
5 13 46.884930 2017 
5 13 56.945216 2018 
5 13 68.999981 2019 
5 14 NaN 2012 
5 14 275.359420 2013 
5 14 208.849011 2014 
5 14 215.650692 2015 
5 14 162.797545 2016 
5 14 219.747313 2017 
5 14 209.381236 2018 
5 14 242.776695 2019 
5 14 236.000000 2020 
5 15 NaN 2011 
5 15 232.532072 2012 
5 15 163.616088 2013 
5 15 195.531460 2014 
5 15 173.000330 2015 
5 15 155.632979 2016 
5 15 178.353257 2017 
5 15 215.514192 2018 
5 15 183.868525 2019 
5 16 273.019106 2010 
5 16 120.892270 2011 
5 16 204.999999 2012 
5 16 227.000003 2013 
5 16 193.052818 2014 
5 16 150.441012 2015 
5 16 165.964494 2016 
5 16 180.000000 2017 
5 16 214.997835 2018 
5 16 209.059516 2019 
5 17 NaN 2010 
5 17 30.000000 2011 
5 17 166.639762 2012 
5 17 43.668253 2013 
5 17 117.487798 2014 
5 17 NaN 2015 
5 17 111.019583 2016 
5 17 157.399939 2017 
5 17 43.330690 2018 
5 17 70.000000 2019 
5 18 NaN 2010 
5 18 172.217301 2011 
5 18 202.999950 2012 
5 18 253.469865 2013 
5 18 152.594259 2014 
5 18 163.000028 2015 
5 18 141.000000 2016 
5 18 142.999995 2017 
5 18 252.000000 2018 
5 18 275.249592 2019 
5 19 NaN 2010 
5 19 98.319142 2011 
5 19 144.484073 2012 
5 19 52.232616 2013 
5 19 131.204843 2014 
5 19 NaN 2015 
5 19 146.983389 2016 
5 19 NaN 2017 
5 19 47.575764 2018 
5 19 63.476985 2019 
5 20 NaN 2011 
5 20 166.152882 2012 
5 20 190.190837 2013 
5 20 153.999996 2014 
5 20 160.000000 2015 
5 20 148.910865 2016 
5 20 167.361899 2017 
5 20 162.000000 2018 
5 20 179.528600 2019 
5 21 NaN 2012 
5 21 -19.201821 2013 
5 21 NaN 2014 
5 21 -127.626615 2015 
5 21 -87.513257 2016 
5 21 -87.155943 2017 
5 21 -92.922772 2018 
5 21 -85.453241 2019 
5 21 380.287751 2020 
5 22 NaN 2010 
5 22 -92.000000 2011 
5 22 NaN 2012 
5 22 -114.761200 2013 
5 22 NaN 2014 
5 22 NaN 2015 
5 22 -74.618020 2016 
5 22 -82.955652 2017 
5 22 -91.124959 2018 
5 22 NaN 2019 
5 22 297.448775 2020 
5 23 132.000000 2010 
5 23 187.970283 2011 
5 23 153.000000 2012 
5 23 184.395228 2013 
5 23 220.601848 2014 
5 23 140.000003 2015 
5 23 131.665995 2016 
5 23 182.340042 2017 
5 23 214.595199 2018 
5 23 189.214440 2019 
5 24 NaN 2010 
5 24 168.999932 2011 
5 24 181.009660 2012 
5 24 174.483370 2013 
5 24 109.634155 2014 
5 24 195.358334 2015 
5 24 146.818425 2016 
5 24 175.178641 2017 
5 24 206.000000 2018 
5 24 140.000000 2019 
5 25 NaN 2012 
5 25 -78.000000 2013 
5 25 -61.000000 2014 
5 25 -95.342746 2015 
5 25 -69.000000 2016 
5 25 -114.000001 2017 
5 25 -171.000000 2018 
5 25 -37.753382 2019 
5 26 NaN 2010 
5 26 137.999947 2011 
5 26 156.059793 2012 
5 26 162.700576 2013 
5 26 112.003913 2014 
5 26 203.600252 2015 
5 26 150.448028 2016 
5 26 153.000158 2017 
5 26 201.000000 2018 
5 26 201.000082 2019 
5 27 NaN 2011 
5 27 -145.613587 2012 
5 27 -79.999289 2013 
5 27 -68.282541 2014 
5 27 -107.000186 2015 
5 27 -149.042367 2016 
5 27 -179.468384 2017 
5 27 -164.077071 2018 
5 27 -135.325336 2019 
5 28 NaN 2011 
5 28 -146.047636 2012 
5 28 -76.728228 2013 
5 28 -61.000000 2014 
5 28 -107.105830 2015 
5 28 -148.760482 2016 
5 28 -171.593587 2017 
5 28 -164.204135 2018 
5 28 -136.082108 2019 
5 28 208.853541 2020 
5 29 NaN 2011 
5 29 176.999930 2012 
5 29 206.858610 2013 
5 29 190.003710 2014 
5 29 205.690353 2015 
5 29 167.341945 2016 
5 29 189.945409 2017 
5 29 NaN 2018 
5 29 206.017441 2019 
10 1 NaN 2010 
10 1 187.446410 2010 
10 1 195.688492 2011 
10 1 205.540756 2012 
10 1 231.676551 2013 
10 1 222.000000 2014 
10 1 167.999919 2015 
10 1 143.998725 2016 
10 1 176.993068 2017 
10 1 240.022412 2018 
10 1 208.752268 2019 
