5 1 NaT 2011 
5 1 11-Apr-2012 2012 
5 1 18-May-2013 2013 
5 1 NaT 2014 
5 1 NaT 2015 
5 1 NaT 2016 
5 1 02-Jun-2017 2017 
5 1 02-Aug-2018 2018 
5 1 30-Jun-2019 2019 
5 2 NaT 2012 
5 2 10-Jun-2012 2013 
5 2 25-Sep-2013 2014 
5 2 21-Jun-2014 2015 
5 2 22-Jun-2015 2016 
5 2 10-Jul-2016 2017 
5 2 03-Jul-2017 2018 
5 2 24-Jul-2018 2019 
5 2 05-Sep-2019 2020 
5 3 NaT 2012 
5 3 13-Aug-2012 2013 
5 3 01-Aug-2013 2014 
5 3 15-Jul-2014 2015 
5 3 29-Jun-2015 2016 
5 3 17-Jul-2016 2017 
5 3 15-Jul-2017 2018 
5 3 26-Jul-2018 2019 
5 3 24-Jul-2019 2020 
5 4 NaT 2012 
5 4 09-Sep-2012 2013 
5 4 20-Sep-2013 2014 
5 4 27-Jun-2014 2015 
5 4 25-Jun-2015 2016 
5 4 07-Jul-2016 2017 
5 4 15-Jul-2017 2018 
5 4 04-Sep-2018 2019 
5 5 24-Jul-2011 2011 
5 5 19-May-2012 2012 
5 5 15-Jun-2013 2013 
5 5 08-Jun-2014 2014 
5 5 29-Jun-2015 2015 
5 5 15-Jun-2016 2016 
5 5 04-Jun-2017 2017 
5 5 28-May-2018 2018 
5 5 30-Jul-2019 2019 
5 6 25-Apr-2010 2010 
5 6 NaT 2011 
5 6 12-Mar-2012 2012 
5 6 09-Apr-2013 2013 
5 6 12-Apr-2014 2014 
5 6 22-May-2015 2015 
5 6 11-May-2016 2016 
5 6 26-Apr-2017 2017 
5 6 12-Apr-2018 2018 
5 6 06-Apr-2019 2019 
5 7 12-May-2010 2010 
5 7 09-Jul-2011 2011 
5 7 05-Jun-2012 2012 
5 7 29-Jun-2013 2013 
5 7 17-May-2014 2014 
5 7 25-Mar-2015 2015 
5 7 24-Jun-2016 2016 
5 7 19-Jul-2017 2017 
5 7 14-May-2018 2018 
5 7 NaT 2019 
5 8 NaT 2010 
5 8 NaT 2011 
5 8 NaT 2012 
5 8 08-Jun-2012 2013 
5 8 NaT 2014 
5 8 12-Jul-2014 2015 
5 8 04-Jun-2015 2016 
5 8 12-May-2016 2017 
5 8 09-Jun-2017 2018 
5 8 20-Jul-2018 2019 
5 8 19-Apr-2019 2020 
5 9 NaT 2012 
5 9 07-Jun-2012 2013 
5 9 NaT 2014 
5 9 14-Aug-2014 2015 
5 9 31-Aug-2015 2016 
5 9 06-Jun-2016 2017 
5 9 NaT 2018 
5 9 NaT 2019 
5 9 12-Sep-2019 2020 
5 10 NaT 2011 
5 10 28-Jul-2011 2012 
5 10 NaT 2013 
5 10 19-May-2013 2014 
5 10 NaT 2015 
5 10 07-Sep-2015 2016 
5 10 04-Jun-2016 2017 
5 10 08-Jun-2017 2018 
5 10 22-Oct-2018 2019 
5 11 NaT 2012 
5 11 NaT 2013 
5 11 16-Apr-2013 2014 
5 11 28-May-2014 2015 
5 11 NaT 2016 
5 11 05-Jun-2016 2017 
5 11 NaT 2018 
5 11 18-Jul-2018 2019 
5 11 02-Aug-2019 2020 
5 12 NaT 2011 
5 12 31-Aug-2011 2012 
5 12 06-Jul-2012 2013 
5 12 17-Jun-2013 2014 
5 12 19-Aug-2014 2015 
5 12 30-Jun-2015 2016 
5 12 NaT 2017 
5 12 16-Jun-2017 2018 
5 12 02-Sep-2018 2019 
5 12 24-Aug-2019 2020 
5 13 NaT 2010 
5 13 NaT 2011 
5 13 24-Mar-2012 2012 
5 13 26-Oct-2012 2013 
5 13 NaT 2014 
5 13 12-Apr-2015 2015 
5 13 20-Mar-2016 2016 
5 13 05-Apr-2017 2017 
5 13 06-Apr-2018 2018 
5 13 NaT 2019 
5 14 NaT 2012 
5 14 13-Aug-2012 2013 
5 14 07-Jul-2013 2014 
5 14 09-Jul-2014 2015 
5 14 25-Jun-2015 2016 
5 14 NaT 2017 
5 14 28-Jul-2017 2018 
5 14 05-Sep-2018 2019 
5 14 NaT 2020 
5 15 NaT 2011 
5 15 24-Apr-2012 2012 
5 15 08-Mar-2013 2013 
5 15 18-May-2014 2014 
5 15 10-Mar-2015 2015 
5 15 18-Jul-2016 2016 
5 15 01-Jun-2017 2017 
5 15 04-May-2018 2018 
5 15 14-Jul-2019 2019 
5 16 16-May-2010 2010 
5 16 22-Aug-2011 2011 
5 16 07-May-2012 2012 
5 16 31-Mar-2013 2013 
5 16 NaT 2014 
5 16 03-Apr-2015 2015 
5 16 NaT 2016 
5 16 01-May-2017 2017 
5 16 30-May-2018 2018 
5 16 05-Sep-2019 2019 
5 17 NaT 2010 
5 17 NaT 2011 
5 17 NaT 2012 
5 17 08-Mar-2013 2013 
5 17 21-Mar-2014 2014 
5 17 NaT 2015 
5 17 02-Mar-2016 2016 
5 17 21-Feb-2017 2017 
5 17 NaT 2018 
5 17 30-Jan-2019 2019 
5 18 30-Aug-2010 2011 
5 18 13-Jun-2011 2012 
5 18 02-Jun-2012 2013 
5 18 15-Jun-2013 2014 
5 18 14-Jul-2014 2015 
5 18 30-Jun-2015 2016 
5 18 23-Jun-2016 2017 
5 18 04-Jun-2017 2018 
5 18 11-Jun-2018 2019 
5 18 09-Aug-2019 2020 
5 19 NaT 2010 
5 19 15-May-2011 2011 
5 19 12-Apr-2012 2012 
5 19 01-Apr-2013 2013 
5 19 NaT 2014 
5 19 NaT 2015 
5 19 23-Mar-2016 2016 
5 19 NaT 2017 
5 19 05-Dec-2017 2018 
5 19 11-Mar-2019 2019 
5 20 NaT 2011 
5 20 10-Jul-2012 2012 
5 20 23-Apr-2013 2013 
5 20 03-Jun-2014 2014 
5 20 15-Jul-2015 2015 
5 20 26-Jun-2016 2016 
5 20 14-Aug-2017 2017 
5 20 NaT 2018 
5 20 06-Aug-2019 2019 
5 21 NaT 2012 
5 21 04-Apr-2012 2013 
5 21 09-Jun-2013 2014 
5 21 12-Apr-2014 2015 
5 21 03-Apr-2015 2016 
5 21 16-Sep-2016 2017 
5 21 11-Jun-2017 2018 
5 21 10-Jul-2018 2019 
5 21 30-Jul-2019 2020 
5 22 NaT 2010 
5 22 NaT 2011 
5 22 NaT 2012 
5 22 25-Apr-2012 2013 
5 22 NaT 2014 
5 22 NaT 2015 
5 22 28-Jun-2015 2016 
5 22 NaT 2017 
5 22 NaT 2018 
5 22 26-May-2018 2019 
5 22 04-Aug-2019 2020 
5 23 NaT 2010 
5 23 28-Jul-2010 2011 
5 23 17-Jul-2011 2012 
5 23 24-Aug-2012 2013 
5 23 13-May-2013 2014 
5 23 20-Jun-2014 2015 
5 23 23-Jun-2015 2016 
5 23 10-Jul-2016 2017 
5 23 10-Jul-2017 2018 
5 23 31-Jul-2018 2019 
5 23 04-Jul-2019 2020 
5 24 NaT 2010 
5 24 NaT 2011 
5 24 23-May-2012 2012 
5 24 NaT 2013 
5 24 14-Mar-2014 2014 
5 24 05-Jun-2015 2015 
5 24 12-Mar-2016 2016 
5 24 04-May-2017 2017 
5 24 NaT 2018 
5 24 01-May-2019 2019 
5 25 NaT 2012 
5 25 21-Jun-2012 2013 
5 25 18-Jun-2013 2014 
5 25 07-Aug-2014 2015 
5 25 NaT 2016 
5 25 06-Jun-2016 2017 
5 25 30-Jun-2017 2018 
5 25 11-Jun-2018 2019 
5 25 23-Jul-2019 2020 
5 26 NaT 2010 
5 26 05-Feb-2011 2011 
5 26 01-Mar-2012 2012 
5 26 30-Mar-2013 2013 
5 26 NaT 2014 
5 26 05-Jun-2015 2015 
5 26 20-Feb-2016 2016 
5 26 06-Mar-2017 2017 
5 26 30-Mar-2018 2018 
5 26 01-Apr-2019 2019 
5 27 NaT 2011 
5 27 31-Jul-2011 2012 
5 27 NaT 2013 
5 27 NaT 2014 
5 27 NaT 2015 
5 27 24-Apr-2015 2016 
5 27 25-Aug-2016 2017 
5 27 17-May-2017 2018 
5 27 17-Jul-2018 2019 
5 28 NaT 2011 
5 28 20-Jul-2011 2012 
5 28 NaT 2013 
5 28 31-Oct-2013 2014 
5 28 11-Apr-2014 2015 
5 28 09-May-2015 2016 
5 28 20-Mar-2016 2017 
5 28 20-May-2017 2018 
5 28 07-Jul-2018 2019 
5 29 NaT 2011 
5 29 28-Apr-2012 2012 
5 29 NaT 2013 
5 29 04-Jun-2014 2014 
5 29 11-Apr-2015 2015 
5 29 11-Aug-2016 2016 
5 29 28-Apr-2017 2017 
5 29 NaT 2018 
5 29 01-Apr-2019 2019 
10 1 NaT 2010 
10 1 05-May-2010 2011 
10 1 13-Aug-2011 2012 
10 1 14-Jul-2012 2013 
10 1 06-Jun-2013 2014 
10 1 30-Jun-2014 2015 
10 1 27-Jun-2015 2016 
10 1 26-Jun-2016 2017 
10 1 18-Jun-2017 2018 
10 1 26-Jul-2018 2019 
10 1 21-Jul-2019 2020 
