5.080000e+00 1 0.028078 
5.080000e+00 2 0.017836 
5.080000e+00 3 0.048135 
5.080000e+00 4 0.006357 
5.080000e+00 5 0.008248 
5.080000e+00 9 0.026209 
5.080000e+00 10 0.100097 
5.080000e+00 11 0.065859 
5.080000e+00 12 0.070566 
5.080000e+00 13 0.064907 
5.080000e+00 14 0.022654 
5.080000e+00 15 0.015217 
5.080000e+00 17 0.043471 
5.080000e+00 19 0.057284 
5.080000e+00 21 0.061899 
5.080000e+00 22 0.103868 
5.080000e+00 24 0.030188 
5.080000e+00 25 0.053937 
5.080000e+00 26 0.060191 
5.080000e+00 27 0.085525 
5.080000e+00 28 0.061506 
5.080000e+00 29 0.103758 
5.080000e+00 30 0.062942 
5.080000e+00 31 0.080002 
5.080000e+00 33 0.018917 
5.080000e+00 35 0.051009 
5.080000e+00 36 0.083313 
5.080000e+00 37 0.033433 
5.080000e+00 38 0.033433 
5.080000e+00 39 0.033433 
5.080000e+00 40 0.025180 
5.080000e+00 41 0.050969 
5.080000e+00 42 0.021855 
5.080000e+00 44 0.041566 
5.080000e+00 46 0.008687 
5.080000e+00 47 0.016061 
5.080000e+00 48 0.028179 
5.080000e+00 49 0.089251 
5.080000e+00 50 0.094738 
5.080000e+00 51 0.067547 
5.080000e+00 52 0.024288 
5.080000e+00 53 0.048536 
5.080000e+00 54 0.028732 
5.080000e+00 55 0.085773 
5.080000e+00 56 0.067514 
5.080000e+00 57 0.056412 
5.080000e+00 58 0.075227 
5.080000e+00 59 0.061235 
5.080000e+00 60 0.077505 
5.080000e+00 61 0.082659 
5.080000e+00 62 0.018659 
5.080000e+00 63 0.028017 
5.080000e+00 65 0.073833 
5.080000e+00 66 0.088934 
5.080000e+00 67 0.038804 
5.080000e+00 68 0.088218 
5.080000e+00 69 0.022072 
5.080000e+00 71 0.112251 
5.080000e+00 72 0.112302 
5.080000e+00 76 0.011841 
5.080000e+00 77 0.042957 
5.080000e+00 78 0.019177 
5.080000e+00 79 0.029924 
5.080000e+00 80 0.052917 
5.080000e+00 81 0.046818 
5.080000e+00 82 0.069014 
5.080000e+00 83 0.042199 
5.080000e+00 84 0.052088 
5.080000e+00 85 0.036999 
5.080000e+00 86 0.031120 
5.080000e+00 87 0.070112 
5.080000e+00 88 0.044977 
5.080000e+00 89 0.053021 
5.080000e+00 90 0.021784 
5.080000e+00 91 0.008363 
10 1 0.043332 
10 1 0.043332 
5.080000e+00 1 0.028078 
5.080000e+00 2 0.017836 
5.080000e+00 3 0.048135 
5.080000e+00 4 0.006357 
5.080000e+00 5 0.008248 
5.080000e+00 9 0.026209 
5.080000e+00 10 0.100097 
5.080000e+00 11 0.065859 
5.080000e+00 12 0.070566 
5.080000e+00 13 0.064907 
5.080000e+00 14 0.022654 
5.080000e+00 15 0.015217 
5.080000e+00 17 0.043471 
5.080000e+00 19 0.057284 
5.080000e+00 21 0.061899 
5.080000e+00 22 0.103868 
5.080000e+00 24 0.030188 
5.080000e+00 25 0.053937 
5.080000e+00 26 0.060191 
5.080000e+00 27 0.085525 
5.080000e+00 28 0.061506 
5.080000e+00 29 0.103758 
5.080000e+00 30 0.062942 
5.080000e+00 31 0.080002 
5.080000e+00 33 0.018917 
5.080000e+00 35 0.051009 
5.080000e+00 36 0.083313 
5.080000e+00 37 0.033433 
5.080000e+00 38 0.033433 
5.080000e+00 39 0.033433 
5.080000e+00 40 0.025180 
5.080000e+00 41 0.050969 
5.080000e+00 42 0.021855 
5.080000e+00 44 0.041566 
5.080000e+00 46 0.008687 
5.080000e+00 47 0.016061 
5.080000e+00 48 0.028179 
5.080000e+00 49 0.089251 
5.080000e+00 50 0.094738 
5.080000e+00 51 0.067547 
5.080000e+00 52 0.024288 
5.080000e+00 53 0.048536 
5.080000e+00 54 0.028732 
5.080000e+00 55 0.085773 
5.080000e+00 56 0.067514 
5.080000e+00 57 0.056412 
5.080000e+00 58 0.075227 
5.080000e+00 59 0.061235 
5.080000e+00 60 0.077505 
5.080000e+00 61 0.082659 
5.080000e+00 62 0.018659 
5.080000e+00 63 0.028017 
5.080000e+00 65 0.073833 
5.080000e+00 66 0.088934 
5.080000e+00 67 0.038804 
5.080000e+00 68 0.088218 
5.080000e+00 69 0.022072 
5.080000e+00 71 0.112251 
5.080000e+00 72 0.112302 
5.080000e+00 76 0.011841 
5.080000e+00 77 0.042957 
5.080000e+00 78 0.019177 
5.080000e+00 79 0.029924 
5.080000e+00 80 0.052917 
5.080000e+00 81 0.046818 
5.080000e+00 82 0.069014 
5.080000e+00 83 0.042199 
5.080000e+00 84 0.052088 
5.080000e+00 85 0.036999 
5.080000e+00 86 0.031120 
5.080000e+00 87 0.070112 
5.080000e+00 88 0.044977 
5.080000e+00 89 0.053021 
5.080000e+00 90 0.021784 
5.080000e+00 91 0.008363 
10 1 0.043332 
