5.080000e+00 1 0.029086 
5.080000e+00 2 0.016497 
5.080000e+00 3 0.065746 
5.080000e+00 4 0.013138 
5.080000e+00 5 0.050038 
5.080000e+00 9 0.041190 
5.080000e+00 10 0.034969 
5.080000e+00 11 0.057900 
5.080000e+00 12 0.039728 
5.080000e+00 13 0.018105 
5.080000e+00 14 0.031887 
5.080000e+00 15 0.005013 
5.080000e+00 17 0.025083 
5.080000e+00 19 0.058009 
5.080000e+00 21 0.040700 
5.080000e+00 22 0.047552 
5.080000e+00 24 0.008065 
5.080000e+00 25 0.047348 
5.080000e+00 26 0.043582 
5.080000e+00 27 0.038311 
5.080000e+00 28 0.028920 
5.080000e+00 29 0.061855 
5.080000e+00 30 0.013450 
5.080000e+00 31 0.054271 
5.080000e+00 33 0.042979 
5.080000e+00 35 0.027106 
5.080000e+00 36 0.056504 
5.080000e+00 37 0.006233 
5.080000e+00 38 0.014751 
5.080000e+00 39 0.019604 
5.080000e+00 40 0.030727 
5.080000e+00 41 0.057036 
5.080000e+00 42 0.039765 
5.080000e+00 44 0.032667 
5.080000e+00 46 0.010059 
5.080000e+00 47 0.007152 
5.080000e+00 48 0.018634 
5.080000e+00 49 0.071461 
5.080000e+00 50 0.067682 
5.080000e+00 51 0.008854 
5.080000e+00 52 0.021771 
5.080000e+00 53 0.090347 
5.080000e+00 54 0.071122 
5.080000e+00 55 0.049240 
5.080000e+00 56 0.019225 
5.080000e+00 57 0.046052 
5.080000e+00 58 0.077368 
5.080000e+00 59 0.039554 
5.080000e+00 60 0.097483 
5.080000e+00 61 0.032507 
5.080000e+00 62 0.030504 
5.080000e+00 63 0.016380 
5.080000e+00 65 0.023012 
5.080000e+00 66 0.040073 
5.080000e+00 67 0.034979 
5.080000e+00 68 0.048437 
5.080000e+00 69 0.011148 
5.080000e+00 71 0.100277 
5.080000e+00 72 0.099198 
5.080000e+00 76 0.021843 
5.080000e+00 77 0.013290 
5.080000e+00 78 0.013503 
5.080000e+00 79 0.006430 
5.080000e+00 80 0.031933 
5.080000e+00 81 0.002766 
5.080000e+00 82 0.036360 
5.080000e+00 83 0.012598 
5.080000e+00 84 0.068537 
5.080000e+00 85 0.059415 
5.080000e+00 86 0.058987 
5.080000e+00 87 0.039558 
5.080000e+00 88 0.010458 
5.080000e+00 89 0.038276 
5.080000e+00 90 0.009248 
5.080000e+00 91 0.005237 
10 1 0.029205 
