5.080000e+00,1,NaN,NaN
5.080000e+00,1,0.194731,247
5.080000e+00,1,NaN,NaN
5.080000e+00,2,NaN,NaN
5.080000e+00,2,0.318226,207
5.080000e+00,2,0.452337,159
5.080000e+00,2,0.406485,256
5.080000e+00,2,NaN,NaN
5.080000e+00,2,0.491495,242
5.080000e+00,2,0.281932,237
5.080000e+00,2,0.354322,200
5.080000e+00,2,0.310366,196
5.080000e+00,2,NaN,NaN
5.080000e+00,2,0.324768,219
5.080000e+00,2,0.322378,239
5.080000e+00,2,NaN,NaN
5.080000e+00,3,0.417001,102
5.080000e+00,3,0.364078,209
5.080000e+00,3,NaN,NaN
5.080000e+00,4,NaN,NaN
5.080000e+00,4,NaN,NaN
5.080000e+00,4,0.070920,227
5.080000e+00,4,NaN,NaN
5.080000e+00,4,NaN,NaN
5.080000e+00,4,0.423826,176
5.080000e+00,4,0.421194,160
5.080000e+00,4,0.263579,197
5.080000e+00,4,0.652460,208
5.080000e+00,4,0.016229,146
5.080000e+00,4,NaN,NaN
5.080000e+00,5,NaN,NaN
5.080000e+00,5,0.090021,164
5.080000e+00,5,0.096441,133
5.080000e+00,5,0.212372,151
5.080000e+00,5,NaN,NaN
5.080000e+00,9,NaN,NaN
5.080000e+00,9,0.276735,122
5.080000e+00,9,0.098621,207
5.080000e+00,9,0.001221,257
5.080000e+00,9,NaN,NaN
5.080000e+00,10,NaN,NaN
5.080000e+00,10,0.632842,205
5.080000e+00,10,0.322301,191
5.080000e+00,10,0.562954,224
5.080000e+00,10,0.693268,213
5.080000e+00,10,1.138743,257
5.080000e+00,10,NaN,NaN
5.080000e+00,11,NaN,NaN
5.080000e+00,11,NaN,NaN
5.080000e+00,12,NaN,NaN
5.080000e+00,12,NaN,NaN
5.080000e+00,12,0.291416,136
5.080000e+00,12,0.466779,230
5.080000e+00,12,NaN,NaN
5.080000e+00,13,NaN,NaN
5.080000e+00,14,NaN,NaN
5.080000e+00,15,NaN,NaN
5.080000e+00,15,NaN,NaN
5.080000e+00,15,0.300600,222
5.080000e+00,15,NaN,NaN
5.080000e+00,15,0.294603,213
5.080000e+00,15,0.153266,134
5.080000e+00,15,0.166327,137
5.080000e+00,15,0.061909,165
5.080000e+00,15,NaN,NaN
5.080000e+00,17,NaN,NaN
5.080000e+00,17,NaN,NaN
5.080000e+00,19,NaN,NaN
5.080000e+00,21,NaN,NaN
5.080000e+00,22,NaN,NaN
5.080000e+00,22,0.663060,257
5.080000e+00,22,0.436244,216
5.080000e+00,22,0.235420,214
5.080000e+00,22,0.254159,184
5.080000e+00,22,0.201102,205
5.080000e+00,22,0.292478,232
5.080000e+00,22,NaN,NaN
5.080000e+00,24,NaN,NaN
5.080000e+00,24,0.000142,247
5.080000e+00,24,0.218325,244
5.080000e+00,24,NaN,NaN
5.080000e+00,24,NaN,NaN
5.080000e+00,24,0.057797,151
5.080000e+00,24,NaN,NaN
5.080000e+00,25,NaN,NaN
5.080000e+00,26,NaN,NaN
5.080000e+00,27,NaN,NaN
5.080000e+00,28,NaN,NaN
5.080000e+00,28,0.190513,125
5.080000e+00,28,0.273647,230
5.080000e+00,28,NaN,NaN
5.080000e+00,28,0.339129,257
5.080000e+00,28,0.161341,196
5.080000e+00,28,0.415130,257
5.080000e+00,28,NaN,NaN
5.080000e+00,29,NaN,NaN
5.080000e+00,30,NaN,NaN
5.080000e+00,30,0.231824,245
5.080000e+00,30,0.089298,237
5.080000e+00,30,NaN,NaN
5.080000e+00,31,NaN,NaN
5.080000e+00,33,NaN,NaN
5.080000e+00,35,NaN,NaN
5.080000e+00,35,0.296364,145
5.080000e+00,35,NaN,NaN
5.080000e+00,35,0.415707,165
5.080000e+00,35,0.184971,109
5.080000e+00,35,NaN,NaN
5.080000e+00,35,NaN,NaN
5.080000e+00,35,0.183312,111
5.080000e+00,35,NaN,NaN
5.080000e+00,35,0.316402,202
5.080000e+00,35,NaN,NaN
5.080000e+00,36,NaN,NaN
5.080000e+00,36,0.710177,258
5.080000e+00,36,0.780225,237
5.080000e+00,36,NaN,NaN
5.080000e+00,36,0.045657,139
5.080000e+00,36,NaN,NaN
5.080000e+00,36,0.580534,238
5.080000e+00,36,0.497093,241
5.080000e+00,36,NaN,NaN
5.080000e+00,37,NaN,NaN
5.080000e+00,37,NaN,NaN
5.080000e+00,37,0.047247,148
5.080000e+00,37,NaN,NaN
5.080000e+00,37,0.129102,225
5.080000e+00,37,0.080995,231
5.080000e+00,37,0.079659,223
5.080000e+00,37,0.062986,194
5.080000e+00,37,NaN,NaN
5.080000e+00,38,NaN,NaN
5.080000e+00,38,0.231447,176
5.080000e+00,38,0.107756,164
5.080000e+00,38,NaN,NaN
5.080000e+00,39,NaN,NaN
5.080000e+00,39,0.180477,210
5.080000e+00,39,0.216379,238
5.080000e+00,39,NaN,NaN
5.080000e+00,39,0.588692,252
5.080000e+00,39,0.486577,214
5.080000e+00,39,0.227029,209
5.080000e+00,39,0.152102,204
5.080000e+00,39,NaN,NaN
5.080000e+00,40,NaN,NaN
5.080000e+00,40,0.497830,227
5.080000e+00,40,0.125826,153
5.080000e+00,40,0.259461,180
5.080000e+00,40,0.207568,177
5.080000e+00,40,NaN,NaN
5.080000e+00,41,NaN,NaN
5.080000e+00,42,NaN,NaN
5.080000e+00,42,0.617551,222
5.080000e+00,42,0.177373,145
5.080000e+00,42,0.431940,175
5.080000e+00,42,0.414627,170
5.080000e+00,42,NaN,NaN
5.080000e+00,44,NaN,NaN
5.080000e+00,44,0.228812,165
5.080000e+00,44,0.192620,148
5.080000e+00,44,0.327044,187
5.080000e+00,44,0.144561,198
5.080000e+00,44,0.128979,176
5.080000e+00,44,NaN,NaN
5.080000e+00,46,NaN,NaN
5.080000e+00,47,NaN,NaN
5.080000e+00,47,NaN,NaN
5.080000e+00,47,NaN,NaN
5.080000e+00,47,0.428107,245
5.080000e+00,47,0.676969,251
5.080000e+00,47,NaN,NaN
5.080000e+00,48,NaN,NaN
5.080000e+00,49,NaN,NaN
5.080000e+00,50,NaN,NaN
5.080000e+00,51,NaN,NaN
5.080000e+00,51,0.168511,190
5.080000e+00,51,NaN,NaN
5.080000e+00,51,NaN,NaN
5.080000e+00,51,NaN,NaN
5.080000e+00,52,NaN,NaN
5.080000e+00,52,0.344323,239
5.080000e+00,52,0.354444,246
5.080000e+00,52,NaN,NaN
5.080000e+00,52,NaN,NaN
5.080000e+00,52,0.386370,241
5.080000e+00,52,0.352645,232
5.080000e+00,52,0.070573,153
5.080000e+00,52,NaN,NaN
5.080000e+00,53,0.458390,104
5.080000e+00,54,NaN,NaN
5.080000e+00,55,NaN,NaN
5.080000e+00,55,NaN,NaN
5.080000e+00,56,NaN,NaN
5.080000e+00,56,NaN,NaN
5.080000e+00,56,0.184738,258
5.080000e+00,56,0.059024,205
5.080000e+00,56,NaN,NaN
5.080000e+00,56,NaN,NaN
5.080000e+00,56,NaN,NaN
5.080000e+00,57,NaN,NaN
5.080000e+00,57,0.302107,109
5.080000e+00,57,0.676625,250
5.080000e+00,57,0.168876,141
5.080000e+00,57,0.540715,241
5.080000e+00,57,0.250345,193
5.080000e+00,57,NaN,NaN
5.080000e+00,57,0.423400,249
5.080000e+00,57,0.550016,217
5.080000e+00,57,0.180283,164
5.080000e+00,57,0.108079,117
5.080000e+00,57,NaN,NaN
5.080000e+00,58,NaN,NaN
5.080000e+00,58,0.790216,257
5.080000e+00,58,0.623351,192
5.080000e+00,58,0.339902,190
5.080000e+00,58,1.133341,239
5.080000e+00,58,0.364078,211
5.080000e+00,58,0.739679,187
5.080000e+00,58,0.164962,158
5.080000e+00,58,NaN,NaN
5.080000e+00,59,NaN,NaN
5.080000e+00,59,0.326936,127
5.080000e+00,59,0.746522,257
5.080000e+00,59,0.753212,221
5.080000e+00,59,0.671510,241
5.080000e+00,59,0.604647,193
5.080000e+00,59,0.492551,242
5.080000e+00,59,0.590803,229
5.080000e+00,59,0.850531,254
5.080000e+00,59,NaN,NaN
5.080000e+00,60,NaN,NaN
5.080000e+00,61,NaN,NaN
5.080000e+00,62,NaN,NaN
5.080000e+00,62,0.104677,144
5.080000e+00,62,0.206343,175
5.080000e+00,62,0.674217,254
5.080000e+00,62,0.198689,246
5.080000e+00,62,NaN,NaN
5.080000e+00,63,NaN,NaN
5.080000e+00,63,0.091915,132
5.080000e+00,63,0.086749,164
5.080000e+00,63,0.082467,128
5.080000e+00,63,NaN,NaN
5.080000e+00,65,NaN,NaN
5.080000e+00,65,NaN,NaN
5.080000e+00,65,0.331495,214
5.080000e+00,65,NaN,NaN
5.080000e+00,65,NaN,NaN
5.080000e+00,65,NaN,NaN
5.080000e+00,66,NaN,NaN
5.080000e+00,66,0.131484,255
5.080000e+00,66,0.109533,203
5.080000e+00,66,0.143744,162
5.080000e+00,66,0.197973,174
5.080000e+00,66,0.185370,243
5.080000e+00,66,0.166421,198
5.080000e+00,66,0.265857,240
5.080000e+00,66,0.095291,227
5.080000e+00,66,NaN,NaN
5.080000e+00,67,NaN,NaN
5.080000e+00,67,0.145158,121
5.080000e+00,67,0.074069,184
5.080000e+00,67,0.028711,151
5.080000e+00,67,0.160200,164
5.080000e+00,67,0.089647,229
5.080000e+00,67,NaN,NaN
5.080000e+00,67,0.237952,251
5.080000e+00,67,0.070323,124
5.080000e+00,67,0.167332,195
5.080000e+00,67,0.136974,159
5.080000e+00,67,NaN,NaN
5.080000e+00,68,NaN,NaN
5.080000e+00,68,0.038070,122
5.080000e+00,68,0.363784,257
5.080000e+00,68,0.382145,238
5.080000e+00,68,0.256414,208
5.080000e+00,68,NaN,NaN
5.080000e+00,69,NaN,NaN
5.080000e+00,69,0.176150,141
5.080000e+00,69,0.332134,232
5.080000e+00,69,0.457486,228
5.080000e+00,69,NaN,NaN
5.080000e+00,71,NaN,NaN
5.080000e+00,72,NaN,NaN
5.080000e+00,76,NaN,NaN
5.080000e+00,77,NaN,NaN
5.080000e+00,77,0.056535,258
5.080000e+00,77,0.061922,167
5.080000e+00,77,0.038994,143
5.080000e+00,77,0.130005,244
5.080000e+00,77,NaN,NaN
5.080000e+00,77,0.071250,221
5.080000e+00,77,0.130407,251
5.080000e+00,77,NaN,NaN
5.080000e+00,78,NaN,NaN
5.080000e+00,78,0.198055,191
5.080000e+00,78,0.161520,218
5.080000e+00,78,0.252967,200
5.080000e+00,78,0.263743,214
5.080000e+00,78,0.228547,194
5.080000e+00,78,0.175719,188
5.080000e+00,78,0.054513,193
5.080000e+00,78,NaN,NaN
5.080000e+00,79,NaN,NaN
5.080000e+00,79,0.043740,193
5.080000e+00,79,0.106396,225
5.080000e+00,79,0.135669,201
5.080000e+00,79,0.066675,178
5.080000e+00,79,NaN,NaN
5.080000e+00,80,NaN,NaN
5.080000e+00,81,NaN,NaN
5.080000e+00,82,NaN,NaN
5.080000e+00,83,NaN,NaN
5.080000e+00,83,0.111281,254
5.080000e+00,83,NaN,NaN
5.080000e+00,83,NaN,NaN
5.080000e+00,83,0.176433,224
5.080000e+00,83,0.020613,124
5.080000e+00,83,NaN,NaN
5.080000e+00,83,0.065707,179
5.080000e+00,83,NaN,NaN
5.080000e+00,83,NaN,NaN
5.080000e+00,84,NaN,NaN
5.080000e+00,85,NaN,NaN
5.080000e+00,86,NaN,NaN
5.080000e+00,87,NaN,NaN
5.080000e+00,88,NaN,NaN
5.080000e+00,88,0.172255,258
5.080000e+00,88,0.033664,247
5.080000e+00,88,NaN,NaN
5.080000e+00,88,NaN,NaN
5.080000e+00,88,0.075022,132
5.080000e+00,88,NaN,NaN
5.080000e+00,88,0.107713,236
5.080000e+00,88,0.009845,104
5.080000e+00,88,NaN,NaN
5.080000e+00,89,NaN,NaN
5.080000e+00,89,0.314974,154
5.080000e+00,89,0.181488,137
5.080000e+00,89,0.946867,223
5.080000e+00,89,0.208002,188
5.080000e+00,89,0.586332,207
5.080000e+00,89,0.244995,147
5.080000e+00,89,0.694839,256
5.080000e+00,89,0.868864,246
5.080000e+00,89,NaN,NaN
5.080000e+00,89,0.374788,223
5.080000e+00,89,0.819669,150
5.080000e+00,89,0.165894,119
5.080000e+00,89,NaN,NaN
5.080000e+00,90,NaN,NaN
5.080000e+00,90,0.195399,171
5.080000e+00,90,0.261175,151
5.080000e+00,90,0.034834,150
5.080000e+00,90,0.052893,152
5.080000e+00,90,NaN,NaN
5.080000e+00,90,0.237762,185
5.080000e+00,90,NaN,NaN
5.080000e+00,90,0.216206,234
5.080000e+00,90,NaN,NaN
5.080000e+00,90,NaN,NaN
5.080000e+00,90,0.151514,194
5.080000e+00,90,0.049323,205
5.080000e+00,90,0.000007,149
5.080000e+00,90,NaN,NaN
5.080000e+00,90,NaN,NaN
5.080000e+00,91,NaN,NaN
5.080000e+00,91,NaN,NaN
5.080000e+00,91,0.197132,213
5.080000e+00,91,NaN,NaN
5.080000e+00,91,0.112874,153
5.080000e+00,91,NaN,NaN
10,1,NaN,NaN
