depth,sid,value,WY
5.080000,1,0.167821,129
5.080000,1,0.095286,163
5.080000,1,NaN,NaN
5.080000,2,0.139703,134
5.080000,2,0.262717,158
5.080000,2,NaN,NaN
5.080000,2,0.103535,109
5.080000,2,NaN,NaN
5.080000,2,0.110511,228
5.080000,2,0.162596,153
5.080000,2,0.246642,193
5.080000,2,0.147111,246
5.080000,2,0.099678,154
5.080000,2,0.081443,154
5.080000,2,NaN,NaN
5.080000,2,0.232510,265
5.080000,3,1.112438,279
5.080000,3,0.002244,302
5.080000,3,0.258083,158
5.080000,4,0.344086,114
5.080000,4,NaN,NaN
5.080000,4,0.000204,297
5.080000,4,0.000092,116
5.080000,4,NaN,NaN
5.080000,4,0.626503,126
5.080000,4,0.234997,189
5.080000,4,0.616453,222
5.080000,4,0.219147,113
5.080000,4,0.810193,148
5.080000,4,0.336690,119
5.080000,5,0.915787,225
5.080000,5,0.316451,195
5.080000,5,NaN,NaN
5.080000,5,0.242738,126
5.080000,5,0.170430,114
5.080000,9,NaN,NaN
5.080000,9,0.212519,175
5.080000,9,0.030310,162
5.080000,9,NaN,NaN
5.080000,9,0.228232,294
5.080000,10,NaN,NaN
5.080000,10,0.633842,277
5.080000,10,0.367433,198
5.080000,10,0.548018,235
5.080000,10,NaN,NaN
5.080000,10,0.045267,182
5.080000,10,NaN,NaN
5.080000,11,NaN,NaN
5.080000,11,0.055146,179
5.080000,12,NaN,NaN
5.080000,12,0.249244,171
5.080000,12,0.615345,129
5.080000,12,0.991702,208
5.080000,12,0.821983,240
5.080000,13,NaN,NaN
5.080000,14,NaN,NaN
5.080000,15,NaN,NaN
5.080000,15,0.138359,238
5.080000,15,0.126847,147
5.080000,15,0.191095,132
5.080000,15,0.120118,210
5.080000,15,NaN,NaN
5.080000,15,0.092520,291
5.080000,15,NaN,NaN
5.080000,15,0.148800,148
5.080000,17,NaN,NaN
5.080000,17,0.167701,209
5.080000,19,NaN,NaN
5.080000,21,NaN,NaN
5.080000,22,NaN,NaN
5.080000,22,0.495382,247
5.080000,22,0.431882,266
5.080000,22,0.259195,256
5.080000,22,0.373075,250
5.080000,22,0.109363,171
5.080000,22,0.138967,175
5.080000,22,NaN,NaN
5.080000,24,0.003780,153
5.080000,24,NaN,NaN
5.080000,24,0.097408,252
5.080000,24,0.091615,174
5.080000,24,0.090362,246
5.080000,24,0.268644,249
5.080000,24,NaN,NaN
5.080000,25,NaN,NaN
5.080000,26,NaN,NaN
5.080000,27,0.190621,177
5.080000,28,NaN,NaN
5.080000,28,0.122109,228
5.080000,28,0.338152,265
5.080000,28,0.225839,181
5.080000,28,0.071430,165
5.080000,28,0.041422,180
5.080000,28,0.398472,256
5.080000,28,NaN,NaN
5.080000,29,NaN,NaN
5.080000,30,NaN,NaN
5.080000,30,0.110832,125
5.080000,30,NaN,NaN
5.080000,30,NaN,NaN
5.080000,31,0.067431,168
5.080000,33,NaN,NaN
5.080000,35,0.167663,107
5.080000,35,0.412599,139
5.080000,35,1.029788,212
5.080000,35,0.901183,172
5.080000,35,0.948590,191
5.080000,35,0.916863,187
5.080000,35,0.827446,198
5.080000,35,0.713987,162
5.080000,35,0.424832,135
5.080000,35,0.165661,121
5.080000,35,0.959254,123
5.080000,36,0.651717,151
5.080000,36,0.615750,185
5.080000,36,1.250145,296
5.080000,36,0.051149,142
5.080000,36,0.000075,301
5.080000,36,NaN,NaN
5.080000,36,0.473269,175
5.080000,36,0.399192,232
5.080000,36,0.840633,242
5.080000,37,0.156892,212
5.080000,37,NaN,NaN
5.080000,37,0.113374,205
5.080000,37,0.022161,152
5.080000,37,0.044348,264
5.080000,37,0.133657,266
5.080000,37,0.033027,214
5.080000,37,0.075763,187
5.080000,37,0.066485,135
5.080000,38,0.479848,223
5.080000,38,0.021821,268
5.080000,38,0.291774,205
5.080000,38,0.097436,199
5.080000,39,0.531985,256
5.080000,39,0.003377,158
5.080000,39,0.090180,223
5.080000,39,0.018489,174
5.080000,39,0.100900,286
5.080000,39,0.225421,194
5.080000,39,0.132191,229
5.080000,39,0.158944,182
5.080000,39,0.211430,161
5.080000,40,NaN,NaN
5.080000,40,0.243015,186
5.080000,40,0.113696,175
5.080000,40,0.310575,277
5.080000,40,0.034579,275
5.080000,40,NaN,NaN
5.080000,41,NaN,NaN
5.080000,42,NaN,NaN
5.080000,42,0.111574,157
5.080000,42,NaN,NaN
5.080000,42,0.342637,190
5.080000,42,0.128859,180
5.080000,42,0.782532,230
5.080000,44,NaN,NaN
5.080000,44,0.162052,144
5.080000,44,0.130957,139
5.080000,44,0.278612,190
5.080000,44,0.185171,141
5.080000,44,0.183700,188
5.080000,44,NaN,NaN
5.080000,46,NaN,NaN
5.080000,47,NaN,NaN
5.080000,47,0.892363,289
5.080000,47,0.299252,146
5.080000,47,0.537744,233
5.080000,47,0.299024,184
5.080000,47,0.270343,165
5.080000,48,NaN,NaN
5.080000,49,0.176981,268
5.080000,50,NaN,NaN
5.080000,51,0.518777,232
5.080000,51,NaN,NaN
5.080000,51,0.176437,100
5.080000,51,0.173357,126
5.080000,51,NaN,NaN
5.080000,52,NaN,NaN
5.080000,52,NaN,NaN
5.080000,52,0.177316,239
5.080000,52,NaN,NaN
5.080000,52,NaN,NaN
5.080000,52,NaN,NaN
5.080000,52,0.095564,278
5.080000,52,0.076700,220
5.080000,52,NaN,NaN
5.080000,53,0.320018,162
5.080000,54,NaN,NaN
5.080000,55,NaN,NaN
5.080000,55,0.075760,178
5.080000,56,NaN,NaN
5.080000,56,0.036646,144
5.080000,56,0.054097,241
5.080000,56,NaN,NaN
5.080000,56,0.079365,158
5.080000,56,0.164275,183
5.080000,56,0.243291,181
5.080000,57,NaN,NaN
5.080000,57,0.535754,208
5.080000,57,0.373429,278
5.080000,57,0.410854,222
5.080000,57,NaN,NaN
5.080000,57,NaN,NaN
5.080000,57,0.221436,209
5.080000,57,0.363638,138
5.080000,57,0.531622,240
5.080000,57,0.415948,198
5.080000,57,NaN,NaN
5.080000,57,0.176921,119
5.080000,58,NaN,NaN
5.080000,58,0.930802,279
5.080000,58,0.198162,282
5.080000,58,0.312860,228
5.080000,58,0.882739,266
5.080000,58,0.258111,188
5.080000,58,0.087629,198
5.080000,58,0.146920,115
5.080000,58,0.189139,214
5.080000,59,NaN,NaN
5.080000,59,0.627548,213
5.080000,59,0.816012,140
5.080000,59,0.977471,199
5.080000,59,0.529370,131
5.080000,59,0.136115,141
5.080000,59,0.858956,215
5.080000,59,0.603284,154
5.080000,59,0.995893,220
5.080000,59,0.414391,152
5.080000,60,NaN,NaN
5.080000,61,NaN,NaN
5.080000,62,NaN,NaN
5.080000,62,0.488726,161
5.080000,62,0.516758,229
5.080000,62,0.214161,231
5.080000,62,0.363203,169
5.080000,62,0.335356,110
5.080000,63,NaN,NaN
5.080000,63,0.254452,153
5.080000,63,0.098877,178
5.080000,63,0.140854,131
5.080000,63,NaN,NaN
5.080000,65,0.226954,168
5.080000,65,0.089068,168
5.080000,65,0.225669,191
5.080000,65,NaN,NaN
5.080000,65,NaN,NaN
5.080000,65,0.190330,175
5.080000,66,0.248748,189
5.080000,66,NaN,NaN
5.080000,66,0.050757,149
5.080000,66,0.140253,155
5.080000,66,0.118269,192
5.080000,66,0.253552,221
5.080000,66,0.117588,194
5.080000,66,0.108463,247
5.080000,66,0.126255,186
5.080000,66,0.087202,207
5.080000,67,NaN,NaN
5.080000,67,0.086913,160
5.080000,67,0.127452,196
5.080000,67,0.025934,187
5.080000,67,0.090539,222
5.080000,67,NaN,NaN
5.080000,67,0.108951,162
5.080000,67,0.110751,178
5.080000,67,0.048982,156
5.080000,67,0.242324,281
5.080000,67,0.152142,193
5.080000,67,0.387024,234
5.080000,68,NaN,NaN
5.080000,68,0.129733,178
5.080000,68,0.355321,224
5.080000,68,0.450276,271
5.080000,68,0.262548,182
5.080000,68,NaN,NaN
5.080000,69,0.162456,119
5.080000,69,0.346064,137
5.080000,69,0.475740,258
5.080000,69,0.215892,160
5.080000,69,0.324209,221
5.080000,71,NaN,NaN
5.080000,72,NaN,NaN
5.080000,76,NaN,NaN
5.080000,77,NaN,NaN
5.080000,77,0.071085,291
5.080000,77,NaN,NaN
5.080000,77,0.070272,248
5.080000,77,0.075401,239
5.080000,77,0.051911,197
5.080000,77,0.052981,222
5.080000,77,0.049419,158
5.080000,77,0.071427,191
5.080000,78,0.066758,109
5.080000,78,0.079529,275
5.080000,78,0.237108,234
5.080000,78,0.069808,154
5.080000,78,0.079204,287
5.080000,78,0.150667,243
5.080000,78,0.072702,176
5.080000,78,NaN,NaN
5.080000,78,0.057345,291
5.080000,79,0.001473,125
5.080000,79,0.006860,186
5.080000,79,0.053008,274
5.080000,79,0.016750,179
5.080000,79,0.041772,124
5.080000,79,0.015394,200
5.080000,80,NaN,NaN
5.080000,81,NaN,NaN
5.080000,82,0.329770,240
5.080000,83,NaN,NaN
5.080000,83,0.019012,180
5.080000,83,0.008398,166
5.080000,83,NaN,NaN
5.080000,83,0.018631,209
5.080000,83,0.061005,109
5.080000,83,0.079715,159
5.080000,83,NaN,NaN
5.080000,83,NaN,NaN
5.080000,83,0.042344,236
5.080000,84,NaN,NaN
5.080000,85,NaN,NaN
5.080000,86,NaN,NaN
5.080000,87,0.213144,231
5.080000,88,NaN,NaN
5.080000,88,0.067858,196
5.080000,88,NaN,NaN
5.080000,88,0.020003,231
5.080000,88,0.052642,268
5.080000,88,0.095031,170
5.080000,88,0.022634,224
5.080000,88,0.074090,260
5.080000,88,NaN,NaN
5.080000,88,0.128915,228
5.080000,89,NaN,NaN
5.080000,89,0.129313,169
5.080000,89,0.849948,154
5.080000,89,0.363420,193
5.080000,89,0.613016,234
5.080000,89,0.814873,212
5.080000,89,0.484891,163
5.080000,89,0.689615,179
5.080000,89,0.542586,142
5.080000,89,0.320859,110
5.080000,89,0.391605,164
5.080000,89,0.852685,199
5.080000,89,0.652422,206
5.080000,89,1.230065,231
5.080000,90,0.035338,180
5.080000,90,0.030265,152
5.080000,90,0.053083,133
5.080000,90,0.008706,301
5.080000,90,0.038873,144
5.080000,90,0.023546,132
5.080000,90,0.050228,113
5.080000,90,0.029090,190
5.080000,90,0.014032,126
5.080000,90,0.005058,103
5.080000,90,0.021960,290
5.080000,90,0.056557,206
5.080000,90,0.000235,292
5.080000,90,NaN,NaN
5.080000,90,0.000081,230
5.080000,90,0.074796,174
5.080000,91,NaN,NaN
5.080000,91,0.118887,241
5.080000,91,0.130394,166
5.080000,91,0.110186,123
5.080000,91,0.123906,208
5.080000,91,NaN,NaN
10.000000,1,0.067015,199
