5.080000e+00 1 -0.078036 
5.080000e+00 2 1.005213 
5.080000e+00 3 -1.369703 
5.080000e+00 4 1.072378 
5.080000e+00 5 -0.959656 
5.080000e+00 9 -1.045823 
5.080000e+00 10 -1.220753 
5.080000e+00 11 -1.405675 
5.080000e+00 12 -1.193701 
5.080000e+00 13 -1.595836 
5.080000e+00 14 -2.878048 
5.080000e+00 15 1.782401 
5.080000e+00 17 -1.344748 
5.080000e+00 19 -1.143593 
5.080000e+00 21 -1.096200 
5.080000e+00 22 -1.207467 
5.080000e+00 24 -0.575097 
5.080000e+00 25 -1.389180 
5.080000e+00 26 -1.344043 
5.080000e+00 27 -1.205307 
5.080000e+00 28 -1.026181 
5.080000e+00 29 -1.318329 
5.080000e+00 30 -1.112079 
5.080000e+00 31 -1.158203 
5.080000e+00 33 -1.591336 
5.080000e+00 35 -1.382118 
5.080000e+00 36 -1.241351 
5.080000e+00 37 0.742192 
5.080000e+00 38 0.742192 
5.080000e+00 39 0.742192 
5.080000e+00 40 -1.370000 
5.080000e+00 41 -1.111004 
5.080000e+00 42 -1.184869 
5.080000e+00 44 -1.692381 
5.080000e+00 46 2.343826 
5.080000e+00 47 1.950221 
5.080000e+00 48 1.044876 
5.080000e+00 49 -1.167045 
5.080000e+00 50 -1.232862 
5.080000e+00 51 -1.291444 
5.080000e+00 52 -0.452248 
5.080000e+00 53 -1.085784 
5.080000e+00 54 -1.264520 
5.080000e+00 55 -1.248218 
5.080000e+00 56 -1.323333 
5.080000e+00 57 -0.870040 
5.080000e+00 58 -1.086181 
5.080000e+00 59 -1.386413 
5.080000e+00 60 -1.212212 
5.080000e+00 61 -1.315392 
5.080000e+00 62 -1.983814 
5.080000e+00 63 -1.131141 
5.080000e+00 65 -1.199059 
5.080000e+00 66 -1.267993 
5.080000e+00 67 -1.060761 
5.080000e+00 68 -1.282721 
5.080000e+00 69 2.458109 
5.080000e+00 71 -1.271116 
5.080000e+00 72 -1.271491 
5.080000e+00 76 -0.050950 
5.080000e+00 77 -1.019479 
5.080000e+00 78 -0.000274 
5.080000e+00 79 -0.455425 
5.080000e+00 80 -1.663139 
5.080000e+00 81 -1.737281 
5.080000e+00 82 -1.200901 
5.080000e+00 83 -0.846437 
5.080000e+00 84 -1.473677 
5.080000e+00 85 -1.122997 
5.080000e+00 86 -1.223235 
5.080000e+00 87 -1.128625 
5.080000e+00 88 -0.934047 
5.080000e+00 89 -1.342417 
5.080000e+00 90 0.708719 
5.080000e+00 91 1.331642 
10 1 -1.132228 
10 1 -1.132228 
5.080000e+00 1 -0.078036 
5.080000e+00 2 1.005213 
5.080000e+00 3 -1.369703 
5.080000e+00 4 1.072378 
5.080000e+00 5 -0.959656 
5.080000e+00 9 -1.045823 
5.080000e+00 10 -1.220753 
5.080000e+00 11 -1.405675 
5.080000e+00 12 -1.193701 
5.080000e+00 13 -1.595836 
5.080000e+00 14 -2.878048 
5.080000e+00 15 1.782401 
5.080000e+00 17 -1.344748 
5.080000e+00 19 -1.143593 
5.080000e+00 21 -1.096200 
5.080000e+00 22 -1.207467 
5.080000e+00 24 -0.575097 
5.080000e+00 25 -1.389180 
5.080000e+00 26 -1.344043 
5.080000e+00 27 -1.205307 
5.080000e+00 28 -1.026181 
5.080000e+00 29 -1.318329 
5.080000e+00 30 -1.112079 
5.080000e+00 31 -1.158203 
5.080000e+00 33 -1.591336 
5.080000e+00 35 -1.382118 
5.080000e+00 36 -1.241351 
5.080000e+00 37 0.742192 
5.080000e+00 38 0.742192 
5.080000e+00 39 0.742192 
5.080000e+00 40 -1.370000 
5.080000e+00 41 -1.111004 
5.080000e+00 42 -1.184869 
5.080000e+00 44 -1.692381 
5.080000e+00 46 2.343826 
5.080000e+00 47 1.950221 
5.080000e+00 48 1.044876 
5.080000e+00 49 -1.167045 
5.080000e+00 50 -1.232862 
5.080000e+00 51 -1.291444 
5.080000e+00 52 -0.452248 
5.080000e+00 53 -1.085784 
5.080000e+00 54 -1.264520 
5.080000e+00 55 -1.248218 
5.080000e+00 56 -1.323333 
5.080000e+00 57 -0.870040 
5.080000e+00 58 -1.086181 
5.080000e+00 59 -1.386413 
5.080000e+00 60 -1.212212 
5.080000e+00 61 -1.315392 
5.080000e+00 62 -1.983814 
5.080000e+00 63 -1.131141 
5.080000e+00 65 -1.199059 
5.080000e+00 66 -1.267993 
5.080000e+00 67 -1.060761 
5.080000e+00 68 -1.282721 
5.080000e+00 69 2.458109 
5.080000e+00 71 -1.271116 
5.080000e+00 72 -1.271491 
5.080000e+00 76 -0.050950 
5.080000e+00 77 -1.019479 
5.080000e+00 78 -0.000274 
5.080000e+00 79 -0.455425 
5.080000e+00 80 -1.663139 
5.080000e+00 81 -1.737281 
5.080000e+00 82 -1.200901 
5.080000e+00 83 -0.846437 
5.080000e+00 84 -1.473677 
5.080000e+00 85 -1.122997 
5.080000e+00 86 -1.223235 
5.080000e+00 87 -1.128625 
5.080000e+00 88 -0.934047 
5.080000e+00 89 -1.342417 
5.080000e+00 90 0.708719 
5.080000e+00 91 1.331642 
10 1 -1.132228 
