10 1 -1.543156 
10 1 -1.543156 
5.080000e+00 1 -0.356713 
5.080000e+00 2 0.067368 
5.080000e+00 3 -1.555493 
5.080000e+00 4 -1.266014 
5.080000e+00 5 -1.191156 
5.080000e+00 9 -1.350355 
5.080000e+00 10 -1.541275 
5.080000e+00 11 -1.338361 
5.080000e+00 12 -2.633465 
5.080000e+00 13 -1.973176 
5.080000e+00 14 -2.391118 
5.080000e+00 15 1.815396 
5.080000e+00 17 -1.820085 
5.080000e+00 19 0.018974 
5.080000e+00 21 -1.269415 
5.080000e+00 22 -1.374594 
5.080000e+00 24 -0.582867 
5.080000e+00 25 -2.443426 
5.080000e+00 26 -2.151180 
5.080000e+00 27 -1.603224 
5.080000e+00 28 -1.082753 
5.080000e+00 29 -1.453787 
5.080000e+00 30 -0.929124 
5.080000e+00 31 -1.527727 
5.080000e+00 33 -2.953350 
5.080000e+00 35 -2.696200 
5.080000e+00 36 -1.244526 
5.080000e+00 37 0.833303 
5.080000e+00 38 0.563362 
5.080000e+00 39 0.042092 
5.080000e+00 40 -1.378767 
5.080000e+00 41 -0.938791 
5.080000e+00 42 -1.251439 
5.080000e+00 44 -2.823971 
5.080000e+00 46 -1.077340 
5.080000e+00 47 2.987084 
5.080000e+00 48 0.327966 
5.080000e+00 49 -1.247320 
5.080000e+00 50 -1.352917 
5.080000e+00 51 -0.834606 
5.080000e+00 52 -0.492438 
5.080000e+00 53 -1.005573 
5.080000e+00 54 -1.587725 
5.080000e+00 55 -1.471875 
5.080000e+00 56 -1.551963 
5.080000e+00 57 -1.073808 
5.080000e+00 58 -1.548831 
5.080000e+00 59 -2.113107 
5.080000e+00 60 -1.319559 
5.080000e+00 61 -2.323729 
5.080000e+00 62 -2.610385 
5.080000e+00 63 -2.498668 
5.080000e+00 65 -1.576930 
5.080000e+00 66 -1.327275 
5.080000e+00 67 -1.308928 
5.080000e+00 68 -1.951773 
5.080000e+00 69 -2.970929 
5.080000e+00 71 -1.985561 
5.080000e+00 72 -1.960118 
5.080000e+00 76 -1.303763 
5.080000e+00 77 -0.694921 
5.080000e+00 78 0.256315 
5.080000e+00 79 0.013989 
5.080000e+00 80 -3.111312 
5.080000e+00 81 0.466824 
5.080000e+00 82 -1.249426 
5.080000e+00 83 -1.132062 
5.080000e+00 84 -1.572461 
5.080000e+00 85 -1.608421 
5.080000e+00 86 -1.584411 
5.080000e+00 87 -1.495499 
5.080000e+00 88 -1.198222 
5.080000e+00 89 -2.598576 
5.080000e+00 90 0.688187 
5.080000e+00 91 1.955729 
10 1 -1.543156 
