depth,sid,value,WY
5.080000,1,NaN,2001
5.080000,1,207.000000,2001
5.080000,1,NaN,2002
5.080000,1,1.000000,2003
5.080000,2,NaN,2004
5.080000,2,205.000000,2005
5.080000,2,NaN,2006
5.080000,2,97.000000,2007
5.080000,2,NaN,2008
5.080000,2,1.000000,2009
5.080000,2,1.000000,2010
5.080000,2,7.000000,2011
5.080000,2,156.000000,2012
5.080000,2,NaN,2013
5.080000,2,1.000000,2014
5.080000,2,NaN,2015
5.080000,2,NaN,2016
5.080000,2,1.000000,2017
5.080000,2,NaN,2018
5.080000,2,207.000000,2019
5.080000,3,1.000000,2016
5.080000,3,89.000000,2017
5.080000,3,NaN,2018
5.080000,4,NaN,2006
5.080000,4,NaN,2007
5.080000,4,1.000000,2008
5.080000,4,NaN,2009
5.080000,4,NaN,2010
5.080000,4,79.000000,2011
5.080000,4,NaN,2012
5.080000,4,63.000000,2013
5.080000,4,NaN,2014
5.080000,4,2.000000,2015
5.080000,4,NaN,2016
5.080000,4,1.000000,2017
5.080000,5,NaN,2001
5.080000,5,8.000000,2001
5.080000,5,NaN,2002
5.080000,5,2.000000,2003
5.080000,5,NaN,2004
5.080000,5,4.000000,2005
5.080000,9,NaN,2008
5.080000,9,5.000000,2009
5.080000,9,125.000000,2010
5.080000,9,NaN,2011
5.080000,9,NaN,2012
5.080000,9,1.000000,2013
5.080000,9,NaN,2014
5.080000,9,NaN,2015
5.080000,9,11.000000,2016
5.080000,9,17.000000,2017
5.080000,9,167.000000,2018
5.080000,9,NaN,2019
5.080000,9,224.000000,2020
5.080000,10,NaN,2008
5.080000,10,NaN,2009
5.080000,10,NaN,2010
5.080000,10,NaN,2011
5.080000,10,NaN,2012
5.080000,10,NaN,2013
5.080000,10,NaN,2014
5.080000,10,15.000000,2015
5.080000,10,3.000000,2016
5.080000,10,1.000000,2017
5.080000,10,199.000000,2018
5.080000,10,92.000000,2019
5.080000,10,3.000000,2020
5.080000,11,NaN,2015
5.080000,11,NaN,2016
5.080000,11,164.000000,2017
5.080000,11,91.000000,2018
5.080000,11,1.000000,2019
5.080000,11,128.000000,2020
5.080000,12,NaN,2007
5.080000,12,NaN,2008
5.080000,12,13.000000,2009
5.080000,12,NaN,2010
5.080000,12,NaN,2011
5.080000,12,100.000000,2012
5.080000,12,3.000000,2013
5.080000,12,1.000000,2014
5.080000,12,NaN,2015
5.080000,13,NaN,2016
5.080000,13,3.000000,2017
5.080000,13,1.000000,2018
5.080000,13,1.000000,2019
5.080000,14,NaN,2014
5.080000,14,NaN,2015
5.080000,14,NaN,2016
5.080000,14,1.000000,2017
5.080000,14,247.000000,2018
5.080000,14,1.000000,2019
5.080000,14,NaN,2020
5.080000,15,NaN,2005
5.080000,15,NaN,2006
5.080000,15,1.000000,2007
5.080000,15,NaN,2008
5.080000,15,NaN,2009
5.080000,15,NaN,2010
5.080000,15,1.000000,2011
5.080000,15,NaN,2012
5.080000,15,NaN,2013
5.080000,15,1.000000,2014
5.080000,17,NaN,2014
5.080000,17,NaN,2015
5.080000,17,1.000000,2016
5.080000,17,9.000000,2017
5.080000,17,12.000000,2018
5.080000,17,1.000000,2019
5.080000,17,140.000000,2020
5.080000,19,NaN,2013
5.080000,19,13.000000,2014
5.080000,21,NaN,2008
5.080000,21,NaN,2009
5.080000,21,111.000000,2010
5.080000,21,42.000000,2011
5.080000,21,58.000000,2012
5.080000,21,NaN,2013
5.080000,21,NaN,2014
5.080000,21,NaN,2015
5.080000,21,NaN,2016
5.080000,21,NaN,2017
5.080000,21,1.000000,2018
5.080000,21,NaN,2019
5.080000,21,NaN,2020
5.080000,22,NaN,2008
5.080000,22,NaN,2009
5.080000,22,NaN,2010
5.080000,22,NaN,2011
5.080000,22,89.000000,2012
5.080000,22,NaN,2013
5.080000,22,NaN,2014
5.080000,22,NaN,2015
5.080000,22,13.000000,2016
5.080000,22,1.000000,2017
5.080000,22,NaN,2018
5.080000,22,NaN,2019
5.080000,22,NaN,2020
5.080000,24,NaN,2012
5.080000,24,NaN,2013
5.080000,24,1.000000,2014
5.080000,24,NaN,2015
5.080000,24,NaN,2016
5.080000,24,1.000000,2017
5.080000,24,NaN,2018
5.080000,25,NaN,2001
5.080000,25,3.000000,2001
5.080000,25,2.000000,2002
5.080000,25,62.000000,2003
5.080000,25,1.000000,2004
5.080000,26,NaN,2005
5.080000,26,1.000000,2006
5.080000,26,194.000000,2007
5.080000,26,NaN,2008
5.080000,26,NaN,2009
5.080000,26,NaN,2010
5.080000,26,NaN,2011
5.080000,26,1.000000,2012
5.080000,26,59.000000,2013
5.080000,26,NaN,2014
5.080000,26,NaN,2015
5.080000,26,NaN,2016
5.080000,26,NaN,2017
5.080000,26,2.000000,2018
5.080000,26,1.000000,2019
5.080000,27,NaN,2011
5.080000,27,61.000000,2012
5.080000,27,75.000000,2013
5.080000,27,1.000000,2014
5.080000,27,NaN,2015
5.080000,27,2.000000,2016
5.080000,27,NaN,2017
5.080000,27,NaN,2018
5.080000,27,43.000000,2019
5.080000,27,NaN,2020
5.080000,28,NaN,2007
5.080000,28,236.000000,2008
5.080000,28,NaN,2009
5.080000,28,NaN,2010
5.080000,28,129.000000,2011
5.080000,28,1.000000,2012
5.080000,28,1.000000,2013
5.080000,28,NaN,2014
5.080000,28,1.000000,2015
5.080000,28,1.000000,2016
5.080000,28,172.000000,2017
5.080000,28,1.000000,2018
5.080000,28,2.000000,2019
5.080000,29,NaN,2011
5.080000,29,2.000000,2012
5.080000,29,33.000000,2013
5.080000,29,NaN,2014
5.080000,29,5.000000,2015
5.080000,29,93.000000,2016
5.080000,29,NaN,2017
5.080000,29,151.000000,2018
5.080000,29,11.000000,2019
5.080000,29,NaN,2020
5.080000,30,NaN,2010
5.080000,30,1.000000,2011
5.080000,30,NaN,2012
5.080000,30,NaN,2013
5.080000,30,1.000000,2014
5.080000,30,1.000000,2015
5.080000,30,1.000000,2016
5.080000,30,30.000000,2017
5.080000,30,NaN,2018
5.080000,30,NaN,2019
5.080000,31,NaN,2011
5.080000,31,NaN,2012
5.080000,31,1.000000,2013
5.080000,31,5.000000,2014
5.080000,31,NaN,2015
5.080000,31,NaN,2016
5.080000,31,41.000000,2017
5.080000,31,NaN,2018
5.080000,31,NaN,2019
5.080000,31,1.000000,2020
5.080000,33,NaN,2006
5.080000,33,114.000000,2007
5.080000,33,13.000000,2008
5.080000,33,111.000000,2009
5.080000,35,NaN,2008
5.080000,35,1.000000,2009
5.080000,35,NaN,2010
5.080000,35,2.000000,2011
5.080000,35,2.000000,2012
5.080000,35,NaN,2013
5.080000,35,NaN,2014
5.080000,35,3.000000,2015
5.080000,35,NaN,2016
5.080000,35,3.000000,2017
5.080000,35,NaN,2018
5.080000,35,3.000000,2019
5.080000,35,1.000000,2020
5.080000,36,NaN,2010
5.080000,36,NaN,2011
5.080000,36,167.000000,2012
5.080000,36,NaN,2013
5.080000,36,1.000000,2014
5.080000,36,NaN,2015
5.080000,36,1.000000,2016
5.080000,36,115.000000,2017
5.080000,36,NaN,2018
5.080000,36,121.000000,2019
5.080000,36,NaN,2020
5.080000,37,NaN,2010
5.080000,37,NaN,2011
5.080000,37,NaN,2012
5.080000,37,NaN,2013
5.080000,37,1.000000,2014
5.080000,37,38.000000,2015
5.080000,37,NaN,2016
5.080000,37,1.000000,2017
5.080000,37,NaN,2018
5.080000,37,NaN,2019
5.080000,38,NaN,2010
5.080000,38,1.000000,2011
5.080000,38,1.000000,2012
5.080000,38,NaN,2013
5.080000,38,NaN,2014
5.080000,38,49.000000,2015
5.080000,38,1.000000,2016
5.080000,38,124.000000,2017
5.080000,38,77.000000,2018
5.080000,38,NaN,2019
5.080000,39,NaN,2010
5.080000,39,NaN,2011
5.080000,39,NaN,2012
5.080000,39,NaN,2013
5.080000,39,31.000000,2014
5.080000,39,42.000000,2015
5.080000,39,NaN,2016
5.080000,39,NaN,2017
5.080000,39,NaN,2018
5.080000,39,203.000000,2019
5.080000,40,NaN,2014
5.080000,40,1.000000,2015
5.080000,40,1.000000,2016
5.080000,40,7.000000,2017
5.080000,40,161.000000,2018
5.080000,40,NaN,2019
5.080000,40,217.000000,2020
5.080000,41,NaN,2008
5.080000,41,126.000000,2009
5.080000,41,64.000000,2010
5.080000,41,108.000000,2011
5.080000,41,55.000000,2012
5.080000,42,NaN,2014
5.080000,42,NaN,2015
5.080000,42,NaN,2016
5.080000,42,5.000000,2017
5.080000,42,26.000000,2018
5.080000,42,NaN,2019
5.080000,42,NaN,2020
5.080000,44,NaN,2007
5.080000,44,1.000000,2008
5.080000,44,37.000000,2009
5.080000,44,25.000000,2010
5.080000,44,1.000000,2011
5.080000,44,4.000000,2012
5.080000,44,NaN,2013
5.080000,44,36.000000,2014
5.080000,44,1.000000,2015
5.080000,44,5.000000,2016
5.080000,46,NaN,2011
5.080000,46,1.000000,2012
5.080000,47,NaN,2005
5.080000,47,NaN,2006
5.080000,47,NaN,2007
5.080000,47,52.000000,2008
5.080000,47,NaN,2009
5.080000,47,NaN,2010
5.080000,47,49.000000,2011
5.080000,48,NaN,2016
5.080000,48,2.000000,2017
5.080000,48,1.000000,2018
5.080000,48,193.000000,2019
5.080000,49,NaN,2001
5.080000,49,NaN,2002
5.080000,49,3.000000,2003
5.080000,49,72.000000,2004
5.080000,49,4.000000,2005
5.080000,49,92.000000,2006
5.080000,49,103.000000,2007
5.080000,50,NaN,2008
5.080000,50,NaN,2009
5.080000,50,NaN,2010
5.080000,50,134.000000,2011
5.080000,50,103.000000,2012
5.080000,50,NaN,2013
5.080000,50,24.000000,2014
5.080000,50,NaN,2015
5.080000,50,63.000000,2016
5.080000,50,3.000000,2017
5.080000,50,183.000000,2018
5.080000,50,3.000000,2019
5.080000,50,6.000000,2020
5.080000,51,NaN,2010
5.080000,51,NaN,2011
5.080000,51,NaN,2012
5.080000,51,NaN,2013
5.080000,51,NaN,2014
5.080000,51,NaN,2015
5.080000,51,NaN,2016
5.080000,51,1.000000,2017
5.080000,51,2.000000,2018
5.080000,51,1.000000,2019
5.080000,52,NaN,2010
5.080000,52,NaN,2011
5.080000,52,28.000000,2012
5.080000,52,NaN,2013
5.080000,52,NaN,2014
5.080000,52,NaN,2015
5.080000,52,45.000000,2016
5.080000,52,113.000000,2017
5.080000,52,NaN,2018
5.080000,52,91.000000,2019
5.080000,53,1.000000,2008
5.080000,53,NaN,2009
5.080000,53,5.000000,2010
5.080000,53,81.000000,2011
5.080000,53,NaN,2012
5.080000,54,NaN,2014
5.080000,54,1.000000,2015
5.080000,54,51.000000,2016
5.080000,54,NaN,2017
5.080000,54,13.000000,2018
5.080000,54,1.000000,2019
5.080000,54,98.000000,2020
5.080000,55,NaN,2007
5.080000,55,NaN,2008
5.080000,55,145.000000,2009
5.080000,55,198.000000,2010
5.080000,55,2.000000,2011
5.080000,55,2.000000,2012
5.080000,55,13.000000,2013
5.080000,55,13.000000,2014
5.080000,55,1.000000,2015
5.080000,55,65.000000,2016
5.080000,55,10.000000,2017
5.080000,55,NaN,2018
5.080000,55,11.000000,2019
5.080000,55,1.000000,2020
5.080000,56,NaN,2010
5.080000,56,NaN,2011
5.080000,56,126.000000,2012
5.080000,56,NaN,2013
5.080000,56,NaN,2014
5.080000,56,NaN,2015
5.080000,56,NaN,2016
5.080000,56,35.000000,2017
5.080000,56,135.000000,2018
5.080000,56,NaN,2019
5.080000,56,131.000000,2020
5.080000,57,NaN,2007
5.080000,57,1.000000,2008
5.080000,57,NaN,2009
5.080000,57,NaN,2010
5.080000,57,NaN,2011
5.080000,57,NaN,2012
5.080000,57,NaN,2013
5.080000,57,1.000000,2014
5.080000,57,NaN,2015
5.080000,57,1.000000,2016
5.080000,57,NaN,2017
5.080000,57,NaN,2018
5.080000,57,1.000000,2019
5.080000,58,NaN,2008
5.080000,58,NaN,2009
5.080000,58,NaN,2010
5.080000,58,129.000000,2011
5.080000,58,1.000000,2012
5.080000,58,NaN,2013
5.080000,58,NaN,2014
5.080000,58,NaN,2015
5.080000,58,NaN,2016
5.080000,58,1.000000,2017
5.080000,58,1.000000,2018
5.080000,58,7.000000,2019
5.080000,58,NaN,2020
5.080000,59,NaN,2007
5.080000,59,46.000000,2008
5.080000,59,NaN,2009
5.080000,59,3.000000,2010
5.080000,59,1.000000,2011
5.080000,59,91.000000,2012
5.080000,59,NaN,2013
5.080000,59,1.000000,2014
5.080000,59,1.000000,2015
5.080000,59,NaN,2016
5.080000,59,NaN,2017
5.080000,59,NaN,2018
5.080000,59,2.000000,2019
5.080000,59,3.000000,2020
5.080000,60,NaN,2015
5.080000,60,2.000000,2016
5.080000,60,2.000000,2017
5.080000,60,127.000000,2018
5.080000,60,2.000000,2019
5.080000,60,3.000000,2020
5.080000,61,NaN,2008
5.080000,61,7.000000,2009
5.080000,61,40.000000,2010
5.080000,61,5.000000,2011
5.080000,61,NaN,2012
5.080000,61,1.000000,2013
5.080000,61,109.000000,2014
5.080000,61,5.000000,2015
5.080000,61,1.000000,2016
5.080000,61,NaN,2017
5.080000,61,111.000000,2018
5.080000,61,NaN,2019
5.080000,61,NaN,2020
5.080000,62,NaN,2008
5.080000,62,17.000000,2009
5.080000,62,40.000000,2010
5.080000,62,NaN,2011
5.080000,62,NaN,2012
5.080000,62,NaN,2013
5.080000,62,NaN,2014
5.080000,62,1.000000,2015
5.080000,62,NaN,2016
5.080000,62,NaN,2017
5.080000,62,39.000000,2018
5.080000,62,31.000000,2019
5.080000,63,NaN,2001
5.080000,63,1.000000,2001
5.080000,63,59.000000,2002
5.080000,63,1.000000,2003
5.080000,63,NaN,2004
5.080000,63,1.000000,2005
5.080000,63,2.000000,2006
5.080000,63,NaN,2007
5.080000,65,NaN,2011
5.080000,65,NaN,2012
5.080000,65,NaN,2013
5.080000,65,NaN,2014
5.080000,65,NaN,2015
5.080000,65,NaN,2016
5.080000,65,1.000000,2017
5.080000,65,NaN,2018
5.080000,65,21.000000,2019
5.080000,65,2.000000,2020
5.080000,66,NaN,2011
5.080000,66,NaN,2012
5.080000,66,133.000000,2013
5.080000,66,NaN,2014
5.080000,66,NaN,2015
5.080000,66,NaN,2016
5.080000,66,NaN,2017
5.080000,66,NaN,2018
5.080000,66,1.000000,2019
5.080000,66,NaN,2020
5.080000,67,NaN,2008
5.080000,67,161.000000,2009
5.080000,67,128.000000,2010
5.080000,67,64.000000,2011
5.080000,67,21.000000,2012
5.080000,67,NaN,2013
5.080000,67,NaN,2014
5.080000,67,21.000000,2015
5.080000,67,2.000000,2016
5.080000,67,1.000000,2017
5.080000,67,16.000000,2018
5.080000,67,NaN,2019
5.080000,68,NaN,2010
5.080000,68,51.000000,2011
5.080000,68,2.000000,2012
5.080000,68,NaN,2013
5.080000,68,NaN,2014
5.080000,68,NaN,2015
5.080000,68,152.000000,2016
5.080000,68,NaN,2017
5.080000,68,NaN,2018
5.080000,68,NaN,2019
5.080000,68,NaN,2020
5.080000,69,NaN,2006
5.080000,69,1.000000,2007
5.080000,69,32.000000,2008
5.080000,69,1.000000,2009
5.080000,69,NaN,2010
5.080000,69,50.000000,2011
5.080000,71,NaN,2009
5.080000,71,NaN,2010
5.080000,71,78.000000,2011
5.080000,71,65.000000,2012
5.080000,71,89.000000,2013
5.080000,71,185.000000,2014
5.080000,71,62.000000,2015
5.080000,71,1.000000,2016
5.080000,71,14.000000,2017
5.080000,71,185.000000,2018
5.080000,71,NaN,2019
5.080000,72,NaN,2009
5.080000,72,NaN,2010
5.080000,72,110.000000,2011
5.080000,72,76.000000,2012
5.080000,72,87.000000,2013
5.080000,72,NaN,2014
5.080000,72,59.000000,2015
5.080000,72,2.000000,2016
5.080000,72,107.000000,2017
5.080000,72,165.000000,2018
5.080000,72,NaN,2019
5.080000,76,NaN,2015
5.080000,76,1.000000,2016
5.080000,76,2.000000,2017
5.080000,76,NaN,2018
5.080000,76,1.000000,2019
5.080000,76,NaN,2020
5.080000,77,NaN,2010
5.080000,77,31.000000,2011
5.080000,77,NaN,2012
5.080000,77,1.000000,2013
5.080000,77,NaN,2014
5.080000,77,NaN,2015
5.080000,77,124.000000,2016
5.080000,77,1.000000,2017
5.080000,77,NaN,2018
5.080000,77,NaN,2019
5.080000,78,NaN,2010
5.080000,78,1.000000,2011
5.080000,78,NaN,2012
5.080000,78,NaN,2013
5.080000,78,4.000000,2014
5.080000,78,31.000000,2015
5.080000,78,31.000000,2016
5.080000,78,NaN,2017
5.080000,78,NaN,2018
5.080000,79,NaN,2012
5.080000,79,1.000000,2013
5.080000,79,1.000000,2014
5.080000,79,1.000000,2015
5.080000,79,1.000000,2016
5.080000,79,NaN,2017
5.080000,80,NaN,2008
5.080000,80,27.000000,2009
5.080000,80,1.000000,2010
5.080000,80,2.000000,2011
5.080000,80,175.000000,2012
5.080000,80,116.000000,2013
5.080000,80,3.000000,2014
5.080000,80,5.000000,2015
5.080000,81,NaN,2016
5.080000,82,NaN,2011
5.080000,82,22.000000,2012
5.080000,82,NaN,2013
5.080000,82,1.000000,2014
5.080000,82,2.000000,2015
5.080000,82,12.000000,2016
5.080000,82,116.000000,2017
5.080000,82,1.000000,2018
5.080000,82,NaN,2019
5.080000,82,NaN,2020
5.080000,83,NaN,2010
5.080000,83,NaN,2011
5.080000,83,NaN,2012
5.080000,83,NaN,2013
5.080000,83,NaN,2014
5.080000,83,3.000000,2015
5.080000,83,NaN,2016
5.080000,83,NaN,2017
5.080000,83,NaN,2018
5.080000,83,NaN,2019
5.080000,84,NaN,2015
5.080000,84,1.000000,2016
5.080000,84,2.000000,2017
5.080000,84,55.000000,2018
5.080000,84,6.000000,2019
5.080000,85,NaN,2008
5.080000,85,NaN,2009
5.080000,85,132.000000,2010
5.080000,85,4.000000,2011
5.080000,85,82.000000,2012
5.080000,85,164.000000,2013
5.080000,85,1.000000,2014
5.080000,85,NaN,2015
5.080000,85,1.000000,2016
5.080000,85,19.000000,2017
5.080000,85,103.000000,2018
5.080000,85,1.000000,2019
5.080000,85,99.000000,2020
5.080000,86,NaN,2015
5.080000,86,NaN,2016
5.080000,86,NaN,2017
5.080000,86,113.000000,2018
5.080000,86,1.000000,2019
5.080000,86,145.000000,2020
5.080000,87,NaN,2011
5.080000,87,NaN,2012
5.080000,87,2.000000,2013
5.080000,87,10.000000,2014
5.080000,87,17.000000,2015
5.080000,87,40.000000,2016
5.080000,87,54.000000,2017
5.080000,87,64.000000,2018
5.080000,87,71.000000,2019
5.080000,87,2.000000,2020
5.080000,88,NaN,2011
5.080000,88,NaN,2012
5.080000,88,NaN,2013
5.080000,88,NaN,2014
5.080000,88,NaN,2015
5.080000,88,NaN,2016
5.080000,88,NaN,2017
5.080000,88,NaN,2018
5.080000,88,NaN,2019
5.080000,88,NaN,2020
5.080000,89,NaN,2007
5.080000,89,2.000000,2008
5.080000,89,149.000000,2009
5.080000,89,59.000000,2010
5.080000,89,3.000000,2011
5.080000,89,33.000000,2012
5.080000,89,36.000000,2013
5.080000,89,1.000000,2014
5.080000,89,171.000000,2015
5.080000,89,NaN,2016
5.080000,89,1.000000,2017
5.080000,89,1.000000,2018
5.080000,89,7.000000,2019
5.080000,89,NaN,2020
5.080000,90,NaN,2001
5.080000,90,14.000000,2002
5.080000,90,2.000000,2003
5.080000,90,3.000000,2004
5.080000,90,37.000000,2005
5.080000,90,NaN,2006
5.080000,90,1.000000,2007
5.080000,90,NaN,2008
5.080000,90,88.000000,2009
5.080000,90,NaN,2010
5.080000,90,NaN,2011
5.080000,90,12.000000,2012
5.080000,90,NaN,2013
5.080000,90,NaN,2014
5.080000,90,NaN,2015
5.080000,90,NaN,2016
5.080000,90,2.000000,2017
5.080000,90,NaN,2018
5.080000,90,1.000000,2019
5.080000,91,NaN,2005
5.080000,91,NaN,2006
5.080000,91,1.000000,2007
5.080000,91,NaN,2008
5.080000,91,1.000000,2009
5.080000,91,NaN,2010
5.080000,91,1.000000,2011
5.080000,91,245.000000,2012
5.080000,91,NaN,2013
5.080000,91,1.000000,2014
10.000000,1,NaN,2001
10.000000,1,NaN,2002
10.000000,1,NaN,2003
10.000000,1,65.000000,2004
10.000000,1,NaN,2005
10.000000,1,174.000000,2006
10.000000,1,NaN,2007
10.000000,1,89.000000,2008
10.000000,1,NaN,2009
10.000000,1,NaN,2010
10.000000,1,NaN,2011
10.000000,1,237.000000,2012
10.000000,1,1.000000,2013
10.000000,1,225.000000,2014
10.000000,1,10.000000,2015
10.000000,1,NaN,2016
10.000000,1,NaN,2017
10.000000,1,NaN,2018
10.000000,1,NaN,2019
10.000000,1,NaN,2020
