depth,sid,value,WY
5.080000,1,NaN,2001
5.080000,1,730970.000000,2001
5.080000,1,731334.000000,2002
5.080000,1,731698.000000,2003
5.080000,2,NaN,2004
5.080000,2,732508.000000,2005
5.080000,2,732663.000000,2006
5.080000,2,733098.000000,2007
5.080000,2,NaN,2008
5.080000,2,NaN,2009
5.080000,2,734231.000000,2010
5.080000,2,NaN,2011
5.080000,2,NaN,2012
5.080000,2,735348.000000,2013
5.080000,2,NaN,2014
5.080000,2,NaN,2015
5.080000,2,736407.000000,2016
5.080000,2,736788.000000,2017
5.080000,2,737016.000000,2018
5.080000,2,737513.000000,2019
5.080000,3,NaN,2016
5.080000,3,NaN,2017
5.080000,3,736874.000000,2018
5.080000,4,NaN,2005
5.080000,4,732635.000000,2006
5.080000,4,NaN,2007
5.080000,4,NaN,2008
5.080000,4,NaN,2009
5.080000,4,734232.000000,2010
5.080000,4,NaN,2011
5.080000,4,734890.000000,2012
5.080000,4,735384.000000,2013
5.080000,4,NaN,2014
5.080000,4,736055.000000,2015
5.080000,4,736367.000000,2016
5.080000,4,NaN,2017
5.080000,5,730738.000000,2001
5.080000,5,730950.000000,2001
5.080000,5,NaN,2002
5.080000,5,731769.000000,2003
5.080000,5,732067.000000,2004
5.080000,5,732385.000000,2005
5.080000,9,NaN,2007
5.080000,9,733514.000000,2008
5.080000,9,733901.000000,2009
5.080000,9,NaN,2010
5.080000,9,734686.000000,2011
5.080000,9,735026.000000,2012
5.080000,9,735350.000000,2013
5.080000,9,735760.000000,2014
5.080000,9,736152.000000,2015
5.080000,9,736504.000000,2016
5.080000,9,NaN,2017
5.080000,9,NaN,2018
5.080000,9,737612.000000,2019
5.080000,10,NaN,2008
5.080000,10,733524.000000,2009
5.080000,10,733883.000000,2010
5.080000,10,734275.000000,2011
5.080000,10,734696.000000,2012
5.080000,10,734996.000000,2013
5.080000,10,735403.000000,2014
5.080000,10,735744.000000,2015
5.080000,10,NaN,2016
5.080000,10,736504.000000,2017
5.080000,10,736803.000000,2018
5.080000,10,737220.000000,2019
5.080000,10,NaN,2020
5.080000,11,NaN,2015
5.080000,11,736163.000000,2016
5.080000,11,736513.000000,2017
5.080000,11,736862.000000,2018
5.080000,11,737225.000000,2019
5.080000,11,737613.000000,2020
5.080000,12,NaN,2007
5.080000,12,NaN,2008
5.080000,12,733491.000000,2009
5.080000,12,733915.000000,2010
5.080000,12,734220.000000,2011
5.080000,12,NaN,2012
5.080000,12,735120.000000,2013
5.080000,12,735418.000000,2014
5.080000,12,735740.000000,2015
5.080000,12,736063.000000,2016
5.080000,13,736397.000000,2017
5.080000,13,736970.000000,2018
5.080000,13,737272.000000,2019
5.080000,14,735536.000000,2014
5.080000,14,735774.000000,2015
5.080000,14,736204.000000,2016
5.080000,14,736652.000000,2017
5.080000,14,NaN,2018
5.080000,14,737303.000000,2019
5.080000,14,737741.000000,2020
5.080000,15,NaN,2005
5.080000,15,732651.000000,2006
5.080000,15,733095.000000,2007
5.080000,15,733325.000000,2008
5.080000,15,733725.000000,2009
5.080000,15,NaN,2010
5.080000,15,NaN,2011
5.080000,15,734890.000000,2012
5.080000,15,735173.000000,2013
5.080000,15,NaN,2014
5.080000,17,735777.000000,2015
5.080000,17,NaN,2016
5.080000,17,736540.000000,2017
5.080000,17,736831.000000,2018
5.080000,17,737161.000000,2019
5.080000,17,NaN,2020
5.080000,19,NaN,2014
5.080000,19,735745.000000,2015
5.080000,21,NaN,2007
5.080000,21,733517.000000,2008
5.080000,21,733916.000000,2009
5.080000,21,734293.000000,2010
5.080000,21,734685.000000,2011
5.080000,21,735004.000000,2012
5.080000,21,735392.000000,2013
5.080000,21,735785.000000,2014
5.080000,21,736083.000000,2015
5.080000,21,736394.000000,2016
5.080000,21,736804.000000,2017
5.080000,21,NaN,2018
5.080000,21,NaN,2019
5.080000,22,NaN,2008
5.080000,22,733568.000000,2009
5.080000,22,734001.000000,2010
5.080000,22,734303.000000,2011
5.080000,22,734719.000000,2012
5.080000,22,735026.000000,2013
5.080000,22,735399.000000,2014
5.080000,22,735812.000000,2015
5.080000,22,NaN,2016
5.080000,22,736505.000000,2017
5.080000,22,736916.000000,2018
5.080000,22,737233.000000,2019
5.080000,22,737623.000000,2020
5.080000,24,735047.000000,2012
5.080000,24,735346.000000,2013
5.080000,24,735743.000000,2014
5.080000,24,736060.000000,2015
5.080000,24,736380.000000,2016
5.080000,24,736785.000000,2017
5.080000,24,NaN,2018
5.080000,25,730621.000000,2001
5.080000,25,730981.000000,2002
5.080000,25,731329.000000,2003
5.080000,25,NaN,2004
5.080000,26,NaN,2005
5.080000,26,732440.000000,2006
5.080000,26,732925.000000,2007
5.080000,26,733232.000000,2008
5.080000,26,733492.000000,2009
5.080000,26,733925.000000,2010
5.080000,26,734227.000000,2011
5.080000,26,NaN,2012
5.080000,26,735100.000000,2013
5.080000,26,735330.000000,2014
5.080000,26,735756.000000,2015
5.080000,26,736053.000000,2016
5.080000,26,736496.000000,2017
5.080000,26,NaN,2018
5.080000,26,737280.000000,2019
5.080000,27,734291.000000,2011
5.080000,27,734680.000000,2012
5.080000,27,735019.000000,2013
5.080000,27,735404.000000,2014
5.080000,27,735788.000000,2015
5.080000,27,NaN,2016
5.080000,27,736528.000000,2017
5.080000,27,736827.000000,2018
5.080000,27,737250.000000,2019
5.080000,27,737653.000000,2020
5.080000,28,NaN,2007
5.080000,28,733538.000000,2008
5.080000,28,733921.000000,2009
5.080000,28,734259.000000,2010
5.080000,28,734733.000000,2011
5.080000,28,735028.000000,2012
5.080000,28,735395.000000,2013
5.080000,28,735773.000000,2014
5.080000,28,736252.000000,2015
5.080000,28,736549.000000,2016
5.080000,28,736783.000000,2017
5.080000,28,737205.000000,2018
5.080000,28,737563.000000,2019
5.080000,29,734305.000000,2011
5.080000,29,734726.000000,2012
5.080000,29,734987.000000,2013
5.080000,29,735394.000000,2014
5.080000,29,735761.000000,2015
5.080000,29,736144.000000,2016
5.080000,29,736546.000000,2017
5.080000,29,736880.000000,2018
5.080000,29,737311.000000,2019
5.080000,29,NaN,2020
5.080000,30,734303.000000,2010
5.080000,30,734647.000000,2011
5.080000,30,735010.000000,2012
5.080000,30,735385.000000,2013
5.080000,30,735746.000000,2014
5.080000,30,736138.000000,2015
5.080000,30,736406.000000,2016
5.080000,30,736803.000000,2017
5.080000,30,737218.000000,2018
5.080000,30,737607.000000,2019
5.080000,31,734236.000000,2011
5.080000,31,734667.000000,2012
5.080000,31,734995.000000,2013
5.080000,31,735395.000000,2014
5.080000,31,735755.000000,2015
5.080000,31,736174.000000,2016
5.080000,31,736474.000000,2017
5.080000,31,736803.000000,2018
5.080000,31,737153.000000,2019
5.080000,31,737671.000000,2020
5.080000,33,NaN,2006
5.080000,33,NaN,2007
5.080000,33,NaN,2008
5.080000,33,733601.000000,2009
5.080000,35,733204.000000,2008
5.080000,35,733489.000000,2009
5.080000,35,733890.000000,2010
5.080000,35,734231.000000,2011
5.080000,35,NaN,2012
5.080000,35,735092.000000,2013
5.080000,35,735436.000000,2014
5.080000,35,735775.000000,2015
5.080000,35,736040.000000,2016
5.080000,35,736400.000000,2017
5.080000,35,736837.000000,2018
5.080000,35,737293.000000,2019
5.080000,35,737521.000000,2020
5.080000,36,733865.000000,2010
5.080000,36,NaN,2011
5.080000,36,NaN,2012
5.080000,36,735086.000000,2013
5.080000,36,NaN,2014
5.080000,36,NaN,2015
5.080000,36,NaN,2016
5.080000,36,736549.000000,2017
5.080000,36,NaN,2018
5.080000,36,NaN,2019
5.080000,36,737689.000000,2020
5.080000,37,734238.000000,2010
5.080000,37,NaN,2011
5.080000,37,734944.000000,2012
5.080000,37,NaN,2013
5.080000,37,735694.000000,2014
5.080000,37,NaN,2015
5.080000,37,736384.000000,2016
5.080000,37,NaN,2017
5.080000,37,NaN,2018
5.080000,37,NaN,2019
5.080000,38,734238.000000,2010
5.080000,38,NaN,2011
5.080000,38,734944.000000,2012
5.080000,38,NaN,2013
5.080000,38,735694.000000,2014
5.080000,38,NaN,2015
5.080000,38,736384.000000,2016
5.080000,38,NaN,2017
5.080000,38,NaN,2018
5.080000,38,NaN,2019
5.080000,39,734238.000000,2010
5.080000,39,NaN,2011
5.080000,39,734944.000000,2012
5.080000,39,NaN,2013
5.080000,39,735694.000000,2014
5.080000,39,NaN,2015
5.080000,39,736384.000000,2016
5.080000,39,NaN,2017
5.080000,39,NaN,2018
5.080000,39,NaN,2019
5.080000,40,NaN,2014
5.080000,40,735822.000000,2015
5.080000,40,NaN,2016
5.080000,40,736380.000000,2017
5.080000,40,736772.000000,2018
5.080000,40,NaN,2019
5.080000,40,737609.000000,2020
5.080000,41,NaN,2008
5.080000,41,733938.000000,2009
5.080000,41,734348.000000,2010
5.080000,41,734738.000000,2011
5.080000,41,735006.000000,2012
5.080000,42,NaN,2013
5.080000,42,735822.000000,2014
5.080000,42,NaN,2015
5.080000,42,736378.000000,2016
5.080000,42,NaN,2017
5.080000,42,NaN,2018
5.080000,42,737609.000000,2019
5.080000,44,NaN,2007
5.080000,44,733237.000000,2008
5.080000,44,NaN,2009
5.080000,44,733928.000000,2010
5.080000,44,734222.000000,2011
5.080000,44,NaN,2012
5.080000,44,735143.000000,2013
5.080000,44,735440.000000,2014
5.080000,44,735739.000000,2015
5.080000,44,736186.000000,2016
5.080000,46,NaN,2012
5.080000,46,735169.000000,2013
5.080000,47,NaN,2005
5.080000,47,732652.000000,2006
5.080000,47,NaN,2007
5.080000,47,733325.000000,2008
5.080000,47,733733.000000,2009
5.080000,47,NaN,2010
5.080000,47,734353.000000,2011
5.080000,48,NaN,2016
5.080000,48,736763.000000,2017
5.080000,48,737008.000000,2018
5.080000,48,737462.000000,2019
5.080000,49,730726.000000,2001
5.080000,49,731060.000000,2002
5.080000,49,731460.000000,2003
5.080000,49,731790.000000,2004
5.080000,49,732164.000000,2005
5.080000,49,NaN,2006
5.080000,49,NaN,2007
5.080000,50,733225.000000,2008
5.080000,50,733625.000000,2009
5.080000,50,734007.000000,2010
5.080000,50,NaN,2011
5.080000,50,NaN,2012
5.080000,50,NaN,2013
5.080000,50,735481.000000,2014
5.080000,50,NaN,2015
5.080000,50,736169.000000,2016
5.080000,50,NaN,2017
5.080000,50,NaN,2018
5.080000,50,NaN,2019
5.080000,50,737638.000000,2020
5.080000,51,734233.000000,2011
5.080000,51,734706.000000,2012
5.080000,51,735009.000000,2013
5.080000,51,735404.000000,2014
5.080000,51,735759.000000,2015
5.080000,51,NaN,2016
5.080000,51,736394.000000,2017
5.080000,51,736835.000000,2018
5.080000,51,737237.000000,2019
5.080000,51,737628.000000,2020
5.080000,52,734261.000000,2010
5.080000,52,734639.000000,2011
5.080000,52,NaN,2012
5.080000,52,NaN,2013
5.080000,52,735730.000000,2014
5.080000,52,736052.000000,2015
5.080000,52,736406.000000,2016
5.080000,52,NaN,2017
5.080000,52,737162.000000,2018
5.080000,52,737542.000000,2019
5.080000,53,NaN,2007
5.080000,53,733512.000000,2008
5.080000,53,733953.000000,2009
5.080000,53,734345.000000,2010
5.080000,53,734703.000000,2011
5.080000,53,735025.000000,2012
5.080000,54,NaN,2014
5.080000,54,735817.000000,2015
5.080000,54,NaN,2016
5.080000,54,736488.000000,2017
5.080000,54,736805.000000,2018
5.080000,54,NaN,2019
5.080000,54,737601.000000,2020
5.080000,55,NaN,2007
5.080000,55,NaN,2008
5.080000,55,733577.000000,2009
5.080000,55,NaN,2010
5.080000,55,734357.000000,2011
5.080000,55,NaN,2012
5.080000,55,735050.000000,2013
5.080000,55,735393.000000,2014
5.080000,55,735771.000000,2015
5.080000,55,NaN,2016
5.080000,55,NaN,2017
5.080000,55,736913.000000,2018
5.080000,55,737261.000000,2019
5.080000,55,737651.000000,2020
5.080000,56,733955.000000,2010
5.080000,56,734315.000000,2011
5.080000,56,734647.000000,2012
5.080000,56,735012.000000,2013
5.080000,56,735436.000000,2014
5.080000,56,735796.000000,2015
5.080000,56,NaN,2016
5.080000,56,736388.000000,2017
5.080000,56,736780.000000,2018
5.080000,56,737304.000000,2019
5.080000,56,NaN,2020
5.080000,57,NaN,2007
5.080000,57,733513.000000,2008
5.080000,57,733907.000000,2009
5.080000,57,734254.000000,2010
5.080000,57,734683.000000,2011
5.080000,57,735022.000000,2012
5.080000,57,735394.000000,2013
5.080000,57,735845.000000,2014
5.080000,57,736060.000000,2015
5.080000,57,736489.000000,2016
5.080000,57,736869.000000,2017
5.080000,57,737206.000000,2018
5.080000,57,737558.000000,2019
5.080000,58,NaN,2007
5.080000,58,733521.000000,2008
5.080000,58,733892.000000,2009
5.080000,58,734266.000000,2010
5.080000,58,734673.000000,2011
5.080000,58,735019.000000,2012
5.080000,58,735386.000000,2013
5.080000,58,735760.000000,2014
5.080000,58,736042.000000,2015
5.080000,58,736401.000000,2016
5.080000,58,736839.000000,2017
5.080000,58,737214.000000,2018
5.080000,58,737663.000000,2019
5.080000,59,NaN,2007
5.080000,59,733226.000000,2008
5.080000,59,733498.000000,2009
5.080000,59,733975.000000,2010
5.080000,59,734218.000000,2011
5.080000,59,NaN,2012
5.080000,59,735097.000000,2013
5.080000,59,735417.000000,2014
5.080000,59,735762.000000,2015
5.080000,59,736043.000000,2016
5.080000,59,NaN,2017
5.080000,59,736916.000000,2018
5.080000,59,NaN,2019
5.080000,59,737586.000000,2020
5.080000,60,NaN,2015
5.080000,60,736145.000000,2016
5.080000,60,736540.000000,2017
5.080000,60,736862.000000,2018
5.080000,60,737213.000000,2019
5.080000,60,737674.000000,2020
5.080000,61,NaN,2008
5.080000,61,733519.000000,2009
5.080000,61,733901.000000,2010
5.080000,61,734305.000000,2011
5.080000,61,734709.000000,2012
5.080000,61,735037.000000,2013
5.080000,61,735413.000000,2014
5.080000,61,735757.000000,2015
5.080000,61,NaN,2016
5.080000,61,736503.000000,2017
5.080000,61,736818.000000,2018
5.080000,61,737222.000000,2019
5.080000,61,737551.000000,2020
5.080000,62,733210.000000,2008
5.080000,62,NaN,2009
5.080000,62,733998.000000,2010
5.080000,62,NaN,2011
5.080000,62,734708.000000,2012
5.080000,62,NaN,2013
5.080000,62,NaN,2014
5.080000,62,735777.000000,2015
5.080000,62,736169.000000,2016
5.080000,62,736563.000000,2017
5.080000,62,736871.000000,2018
5.080000,62,737303.000000,2019
5.080000,63,730660.000000,2001
5.080000,63,730994.000000,2001
5.080000,63,731330.000000,2002
5.080000,63,NaN,2003
5.080000,63,NaN,2004
5.080000,63,732493.000000,2005
5.080000,63,732785.000000,2006
5.080000,65,734243.000000,2011
5.080000,65,734671.000000,2012
5.080000,65,735002.000000,2013
5.080000,65,735380.000000,2014
5.080000,65,735768.000000,2015
5.080000,65,736062.000000,2016
5.080000,65,736411.000000,2017
5.080000,65,736799.000000,2018
5.080000,65,737215.000000,2019
5.080000,65,737602.000000,2020
5.080000,66,734346.000000,2011
5.080000,66,734721.000000,2012
5.080000,66,734982.000000,2013
5.080000,66,735393.000000,2014
5.080000,66,735754.000000,2015
5.080000,66,736202.000000,2016
5.080000,66,NaN,2017
5.080000,66,736772.000000,2018
5.080000,66,737249.000000,2019
5.080000,66,NaN,2020
5.080000,67,NaN,2007
5.080000,67,733510.000000,2008
5.080000,67,733958.000000,2009
5.080000,67,734349.000000,2010
5.080000,67,734708.000000,2011
5.080000,67,735021.000000,2012
5.080000,67,735350.000000,2013
5.080000,67,735817.000000,2014
5.080000,67,NaN,2015
5.080000,67,736382.000000,2016
5.080000,67,736830.000000,2017
5.080000,67,NaN,2018
5.080000,68,NaN,2010
5.080000,68,734310.000000,2011
5.080000,68,734733.000000,2012
5.080000,68,735048.000000,2013
5.080000,68,735375.000000,2014
5.080000,68,735796.000000,2015
5.080000,68,NaN,2016
5.080000,68,NaN,2017
5.080000,68,NaN,2018
5.080000,68,737241.000000,2019
5.080000,68,NaN,2020
5.080000,69,NaN,2005
5.080000,69,732647.000000,2006
5.080000,69,NaN,2007
5.080000,69,733323.000000,2008
5.080000,69,733732.000000,2009
5.080000,69,NaN,2010
5.080000,71,NaN,2009
5.080000,71,733877.000000,2010
5.080000,71,734349.000000,2011
5.080000,71,734734.000000,2012
5.080000,71,735101.000000,2013
5.080000,71,735343.000000,2014
5.080000,71,735761.000000,2015
5.080000,71,NaN,2016
5.080000,71,NaN,2017
5.080000,71,736890.000000,2018
5.080000,71,737258.000000,2019
5.080000,71,737644.000000,2020
5.080000,72,NaN,2009
5.080000,72,733877.000000,2010
5.080000,72,734350.000000,2011
5.080000,72,734739.000000,2012
5.080000,72,735101.000000,2013
5.080000,72,735343.000000,2014
5.080000,72,735761.000000,2015
5.080000,72,NaN,2016
5.080000,72,NaN,2017
5.080000,72,736890.000000,2018
5.080000,72,737258.000000,2019
5.080000,72,737644.000000,2020
5.080000,76,NaN,2015
5.080000,76,736350.000000,2016
5.080000,76,NaN,2017
5.080000,76,737081.000000,2018
5.080000,76,NaN,2019
5.080000,77,734285.000000,2010
5.080000,77,734691.000000,2011
5.080000,77,NaN,2012
5.080000,77,735386.000000,2013
5.080000,77,735779.000000,2014
5.080000,77,736066.000000,2015
5.080000,77,736501.000000,2016
5.080000,77,736858.000000,2017
5.080000,77,737200.000000,2018
5.080000,77,737533.000000,2019
5.080000,78,NaN,2010
5.080000,78,734651.000000,2011
5.080000,78,734934.000000,2012
5.080000,78,735375.000000,2013
5.080000,78,735717.000000,2014
5.080000,78,736047.000000,2015
5.080000,78,736384.000000,2016
5.080000,78,NaN,2017
5.080000,78,NaN,2018
5.080000,79,734970.000000,2012
5.080000,79,735343.000000,2013
5.080000,79,NaN,2014
5.080000,79,736054.000000,2015
5.080000,79,NaN,2016
5.080000,80,733499.000000,2009
5.080000,80,733897.000000,2010
5.080000,80,734226.000000,2011
5.080000,80,734762.000000,2012
5.080000,80,735133.000000,2013
5.080000,80,735416.000000,2014
5.080000,80,735737.000000,2015
5.080000,80,736081.000000,2016
5.080000,81,NaN,2016
5.080000,81,736408.000000,2017
5.080000,82,734213.000000,2011
5.080000,82,734673.000000,2012
5.080000,82,735020.000000,2013
5.080000,82,735400.000000,2014
5.080000,82,735757.000000,2015
5.080000,82,736017.000000,2016
5.080000,82,736542.000000,2017
5.080000,82,736801.000000,2018
5.080000,82,NaN,2019
5.080000,82,737542.000000,2020
5.080000,83,NaN,2010
5.080000,83,734682.000000,2011
5.080000,83,734995.000000,2012
5.080000,83,735366.000000,2013
5.080000,83,735761.000000,2014
5.080000,83,736058.000000,2015
5.080000,83,736403.000000,2016
5.080000,83,736825.000000,2017
5.080000,83,737191.000000,2018
5.080000,83,737541.000000,2019
5.080000,84,NaN,2015
5.080000,84,736165.000000,2016
5.080000,84,736548.000000,2017
5.080000,84,736837.000000,2018
5.080000,84,737215.000000,2019
5.080000,85,NaN,2007
5.080000,85,733514.000000,2008
5.080000,85,NaN,2009
5.080000,85,734364.000000,2010
5.080000,85,734736.000000,2011
5.080000,85,735026.000000,2012
5.080000,85,735349.000000,2013
5.080000,85,735802.000000,2014
5.080000,85,NaN,2015
5.080000,85,736503.000000,2016
5.080000,85,NaN,2017
5.080000,85,NaN,2018
5.080000,85,737612.000000,2019
5.080000,86,NaN,2015
5.080000,86,NaN,2016
5.080000,86,736504.000000,2017
5.080000,86,NaN,2018
5.080000,86,NaN,2019
5.080000,86,737612.000000,2020
5.080000,87,734290.000000,2010
5.080000,87,734582.000000,2011
5.080000,87,734997.000000,2012
5.080000,87,735363.000000,2013
5.080000,87,735812.000000,2014
5.080000,87,736077.000000,2015
5.080000,87,736390.000000,2016
5.080000,87,736840.000000,2017
5.080000,87,737221.000000,2018
5.080000,87,737610.000000,2019
5.080000,88,NaN,2010
5.080000,88,734693.000000,2011
5.080000,88,NaN,2012
5.080000,88,735374.000000,2013
5.080000,88,735768.000000,2014
5.080000,88,736054.000000,2015
5.080000,88,736404.000000,2016
5.080000,88,736826.000000,2017
5.080000,88,737220.000000,2018
5.080000,88,737528.000000,2019
5.080000,89,NaN,2007
5.080000,89,733285.000000,2008
5.080000,89,733490.000000,2009
5.080000,89,733920.000000,2010
5.080000,89,734218.000000,2011
5.080000,89,NaN,2012
5.080000,89,735121.000000,2013
5.080000,89,735319.000000,2014
5.080000,89,735702.000000,2015
5.080000,89,736040.000000,2016
5.080000,89,NaN,2017
5.080000,89,736892.000000,2018
5.080000,89,737256.000000,2019
5.080000,89,737594.000000,2020
5.080000,90,731016.000000,2001
5.080000,90,731318.000000,2002
5.080000,90,731689.000000,2003
5.080000,90,NaN,2004
5.080000,90,732426.000000,2005
5.080000,90,732797.000000,2006
5.080000,90,NaN,2007
5.080000,90,733506.000000,2008
5.080000,90,733876.000000,2009
5.080000,90,734301.000000,2010
5.080000,90,NaN,2011
5.080000,90,734977.000000,2012
5.080000,90,NaN,2013
5.080000,90,735465.000000,2014
5.080000,90,NaN,2015
5.080000,90,736412.000000,2016
5.080000,90,736777.000000,2017
5.080000,90,737176.000000,2018
5.080000,90,NaN,2019
5.080000,91,NaN,2005
5.080000,91,732643.000000,2006
5.080000,91,733096.000000,2007
5.080000,91,NaN,2008
5.080000,91,733743.000000,2009
5.080000,91,734225.000000,2010
5.080000,91,734578.000000,2011
5.080000,91,734891.000000,2012
5.080000,91,NaN,2013
5.080000,91,NaN,2014
10.000000,1,730781.000000,2001
10.000000,1,730972.000000,2001
10.000000,1,731332.000000,2002
10.000000,1,731755.000000,2003
10.000000,1,732107.000000,2004
10.000000,1,732412.000000,2005
10.000000,1,NaN,2006
10.000000,1,NaN,2007
10.000000,1,733506.000000,2008
10.000000,1,733942.000000,2009
10.000000,1,734261.000000,2010
10.000000,1,734691.000000,2011
10.000000,1,735031.000000,2012
10.000000,1,735375.000000,2013
10.000000,1,735778.000000,2014
10.000000,1,736071.000000,2015
10.000000,1,736505.000000,2016
10.000000,1,736831.000000,2017
10.000000,1,737188.000000,2018
10.000000,1,737671.000000,2019
