5.080000e+00 1 NaT 2001 
5.080000e+00 1 01-Nov-2000 2001 
5.080000e+00 1 NaT 2002 
5.080000e+00 1 22-Jun-2002 2003 
5.080000e+00 2 NaT 2004 
5.080000e+00 2 10-Jul-2004 2005 
5.080000e+00 2 NaT 2006 
5.080000e+00 2 28-Jun-2006 2007 
5.080000e+00 2 NaT 2008 
5.080000e+00 2 15-Jun-2008 2009 
5.080000e+00 2 19-Jun-2009 2010 
5.080000e+00 2 19-Jun-2010 2011 
5.080000e+00 2 15-Aug-2011 2012 
5.080000e+00 2 NaT 2013 
5.080000e+00 2 24-Jun-2013 2014 
5.080000e+00 2 NaT 2015 
5.080000e+00 2 NaT 2016 
5.080000e+00 2 NaT 2017 
5.080000e+00 2 NaT 2018 
5.080000e+00 2 12-Jul-2018 2019 
5.080000e+00 3 21-Jan-2015 2016 
5.080000e+00 3 25-Nov-2015 2017 
5.080000e+00 3 NaT 2018 
5.080000e+00 4 NaT 2005 
5.080000e+00 4 NaT 2006 
5.080000e+00 4 05-Aug-2006 2007 
5.080000e+00 4 NaT 2008 
5.080000e+00 4 NaT 2009 
5.080000e+00 4 25-Feb-2010 2010 
5.080000e+00 4 29-Oct-2010 2011 
5.080000e+00 4 28-Nov-2011 2012 
5.080000e+00 4 30-Aug-2012 2013 
5.080000e+00 4 NaT 2014 
5.080000e+00 4 NaT 2015 
5.080000e+00 4 24-Sep-2015 2016 
5.080000e+00 5 NaT 2001 
5.080000e+00 5 16-Oct-2000 2001 
5.080000e+00 5 NaT 2002 
5.080000e+00 5 11-Dec-2002 2003 
5.080000e+00 5 NaT 2004 
5.080000e+00 5 24-Oct-2004 2005 
5.080000e+00 9 NaT 2008 
5.080000e+00 9 11-Apr-2008 2009 
5.080000e+00 9 03-Jan-2009 2010 
5.080000e+00 9 NaT 2011 
5.080000e+00 9 NaT 2012 
5.080000e+00 9 25-Sep-2011 2013 
5.080000e+00 9 NaT 2014 
5.080000e+00 9 NaT 2015 
5.080000e+00 9 27-Nov-2014 2016 
5.080000e+00 9 01-Oct-2015 2017 
5.080000e+00 9 04-Jan-2017 2018 
5.080000e+00 9 NaT 2019 
5.080000e+00 9 08-Mar-2019 2020 
5.080000e+00 10 NaT 2008 
5.080000e+00 10 19-Nov-2007 2009 
5.080000e+00 10 20-Oct-2008 2010 
5.080000e+00 10 NaT 2011 
5.080000e+00 10 NaT 2012 
5.080000e+00 10 04-Sep-2011 2013 
5.080000e+00 10 NaT 2014 
5.080000e+00 10 18-Aug-2013 2015 
5.080000e+00 10 27-Aug-2014 2016 
5.080000e+00 10 NaT 2017 
5.080000e+00 10 14-Oct-2016 2018 
5.080000e+00 10 14-Feb-2018 2019 
5.080000e+00 10 22-Sep-2018 2020 
5.080000e+00 11 NaT 2015 
5.080000e+00 11 NaT 2016 
5.080000e+00 11 03-Jan-2016 2017 
5.080000e+00 11 26-Dec-2016 2018 
5.080000e+00 11 26-Dec-2017 2019 
5.080000e+00 11 31-Jan-2019 2020 
5.080000e+00 12 NaT 2007 
5.080000e+00 12 NaT 2008 
5.080000e+00 12 14-Feb-2008 2009 
5.080000e+00 12 11-Apr-2009 2010 
5.080000e+00 12 NaT 2011 
5.080000e+00 12 19-Mar-2011 2012 
5.080000e+00 12 16-Mar-2012 2013 
5.080000e+00 12 19-Sep-2012 2014 
5.080000e+00 12 10-Apr-2014 2015 
5.080000e+00 13 NaT 2016 
5.080000e+00 13 30-Jan-2016 2017 
5.080000e+00 13 NaT 2018 
5.080000e+00 13 NaT 2019 
5.080000e+00 14 NaT 2014 
5.080000e+00 14 NaT 2015 
5.080000e+00 14 NaT 2016 
5.080000e+00 14 07-Oct-2015 2017 
5.080000e+00 14 27-Apr-2017 2018 
5.080000e+00 14 NaT 2019 
5.080000e+00 14 03-Oct-2018 2020 
5.080000e+00 15 NaT 2005 
5.080000e+00 15 NaT 2006 
5.080000e+00 15 06-Mar-2006 2007 
5.080000e+00 15 NaT 2008 
5.080000e+00 15 22-Apr-2008 2009 
5.080000e+00 15 NaT 2010 
5.080000e+00 15 NaT 2011 
5.080000e+00 15 NaT 2012 
5.080000e+00 15 NaT 2013 
5.080000e+00 15 20-May-2013 2014 
5.080000e+00 17 NaT 2014 
5.080000e+00 17 NaT 2015 
5.080000e+00 17 NaT 2016 
5.080000e+00 17 01-Oct-2015 2017 
5.080000e+00 17 26-Dec-2016 2018 
5.080000e+00 17 NaT 2019 
5.080000e+00 17 18-Jan-2019 2020 
5.080000e+00 19 NaT 2013 
5.080000e+00 19 10-Aug-2013 2014 
5.080000e+00 21 NaT 2007 
5.080000e+00 21 07-Feb-2008 2008 
5.080000e+00 21 18-Mar-2009 2009 
5.080000e+00 21 08-Feb-2010 2010 
5.080000e+00 21 27-Oct-2010 2011 
5.080000e+00 21 NaT 2012 
5.080000e+00 21 NaT 2013 
5.080000e+00 21 NaT 2014 
5.080000e+00 21 06-Sep-2014 2015 
5.080000e+00 21 05-Nov-2015 2016 
5.080000e+00 21 05-Nov-2016 2017 
5.080000e+00 21 29-Dec-2017 2018 
5.080000e+00 21 04-Jan-2019 2019 
5.080000e+00 22 NaT 2008 
5.080000e+00 22 19-Sep-2007 2009 
5.080000e+00 22 23-Sep-2008 2010 
5.080000e+00 22 16-Oct-2009 2011 
5.080000e+00 22 25-Nov-2010 2012 
5.080000e+00 22 16-Nov-2011 2013 
5.080000e+00 22 30-Nov-2012 2014 
5.080000e+00 22 NaT 2015 
5.080000e+00 22 18-Aug-2014 2016 
5.080000e+00 22 03-Nov-2015 2017 
5.080000e+00 22 19-Oct-2016 2018 
5.080000e+00 22 02-Sep-2017 2019 
5.080000e+00 22 22-Sep-2018 2020 
5.080000e+00 24 NaT 2012 
5.080000e+00 24 NaT 2013 
5.080000e+00 24 NaT 2014 
5.080000e+00 24 NaT 2015 
5.080000e+00 24 NaT 2016 
5.080000e+00 24 20-Feb-2017 2017 
5.080000e+00 24 NaT 2018 
5.080000e+00 25 NaT 2001 
5.080000e+00 25 12-Feb-2000 2001 
5.080000e+00 25 02-Mar-2001 2002 
5.080000e+00 25 26-Mar-2002 2003 
5.080000e+00 25 05-Mar-2003 2004 
5.080000e+00 26 NaT 2005 
5.080000e+00 26 19-Feb-2005 2006 
5.080000e+00 26 09-Dec-2005 2007 
5.080000e+00 26 NaT 2008 
5.080000e+00 26 09-Sep-2007 2009 
5.080000e+00 26 23-Oct-2008 2010 
5.080000e+00 26 18-Apr-2010 2011 
5.080000e+00 26 07-Mar-2011 2012 
5.080000e+00 26 01-May-2012 2013 
5.080000e+00 26 20-Sep-2012 2014 
5.080000e+00 26 NaT 2015 
5.080000e+00 26 NaT 2016 
5.080000e+00 26 NaT 2017 
5.080000e+00 26 04-Feb-2017 2018 
5.080000e+00 26 NaT 2019 
5.080000e+00 27 NaT 2011 
5.080000e+00 27 26-Oct-2010 2012 
5.080000e+00 27 09-Feb-2012 2013 
5.080000e+00 27 NaT 2014 
5.080000e+00 27 NaT 2015 
5.080000e+00 27 26-Dec-2014 2016 
5.080000e+00 27 NaT 2017 
5.080000e+00 27 09-Apr-2017 2018 
5.080000e+00 27 28-Feb-2018 2019 
5.080000e+00 27 24-Mar-2019 2020 
5.080000e+00 28 NaT 2007 
5.080000e+00 28 30-Jan-2008 2008 
5.080000e+00 28 18-Aug-2008 2009 
5.080000e+00 28 NaT 2010 
5.080000e+00 28 01-Oct-2010 2011 
5.080000e+00 28 22-Sep-2011 2012 
5.080000e+00 28 28-Aug-2012 2013 
5.080000e+00 28 NaT 2014 
5.080000e+00 28 NaT 2015 
5.080000e+00 28 22-Sep-2015 2016 
5.080000e+00 28 18-Sep-2016 2017 
5.080000e+00 28 NaT 2018 
5.080000e+00 28 NaT 2019 
5.080000e+00 29 NaT 2011 
5.080000e+00 29 24-Oct-2010 2012 
5.080000e+00 29 12-Apr-2012 2013 
5.080000e+00 29 28-Feb-2013 2014 
5.080000e+00 29 05-Apr-2014 2015 
5.080000e+00 29 12-Jan-2015 2016 
5.080000e+00 29 01-Mar-2016 2017 
5.080000e+00 29 16-Oct-2016 2018 
5.080000e+00 29 07-Sep-2017 2019 
5.080000e+00 29 07-Mar-2019 2020 
5.080000e+00 30 NaT 2010 
5.080000e+00 30 04-Aug-2010 2011 
5.080000e+00 30 NaT 2012 
5.080000e+00 30 NaT 2013 
5.080000e+00 30 NaT 2014 
5.080000e+00 30 23-Jul-2014 2015 
5.080000e+00 30 06-Oct-2015 2016 
5.080000e+00 30 24-Dec-2016 2017 
5.080000e+00 30 25-Jan-2018 2018 
5.080000e+00 30 31-Jan-2019 2019 
5.080000e+00 31 NaT 2011 
5.080000e+00 31 21-Feb-2011 2012 
5.080000e+00 31 26-Aug-2011 2013 
5.080000e+00 31 15-Feb-2013 2014 
5.080000e+00 31 NaT 2015 
5.080000e+00 31 17-Feb-2015 2016 
5.080000e+00 31 10-Oct-2015 2017 
5.080000e+00 31 NaT 2018 
5.080000e+00 31 NaT 2019 
5.080000e+00 31 22-Sep-2018 2020 
5.080000e+00 33 NaT 2006 
5.080000e+00 33 09-Dec-2005 2007 
5.080000e+00 33 07-Feb-2007 2008 
5.080000e+00 33 09-Apr-2008 2009 
5.080000e+00 35 NaT 2008 
5.080000e+00 35 17-Feb-2008 2009 
5.080000e+00 35 NaT 2010 
5.080000e+00 35 28-Feb-2010 2011 
5.080000e+00 35 04-Mar-2011 2012 
5.080000e+00 35 NaT 2013 
5.080000e+00 35 NaT 2014 
5.080000e+00 35 25-Feb-2014 2015 
5.080000e+00 35 NaT 2016 
5.080000e+00 35 14-Feb-2016 2017 
5.080000e+00 35 NaT 2018 
5.080000e+00 35 11-Mar-2018 2019 
5.080000e+00 35 06-Mar-2019 2020 
5.080000e+00 36 NaT 2009 
5.080000e+00 36 09-Jan-2010 2010 
5.080000e+00 36 05-Jan-2011 2011 
5.080000e+00 36 NaT 2012 
5.080000e+00 36 29-Oct-2012 2013 
5.080000e+00 36 NaT 2014 
5.080000e+00 36 08-Oct-2014 2015 
5.080000e+00 36 02-Jan-2016 2016 
5.080000e+00 36 NaT 2017 
5.080000e+00 36 28-Oct-2017 2018 
5.080000e+00 36 13-Feb-2019 2019 
5.080000e+00 37 NaT 2010 
5.080000e+00 37 NaT 2011 
5.080000e+00 37 NaT 2012 
5.080000e+00 37 NaT 2013 
5.080000e+00 37 18-Jun-2013 2014 
5.080000e+00 37 18-Jul-2014 2015 
5.080000e+00 37 NaT 2016 
5.080000e+00 37 NaT 2017 
5.080000e+00 37 NaT 2018 
5.080000e+00 37 NaT 2019 
5.080000e+00 38 NaT 2010 
5.080000e+00 38 NaT 2011 
5.080000e+00 38 NaT 2012 
5.080000e+00 38 NaT 2013 
5.080000e+00 38 16-Jun-2013 2014 
5.080000e+00 38 18-Jul-2014 2015 
5.080000e+00 38 NaT 2016 
5.080000e+00 38 03-May-2016 2017 
5.080000e+00 38 16-May-2017 2018 
5.080000e+00 38 31-May-2018 2019 
5.080000e+00 39 NaT 2010 
5.080000e+00 39 NaT 2011 
5.080000e+00 39 18-Jun-2011 2012 
5.080000e+00 39 NaT 2013 
5.080000e+00 39 12-Jul-2013 2014 
5.080000e+00 39 18-Jul-2014 2015 
5.080000e+00 39 14-Jul-2015 2016 
5.080000e+00 39 17-Jul-2016 2017 
5.080000e+00 39 NaT 2018 
5.080000e+00 39 27-Jun-2018 2019 
5.080000e+00 40 NaT 2014 
5.080000e+00 40 12-Nov-2013 2015 
5.080000e+00 40 21-Nov-2014 2016 
5.080000e+00 40 08-Apr-2016 2017 
5.080000e+00 40 09-Jan-2017 2018 
5.080000e+00 40 NaT 2019 
5.080000e+00 40 26-Nov-2018 2020 
5.080000e+00 41 NaT 2008 
5.080000e+00 41 20-Dec-2008 2009 
5.080000e+00 41 13-Nov-2009 2010 
5.080000e+00 41 05-Dec-2010 2011 
5.080000e+00 41 07-Jan-2012 2012 
5.080000e+00 42 NaT 2013 
5.080000e+00 42 13-Nov-2013 2014 
5.080000e+00 42 NaT 2015 
5.080000e+00 42 NaT 2016 
5.080000e+00 42 13-Dec-2016 2017 
5.080000e+00 42 NaT 2018 
5.080000e+00 42 20-Feb-2019 2019 
5.080000e+00 44 NaT 2007 
5.080000e+00 44 19-Feb-2007 2008 
5.080000e+00 44 25-Feb-2008 2009 
5.080000e+00 44 02-Mar-2009 2010 
5.080000e+00 44 01-Mar-2010 2011 
5.080000e+00 44 09-Mar-2011 2012 
5.080000e+00 44 NaT 2013 
5.080000e+00 44 28-Feb-2013 2014 
5.080000e+00 44 15-Mar-2014 2015 
5.080000e+00 44 24-Jan-2015 2016 
5.080000e+00 46 NaT 2011 
5.080000e+00 46 NaT 2012 
5.080000e+00 47 NaT 2005 
5.080000e+00 47 NaT 2006 
5.080000e+00 47 NaT 2007 
5.080000e+00 47 14-Dec-2006 2008 
5.080000e+00 47 26-Nov-2007 2009 
5.080000e+00 47 NaT 2010 
5.080000e+00 47 14-Jan-2010 2011 
5.080000e+00 48 NaT 2016 
5.080000e+00 48 10-Aug-2016 2017 
5.080000e+00 48 NaT 2018 
5.080000e+00 48 12-Oct-2018 2019 
5.080000e+00 49 NaT 2001 
5.080000e+00 49 07-Oct-2000 2001 
5.080000e+00 49 01-Nov-2001 2002 
5.080000e+00 49 05-Dec-2002 2003 
5.080000e+00 49 21-Nov-2003 2004 
5.080000e+00 49 24-Nov-2004 2005 
5.080000e+00 49 23-Oct-2005 2006 
5.080000e+00 50 NaT 2008 
5.080000e+00 50 04-Dec-2007 2009 
5.080000e+00 50 29-Oct-2008 2010 
5.080000e+00 50 06-Jan-2010 2011 
5.080000e+00 50 28-Oct-2010 2012 
5.080000e+00 50 16-Feb-2012 2013 
5.080000e+00 50 15-Oct-2012 2014 
5.080000e+00 50 NaT 2015 
5.080000e+00 50 31-Dec-2014 2016 
5.080000e+00 50 08-Dec-2015 2017 
5.080000e+00 50 08-Jan-2017 2018 
5.080000e+00 50 05-Nov-2017 2019 
5.080000e+00 50 02-Dec-2018 2020 
5.080000e+00 51 NaT 2010 
5.080000e+00 51 NaT 2011 
5.080000e+00 51 NaT 2012 
5.080000e+00 51 NaT 2013 
5.080000e+00 51 NaT 2014 
5.080000e+00 51 NaT 2015 
5.080000e+00 51 NaT 2016 
5.080000e+00 51 26-Jul-2016 2017 
5.080000e+00 51 24-Jul-2017 2018 
5.080000e+00 51 10-Aug-2018 2019 
5.080000e+00 52 NaT 2010 
5.080000e+00 52 NaT 2011 
5.080000e+00 52 12-Jul-2011 2012 
5.080000e+00 52 NaT 2013 
5.080000e+00 52 NaT 2014 
5.080000e+00 52 NaT 2015 
5.080000e+00 52 30-Nov-2015 2016 
5.080000e+00 52 29-Oct-2016 2017 
5.080000e+00 52 NaT 2018 
5.080000e+00 52 05-Nov-2018 2019 
5.080000e+00 53 NaT 2008 
5.080000e+00 53 17-Dec-2008 2009 
5.080000e+00 53 08-Dec-2009 2010 
5.080000e+00 53 27-Nov-2010 2011 
5.080000e+00 53 24-Jan-2012 2012 
5.080000e+00 54 NaT 2014 
5.080000e+00 54 NaT 2015 
5.080000e+00 54 31-Dec-2014 2016 
5.080000e+00 54 05-Oct-2015 2017 
5.080000e+00 54 31-Dec-2016 2018 
5.080000e+00 54 12-Apr-2018 2019 
5.080000e+00 54 20-Jan-2019 2020 
5.080000e+00 55 NaT 2007 
5.080000e+00 55 NaT 2008 
5.080000e+00 55 23-Jan-2008 2009 
5.080000e+00 55 18-Jan-2009 2010 
5.080000e+00 55 01-Jan-2010 2011 
5.080000e+00 55 22-Sep-2010 2012 
5.080000e+00 55 27-Mar-2012 2013 
5.080000e+00 55 14-Jan-2013 2014 
5.080000e+00 55 15-Oct-2013 2015 
5.080000e+00 55 24-Jan-2015 2016 
5.080000e+00 55 20-Oct-2015 2017 
5.080000e+00 55 25-Jan-2017 2018 
5.080000e+00 55 01-Jan-2018 2019 
5.080000e+00 55 26-Nov-2018 2020 
5.080000e+00 56 NaT 2010 
5.080000e+00 56 NaT 2011 
5.080000e+00 56 20-Sep-2010 2012 
5.080000e+00 56 NaT 2013 
5.080000e+00 56 NaT 2014 
5.080000e+00 56 NaT 2015 
5.080000e+00 56 NaT 2016 
5.080000e+00 56 NaT 2017 
5.080000e+00 56 08-Jan-2017 2018 
5.080000e+00 56 25-Apr-2018 2019 
5.080000e+00 56 24-Jan-2019 2020 
5.080000e+00 57 NaT 2007 
5.080000e+00 57 NaT 2008 
5.080000e+00 57 19-Aug-2008 2009 
5.080000e+00 57 31-Jan-2010 2010 
5.080000e+00 57 NaT 2011 
5.080000e+00 57 NaT 2012 
5.080000e+00 57 NaT 2013 
5.080000e+00 57 11-Aug-2013 2014 
5.080000e+00 57 14-Sep-2014 2015 
5.080000e+00 57 22-Sep-2015 2016 
5.080000e+00 57 NaT 2017 
5.080000e+00 57 NaT 2018 
5.080000e+00 57 27-Sep-2018 2019 
5.080000e+00 58 NaT 2008 
5.080000e+00 58 15-Sep-2007 2009 
5.080000e+00 58 01-Feb-2009 2010 
5.080000e+00 58 14-Feb-2010 2011 
5.080000e+00 58 30-Sep-2010 2012 
5.080000e+00 58 26-Oct-2011 2013 
5.080000e+00 58 04-Nov-2012 2014 
5.080000e+00 58 09-Feb-2014 2015 
5.080000e+00 58 NaT 2016 
5.080000e+00 58 09-Nov-2015 2017 
5.080000e+00 58 31-Dec-2016 2018 
5.080000e+00 58 28-Dec-2017 2019 
5.080000e+00 58 19-Feb-2019 2020 
5.080000e+00 59 NaT 2007 
5.080000e+00 59 21-Feb-2007 2008 
5.080000e+00 59 21-Feb-2008 2009 
5.080000e+00 59 30-Sep-2008 2010 
5.080000e+00 59 18-Sep-2009 2011 
5.080000e+00 59 18-Apr-2011 2012 
5.080000e+00 59 17-Apr-2012 2013 
5.080000e+00 59 21-Sep-2012 2014 
5.080000e+00 59 25-Aug-2013 2015 
5.080000e+00 59 NaT 2016 
5.080000e+00 59 22-Nov-2015 2017 
5.080000e+00 59 NaT 2018 
5.080000e+00 59 02-Sep-2017 2019 
5.080000e+00 59 08-Sep-2018 2020 
5.080000e+00 60 NaT 2014 
5.080000e+00 60 NaT 2015 
5.080000e+00 60 23-Oct-2015 2016 
5.080000e+00 60 06-Jan-2017 2017 
5.080000e+00 60 08-Jan-2018 2018 
5.080000e+00 60 22-Nov-2018 2019 
5.080000e+00 61 NaT 2008 
5.080000e+00 61 24-Feb-2008 2009 
5.080000e+00 61 27-Jan-2009 2010 
5.080000e+00 61 28-Feb-2010 2011 
5.080000e+00 61 12-Dec-2010 2012 
5.080000e+00 61 NaT 2013 
5.080000e+00 61 03-Mar-2013 2014 
5.080000e+00 61 05-Feb-2014 2015 
5.080000e+00 61 15-Jan-2015 2016 
5.080000e+00 61 NaT 2017 
5.080000e+00 61 NaT 2018 
5.080000e+00 61 NaT 2019 
5.080000e+00 61 NaT 2020 
5.080000e+00 62 NaT 2008 
5.080000e+00 62 08-Feb-2008 2009 
5.080000e+00 62 21-Jan-2009 2010 
5.080000e+00 62 28-Sep-2009 2011 
5.080000e+00 62 15-May-2011 2012 
5.080000e+00 62 NaT 2013 
5.080000e+00 62 NaT 2014 
5.080000e+00 62 03-Feb-2014 2015 
5.080000e+00 62 NaT 2016 
5.080000e+00 62 26-Apr-2016 2017 
5.080000e+00 62 17-Jan-2017 2018 
5.080000e+00 62 16-Feb-2018 2019 
5.080000e+00 63 NaT 2001 
5.080000e+00 63 01-Feb-2000 2001 
5.080000e+00 63 17-Feb-2001 2002 
5.080000e+00 63 21-Feb-2002 2003 
5.080000e+00 63 NaT 2004 
5.080000e+00 63 06-Feb-2004 2005 
5.080000e+00 63 06-Jan-2005 2006 
5.080000e+00 63 NaT 2007 
5.080000e+00 65 NaT 2011 
5.080000e+00 65 NaT 2012 
5.080000e+00 65 22-Sep-2011 2013 
5.080000e+00 65 NaT 2014 
5.080000e+00 65 NaT 2015 
5.080000e+00 65 NaT 2016 
5.080000e+00 65 09-Aug-2015 2017 
5.080000e+00 65 NaT 2018 
5.080000e+00 65 22-Apr-2018 2019 
5.080000e+00 65 24-Sep-2018 2020 
5.080000e+00 66 NaT 2010 
5.080000e+00 66 NaT 2011 
5.080000e+00 66 NaT 2012 
5.080000e+00 66 NaT 2013 
5.080000e+00 66 11-Apr-2014 2014 
5.080000e+00 66 07-Sep-2014 2015 
5.080000e+00 66 NaT 2016 
5.080000e+00 66 10-Sep-2016 2017 
5.080000e+00 66 07-Sep-2017 2018 
5.080000e+00 66 NaT 2019 
5.080000e+00 67 NaT 2007 
5.080000e+00 67 25-Jan-2008 2008 
5.080000e+00 67 20-Dec-2008 2009 
5.080000e+00 67 13-Jan-2010 2010 
5.080000e+00 67 06-Dec-2010 2011 
5.080000e+00 67 NaT 2012 
5.080000e+00 67 NaT 2013 
5.080000e+00 67 06-Aug-2013 2014 
5.080000e+00 67 16-Jan-2015 2015 
5.080000e+00 67 04-Oct-2015 2016 
5.080000e+00 67 16-Dec-2016 2017 
5.080000e+00 67 NaT 2018 
5.080000e+00 68 NaT 2010 
5.080000e+00 68 13-Mar-2010 2011 
5.080000e+00 68 29-Sep-2010 2012 
5.080000e+00 68 06-Apr-2012 2013 
5.080000e+00 68 17-Nov-2012 2014 
5.080000e+00 68 NaT 2015 
5.080000e+00 68 07-Sep-2014 2016 
5.080000e+00 68 20-Oct-2015 2017 
5.080000e+00 68 07-Oct-2016 2018 
5.080000e+00 68 05-Apr-2018 2019 
5.080000e+00 68 05-Apr-2019 2020 
5.080000e+00 69 NaT 2006 
5.080000e+00 69 05-Mar-2006 2007 
5.080000e+00 69 07-Dec-2006 2008 
5.080000e+00 69 26-Nov-2007 2009 
5.080000e+00 69 NaT 2010 
5.080000e+00 69 12-Dec-2009 2011 
5.080000e+00 71 NaT 2009 
5.080000e+00 71 04-Mar-2009 2010 
5.080000e+00 71 23-Feb-2010 2011 
5.080000e+00 71 18-Nov-2010 2012 
5.080000e+00 71 04-Mar-2012 2013 
5.080000e+00 71 17-Feb-2013 2014 
5.080000e+00 71 24-May-2014 2015 
5.080000e+00 71 26-Oct-2014 2016 
5.080000e+00 71 10-Jan-2016 2017 
5.080000e+00 71 28-Feb-2017 2018 
5.080000e+00 71 28-Dec-2017 2019 
5.080000e+00 72 NaT 2009 
5.080000e+00 72 17-Feb-2009 2010 
5.080000e+00 72 01-Mar-2010 2011 
5.080000e+00 72 21-Nov-2010 2012 
5.080000e+00 72 27-Feb-2012 2013 
5.080000e+00 72 14-Mar-2013 2014 
5.080000e+00 72 23-Mar-2014 2015 
5.080000e+00 72 23-Oct-2014 2016 
5.080000e+00 72 16-Jan-2016 2017 
5.080000e+00 72 20-Feb-2017 2018 
5.080000e+00 72 07-Nov-2017 2019 
5.080000e+00 76 NaT 2014 
5.080000e+00 76 21-Oct-2014 2015 
5.080000e+00 76 24-Oct-2015 2016 
5.080000e+00 76 NaT 2017 
5.080000e+00 76 04-Aug-2017 2018 
5.080000e+00 76 23-Aug-2018 2019 
5.080000e+00 77 NaT 2010 
5.080000e+00 77 22-Sep-2010 2011 
5.080000e+00 77 NaT 2012 
5.080000e+00 77 30-Nov-2012 2013 
5.080000e+00 77 14-Aug-2013 2014 
5.080000e+00 77 NaT 2015 
5.080000e+00 77 01-Sep-2015 2016 
5.080000e+00 77 17-Jul-2016 2017 
5.080000e+00 77 NaT 2018 
5.080000e+00 77 07-Aug-2018 2019 
5.080000e+00 78 NaT 2010 
5.080000e+00 78 09-Jul-2010 2011 
5.080000e+00 78 26-Jun-2011 2012 
5.080000e+00 78 20-Jun-2012 2013 
5.080000e+00 78 19-Jun-2013 2014 
5.080000e+00 78 17-Jul-2014 2015 
5.080000e+00 78 04-Nov-2015 2016 
5.080000e+00 78 NaT 2017 
5.080000e+00 78 NaT 2018 
5.080000e+00 79 NaT 2012 
5.080000e+00 79 NaT 2013 
5.080000e+00 79 06-Jul-2013 2014 
5.080000e+00 79 NaT 2015 
5.080000e+00 79 NaT 2016 
5.080000e+00 79 NaT 2017 
5.080000e+00 80 NaT 2008 
5.080000e+00 80 02-Mar-2008 2009 
5.080000e+00 80 NaT 2010 
5.080000e+00 80 08-Mar-2010 2011 
5.080000e+00 80 28-Mar-2011 2012 
5.080000e+00 80 28-Feb-2012 2013 
5.080000e+00 80 26-Mar-2013 2014 
5.080000e+00 80 02-Mar-2014 2015 
5.080000e+00 81 NaT 2016 
5.080000e+00 82 NaT 2010 
5.080000e+00 82 26-Oct-2010 2011 
5.080000e+00 82 NaT 2012 
5.080000e+00 82 NaT 2013 
5.080000e+00 82 28-Aug-2013 2014 
5.080000e+00 82 07-Aug-2014 2015 
5.080000e+00 82 12-Oct-2015 2016 
5.080000e+00 82 22-Aug-2016 2017 
5.080000e+00 82 27-Mar-2018 2018 
5.080000e+00 82 19-Sep-2018 2019 
5.080000e+00 83 NaT 2010 
5.080000e+00 83 NaT 2011 
5.080000e+00 83 NaT 2012 
5.080000e+00 83 NaT 2013 
5.080000e+00 83 NaT 2014 
5.080000e+00 83 11-Jan-2015 2015 
5.080000e+00 83 NaT 2016 
5.080000e+00 83 NaT 2017 
5.080000e+00 83 NaT 2018 
5.080000e+00 83 NaT 2019 
5.080000e+00 84 NaT 2015 
5.080000e+00 84 13-Nov-2014 2016 
5.080000e+00 84 26-Dec-2015 2017 
5.080000e+00 84 24-Dec-2016 2018 
5.080000e+00 84 31-Dec-2017 2019 
5.080000e+00 85 NaT 2008 
5.080000e+00 85 05-Mar-2008 2009 
5.080000e+00 85 25-Dec-2008 2010 
5.080000e+00 85 20-Dec-2009 2011 
5.080000e+00 85 27-Nov-2010 2012 
5.080000e+00 85 28-Nov-2011 2013 
5.080000e+00 85 19-Jan-2013 2014 
5.080000e+00 85 NaT 2015 
5.080000e+00 85 21-Nov-2014 2016 
5.080000e+00 85 03-Oct-2015 2017 
5.080000e+00 85 23-Dec-2016 2018 
5.080000e+00 85 27-Dec-2017 2019 
5.080000e+00 85 30-Apr-2019 2020 
5.080000e+00 86 NaT 2015 
5.080000e+00 86 NaT 2016 
5.080000e+00 86 03-Oct-2015 2017 
5.080000e+00 86 16-Jan-2017 2018 
5.080000e+00 86 27-Dec-2017 2019 
5.080000e+00 86 02-Feb-2019 2020 
5.080000e+00 87 NaT 2011 
5.080000e+00 87 NaT 2012 
5.080000e+00 87 01-Sep-2011 2013 
5.080000e+00 87 02-Oct-2012 2014 
5.080000e+00 87 21-Nov-2013 2015 
5.080000e+00 87 07-Sep-2014 2016 
5.080000e+00 87 07-Oct-2015 2017 
5.080000e+00 87 30-Dec-2016 2018 
5.080000e+00 87 18-Feb-2018 2019 
5.080000e+00 87 01-Jan-2019 2020 
5.080000e+00 88 NaT 2010 
5.080000e+00 88 09-Dec-2010 2011 
5.080000e+00 88 NaT 2012 
5.080000e+00 88 NaT 2013 
5.080000e+00 88 NaT 2014 
5.080000e+00 88 27-Dec-2014 2015 
5.080000e+00 88 NaT 2016 
5.080000e+00 88 07-Sep-2016 2017 
5.080000e+00 88 NaT 2018 
5.080000e+00 88 NaT 2019 
5.080000e+00 89 NaT 2007 
5.080000e+00 89 23-Feb-2007 2008 
5.080000e+00 89 15-May-2008 2009 
5.080000e+00 89 06-Mar-2009 2010 
5.080000e+00 89 26-Feb-2010 2011 
5.080000e+00 89 08-Mar-2011 2012 
5.080000e+00 89 10-Mar-2012 2013 
5.080000e+00 89 20-Sep-2012 2014 
5.080000e+00 89 18-Mar-2014 2015 
5.080000e+00 89 NaT 2016 
5.080000e+00 89 10-Apr-2016 2017 
5.080000e+00 89 05-Feb-2017 2018 
5.080000e+00 89 19-Mar-2018 2019 
5.080000e+00 89 NaT 2020 
5.080000e+00 90 NaT 2001 
5.080000e+00 90 22-Jun-2001 2002 
5.080000e+00 90 04-Jul-2002 2003 
5.080000e+00 90 09-Aug-2003 2004 
5.080000e+00 90 28-Jul-2004 2005 
5.080000e+00 90 NaT 2006 
5.080000e+00 90 22-Jun-2006 2007 
5.080000e+00 90 NaT 2008 
5.080000e+00 90 09-May-2008 2009 
5.080000e+00 90 NaT 2010 
5.080000e+00 90 NaT 2011 
5.080000e+00 90 26-Jun-2011 2012 
5.080000e+00 90 19-Jun-2012 2013 
5.080000e+00 90 NaT 2014 
5.080000e+00 90 NaT 2015 
5.080000e+00 90 NaT 2016 
5.080000e+00 90 15-Jun-2016 2017 
5.080000e+00 90 NaT 2018 
5.080000e+00 90 29-Jun-2018 2019 
5.080000e+00 91 NaT 2005 
5.080000e+00 91 NaT 2006 
5.080000e+00 91 NaT 2007 
5.080000e+00 91 NaT 2008 
5.080000e+00 91 25-Jun-2008 2009 
5.080000e+00 91 NaT 2010 
5.080000e+00 91 19-Jun-2010 2011 
5.080000e+00 91 01-Aug-2011 2012 
5.080000e+00 91 24-Apr-2012 2013 
5.080000e+00 91 19-May-2013 2014 
10 1 NaT 2001 
10 1 16-Oct-2000 2002 
10 1 NaT 2003 
10 1 29-Nov-2002 2004 
10 1 04-Mar-2004 2005 
10 1 14-Jan-2005 2006 
10 1 NaT 2007 
10 1 04-May-2007 2008 
10 1 22-Dec-2007 2009 
10 1 25-Oct-2008 2010 
10 1 28-Apr-2010 2011 
10 1 08-Dec-2010 2012 
10 1 22-Sep-2011 2013 
10 1 26-Apr-2013 2014 
10 1 25-Aug-2013 2015 
10 1 17-Sep-2014 2016 
10 1 08-Oct-2015 2017 
10 1 04-Feb-2017 2018 
10 1 07-Apr-2018 2019 
10 1 23-Sep-2018 2020 
