5.080000e+00 1 14-May-2000 2001 
5.080000e+00 1 26-Apr-2001 2001 
5.080000e+00 1 NaT 2002 
5.080000e+00 1 04-May-2003 2003 
5.080000e+00 2 15-May-2004 2004 
5.080000e+00 2 10-Apr-2005 2005 
5.080000e+00 2 NaT 2006 
5.080000e+00 2 NaT 2007 
5.080000e+00 2 NaT 2008 
5.080000e+00 2 04-Feb-2009 2009 
5.080000e+00 2 05-May-2010 2010 
5.080000e+00 2 16-Mar-2011 2011 
5.080000e+00 2 29-Apr-2012 2012 
5.080000e+00 2 09-Apr-2013 2013 
5.080000e+00 2 08-Apr-2014 2014 
5.080000e+00 2 NaT 2015 
5.080000e+00 2 03-Apr-2016 2016 
5.080000e+00 2 13-Mar-2017 2017 
5.080000e+00 2 NaT 2018 
5.080000e+00 2 26-May-2019 2019 
5.080000e+00 3 19-Jun-2015 2016 
5.080000e+00 3 26-Oct-2016 2017 
5.080000e+00 3 05-Jul-2017 2018 
5.080000e+00 4 24-Jun-2005 2005 
5.080000e+00 4 NaT 2006 
5.080000e+00 4 20-Jul-2007 2007 
5.080000e+00 4 02-Sep-2008 2008 
5.080000e+00 4 NaT 2009 
5.080000e+00 4 30-Apr-2010 2010 
5.080000e+00 4 09-Apr-2011 2011 
5.080000e+00 4 20-Apr-2012 2012 
5.080000e+00 4 22-Aug-2013 2013 
5.080000e+00 4 NaT 2014 
5.080000e+00 4 10-Aug-2015 2015 
5.080000e+00 4 07-Jun-2016 2016 
5.080000e+00 5 20-Apr-2000 2001 
5.080000e+00 5 19-Apr-2001 2001 
5.080000e+00 5 NaT 2002 
5.080000e+00 5 13-Jul-2003 2003 
5.080000e+00 5 29-Apr-2004 2004 
5.080000e+00 5 28-May-2005 2005 
5.080000e+00 9 NaT 2007 
5.080000e+00 9 04-May-2008 2008 
5.080000e+00 9 27-May-2009 2009 
5.080000e+00 9 NaT 2010 
5.080000e+00 9 08-Aug-2011 2011 
5.080000e+00 9 27-Sep-2012 2012 
5.080000e+00 9 NaT 2013 
5.080000e+00 9 20-May-2014 2014 
5.080000e+00 9 24-Aug-2015 2015 
5.080000e+00 9 22-Jun-2016 2016 
5.080000e+00 9 20-May-2017 2017 
5.080000e+00 9 04-Jun-2018 2018 
5.080000e+00 9 01-Jul-2019 2019 
5.080000e+00 10 NaT 2007 
5.080000e+00 10 01-May-2008 2008 
5.080000e+00 10 17-May-2009 2009 
5.080000e+00 10 29-Jun-2010 2010 
5.080000e+00 10 NaT 2011 
5.080000e+00 10 22-May-2012 2012 
5.080000e+00 10 NaT 2013 
5.080000e+00 10 10-Aug-2014 2014 
5.080000e+00 10 19-Jun-2015 2015 
5.080000e+00 10 26-May-2016 2016 
5.080000e+00 10 28-Apr-2017 2017 
5.080000e+00 10 NaT 2018 
5.080000e+00 10 20-Jul-2019 2019 
5.080000e+00 11 NaT 2014 
5.080000e+00 11 01-Apr-2015 2015 
5.080000e+00 11 04-Jun-2016 2016 
5.080000e+00 11 13-Apr-2017 2017 
5.080000e+00 11 22-May-2018 2018 
5.080000e+00 11 05-May-2019 2019 
5.080000e+00 12 NaT 2007 
5.080000e+00 12 18-May-2007 2008 
5.080000e+00 12 23-Jun-2008 2009 
5.080000e+00 12 02-Jun-2009 2010 
5.080000e+00 12 02-Aug-2010 2011 
5.080000e+00 12 27-Jul-2011 2012 
5.080000e+00 12 NaT 2013 
5.080000e+00 12 01-Jul-2013 2014 
5.080000e+00 12 NaT 2015 
5.080000e+00 13 NaT 2016 
5.080000e+00 13 03-Jun-2016 2017 
5.080000e+00 13 30-May-2017 2018 
5.080000e+00 13 NaT 2019 
5.080000e+00 14 NaT 2014 
5.080000e+00 14 NaT 2015 
5.080000e+00 14 28-Jun-2015 2016 
5.080000e+00 14 31-May-2016 2017 
5.080000e+00 14 09-Jun-2017 2018 
5.080000e+00 14 05-Jun-2018 2019 
5.080000e+00 14 26-Jul-2019 2020 
5.080000e+00 15 NaT 2005 
5.080000e+00 15 14-Sep-2005 2006 
5.080000e+00 15 20-Sep-2006 2007 
5.080000e+00 15 03-Oct-2007 2008 
5.080000e+00 15 16-Nov-2008 2009 
5.080000e+00 15 NaT 2010 
5.080000e+00 15 07-Aug-2010 2011 
5.080000e+00 15 NaT 2012 
5.080000e+00 15 28-Oct-2012 2013 
5.080000e+00 15 24-Aug-2013 2014 
5.080000e+00 17 NaT 2014 
5.080000e+00 17 30-Apr-2014 2015 
5.080000e+00 17 26-Jun-2015 2016 
5.080000e+00 17 24-May-2016 2017 
5.080000e+00 17 06-Jul-2017 2018 
5.080000e+00 17 19-Aug-2018 2019 
5.080000e+00 17 26-Aug-2019 2020 
5.080000e+00 19 NaT 2013 
5.080000e+00 19 14-Jun-2014 2014 
5.080000e+00 21 NaT 2007 
5.080000e+00 21 24-Apr-2008 2008 
5.080000e+00 21 06-May-2009 2009 
5.080000e+00 21 03-Jun-2010 2010 
5.080000e+00 21 13-Jun-2011 2011 
5.080000e+00 21 NaT 2012 
5.080000e+00 21 26-May-2013 2013 
5.080000e+00 21 NaT 2014 
5.080000e+00 21 31-Mar-2015 2015 
5.080000e+00 21 28-Mar-2016 2016 
5.080000e+00 21 17-Mar-2017 2017 
5.080000e+00 21 17-Apr-2018 2018 
5.080000e+00 21 06-Jul-2019 2019 
5.080000e+00 22 NaT 2007 
5.080000e+00 22 08-Jul-2008 2008 
5.080000e+00 22 15-Jul-2009 2009 
5.080000e+00 22 09-Jul-2010 2010 
5.080000e+00 22 23-Aug-2011 2011 
5.080000e+00 22 17-May-2012 2012 
5.080000e+00 22 27-May-2013 2013 
5.080000e+00 22 NaT 2014 
5.080000e+00 22 04-Jul-2015 2015 
5.080000e+00 22 17-Apr-2016 2016 
5.080000e+00 22 13-Jul-2017 2017 
5.080000e+00 22 29-Apr-2018 2018 
5.080000e+00 22 11-Jul-2019 2019 
5.080000e+00 24 11-Mar-2012 2012 
5.080000e+00 24 NaT 2013 
5.080000e+00 24 23-Feb-2014 2014 
5.080000e+00 24 24-Mar-2015 2015 
5.080000e+00 24 23-Feb-2016 2016 
5.080000e+00 24 19-Mar-2017 2017 
5.080000e+00 24 NaT 2018 
5.080000e+00 25 NaT 2001 
5.080000e+00 25 12-Jun-2000 2001 
5.080000e+00 25 22-May-2001 2002 
5.080000e+00 25 24-Jun-2002 2003 
5.080000e+00 25 30-May-2003 2004 
5.080000e+00 26 NaT 2005 
5.080000e+00 26 11-Jul-2005 2006 
5.080000e+00 26 06-May-2006 2007 
5.080000e+00 26 29-Jul-2007 2008 
5.080000e+00 26 27-Jun-2008 2009 
5.080000e+00 26 11-Jun-2009 2010 
5.080000e+00 26 29-Jul-2010 2011 
5.080000e+00 26 17-May-2011 2012 
5.080000e+00 26 05-Jul-2012 2013 
5.080000e+00 26 09-May-2013 2014 
5.080000e+00 26 21-May-2014 2015 
5.080000e+00 26 NaT 2016 
5.080000e+00 26 NaT 2017 
5.080000e+00 26 30-Apr-2017 2018 
5.080000e+00 26 01-Jun-2018 2019 
5.080000e+00 27 04-Jul-2010 2011 
5.080000e+00 27 15-Jun-2011 2012 
5.080000e+00 27 14-May-2012 2013 
5.080000e+00 27 07-May-2013 2014 
5.080000e+00 27 NaT 2015 
5.080000e+00 27 23-Feb-2015 2016 
5.080000e+00 27 NaT 2017 
5.080000e+00 27 26-May-2017 2018 
5.080000e+00 27 12-Jun-2018 2019 
5.080000e+00 27 26-Jun-2019 2020 
5.080000e+00 28 NaT 2007 
5.080000e+00 28 05-Apr-2008 2008 
5.080000e+00 28 27-Mar-2009 2009 
5.080000e+00 28 07-May-2010 2010 
5.080000e+00 28 06-Jun-2011 2011 
5.080000e+00 28 25-Apr-2012 2012 
5.080000e+00 28 15-Jun-2013 2013 
5.080000e+00 28 NaT 2014 
5.080000e+00 28 05-Aug-2015 2015 
5.080000e+00 28 13-Jun-2016 2016 
5.080000e+00 28 15-Apr-2017 2017 
5.080000e+00 28 13-Jun-2018 2018 
5.080000e+00 28 12-Apr-2019 2019 
5.080000e+00 29 NaT 2010 
5.080000e+00 29 29-Jun-2011 2011 
5.080000e+00 29 26-Apr-2012 2012 
5.080000e+00 29 05-May-2013 2013 
5.080000e+00 29 05-Jun-2014 2014 
5.080000e+00 29 27-Apr-2015 2015 
5.080000e+00 29 07-Jun-2016 2016 
5.080000e+00 29 24-May-2017 2017 
5.080000e+00 29 09-May-2018 2018 
5.080000e+00 29 17-May-2019 2019 
5.080000e+00 30 NaT 2010 
5.080000e+00 30 13-Mar-2011 2011 
5.080000e+00 30 NaT 2012 
5.080000e+00 30 NaT 2013 
5.080000e+00 30 12-Apr-2014 2014 
5.080000e+00 30 19-Jun-2015 2015 
5.080000e+00 30 29-Mar-2016 2016 
5.080000e+00 30 19-Mar-2017 2017 
5.080000e+00 30 11-Jun-2018 2018 
5.080000e+00 30 06-Jul-2019 2019 
5.080000e+00 31 06-Jun-2010 2010 
5.080000e+00 31 19-Jun-2011 2011 
5.080000e+00 31 16-May-2012 2012 
5.080000e+00 31 07-Jun-2013 2013 
5.080000e+00 31 16-Jun-2014 2014 
5.080000e+00 31 21-Jul-2015 2015 
5.080000e+00 31 18-Jun-2016 2016 
5.080000e+00 31 NaT 2017 
5.080000e+00 31 NaT 2018 
5.080000e+00 31 06-Jul-2019 2019 
5.080000e+00 33 NaT 2006 
5.080000e+00 33 30-Nov-2006 2007 
5.080000e+00 33 29-Jun-2007 2008 
5.080000e+00 33 NaT 2009 
5.080000e+00 35 NaT 2008 
5.080000e+00 35 22-Jun-2008 2009 
5.080000e+00 35 26-May-2009 2010 
5.080000e+00 35 01-Jul-2010 2011 
5.080000e+00 35 06-Jul-2011 2012 
5.080000e+00 35 26-Jun-2012 2013 
5.080000e+00 35 04-Sep-2013 2014 
5.080000e+00 35 29-Sep-2014 2015 
5.080000e+00 35 22-Jun-2015 2016 
5.080000e+00 35 09-Dec-2016 2017 
5.080000e+00 35 11-Jan-2018 2018 
5.080000e+00 35 05-May-2018 2019 
5.080000e+00 35 30-May-2019 2020 
5.080000e+00 36 19-Mar-2009 2009 
5.080000e+00 36 23-Mar-2010 2010 
5.080000e+00 36 12-Feb-2011 2011 
5.080000e+00 36 NaT 2012 
5.080000e+00 36 NaT 2013 
5.080000e+00 36 NaT 2014 
5.080000e+00 36 24-Feb-2015 2015 
5.080000e+00 36 21-Apr-2016 2016 
5.080000e+00 36 06-Aug-2017 2017 
5.080000e+00 36 12-Feb-2018 2018 
5.080000e+00 36 02-May-2019 2019 
5.080000e+00 37 24-Mar-2010 2010 
5.080000e+00 37 NaT 2011 
5.080000e+00 37 01-Apr-2012 2012 
5.080000e+00 37 18-Oct-2012 2013 
5.080000e+00 37 13-Oct-2013 2014 
5.080000e+00 37 07-Oct-2014 2015 
5.080000e+00 37 19-Mar-2016 2016 
5.080000e+00 37 14-Apr-2017 2017 
5.080000e+00 37 14-Apr-2018 2018 
5.080000e+00 37 30-Nov-2018 2019 
5.080000e+00 38 28-Mar-2010 2010 
5.080000e+00 38 13-Nov-2010 2011 
5.080000e+00 38 04-Mar-2012 2012 
5.080000e+00 38 01-Mar-2013 2013 
5.080000e+00 38 15-Jan-2014 2014 
5.080000e+00 38 07-Apr-2015 2015 
5.080000e+00 38 21-Dec-2015 2016 
5.080000e+00 38 02-Mar-2017 2017 
5.080000e+00 38 24-Mar-2018 2018 
5.080000e+00 38 10-Nov-2018 2019 
5.080000e+00 39 NaT 2010 
5.080000e+00 39 10-Mar-2011 2011 
5.080000e+00 39 31-Mar-2012 2012 
5.080000e+00 39 19-Feb-2013 2013 
5.080000e+00 39 03-May-2014 2014 
5.080000e+00 39 31-Mar-2015 2015 
5.080000e+00 39 09-Mar-2016 2016 
5.080000e+00 39 26-Mar-2017 2017 
5.080000e+00 39 28-Mar-2018 2018 
5.080000e+00 39 14-May-2019 2019 
5.080000e+00 40 NaT 2013 
5.080000e+00 40 22-Apr-2014 2014 
5.080000e+00 40 06-Apr-2015 2015 
5.080000e+00 40 07-Apr-2016 2016 
5.080000e+00 40 17-Mar-2017 2017 
5.080000e+00 40 NaT 2018 
5.080000e+00 40 28-Apr-2019 2019 
5.080000e+00 41 NaT 2008 
5.080000e+00 41 15-May-2009 2009 
5.080000e+00 41 24-Jun-2010 2010 
5.080000e+00 41 16-Jun-2011 2011 
5.080000e+00 41 16-May-2012 2012 
5.080000e+00 42 NaT 2013 
5.080000e+00 42 26-May-2014 2014 
5.080000e+00 42 NaT 2015 
5.080000e+00 42 30-Mar-2016 2016 
5.080000e+00 42 10-May-2017 2017 
5.080000e+00 42 NaT 2018 
5.080000e+00 42 11-Apr-2019 2019 
5.080000e+00 44 NaT 2007 
5.080000e+00 44 30-Jun-2007 2008 
5.080000e+00 44 23-Jun-2008 2009 
5.080000e+00 44 23-May-2009 2010 
5.080000e+00 44 16-Jul-2010 2011 
5.080000e+00 44 03-Aug-2011 2012 
5.080000e+00 44 NaT 2013 
5.080000e+00 44 NaT 2014 
5.080000e+00 44 21-Sep-2014 2015 
5.080000e+00 44 19-Jun-2015 2016 
5.080000e+00 46 NaT 2011 
5.080000e+00 46 NaT 2012 
5.080000e+00 47 NaT 2005 
5.080000e+00 47 18-Jun-2005 2006 
5.080000e+00 47 23-Sep-2006 2007 
5.080000e+00 47 23-Jun-2007 2008 
5.080000e+00 47 30-Sep-2008 2009 
5.080000e+00 47 11-Jul-2009 2010 
5.080000e+00 47 18-Aug-2010 2011 
5.080000e+00 48 NaT 2016 
5.080000e+00 48 20-Nov-2016 2017 
5.080000e+00 48 05-Dec-2017 2018 
5.080000e+00 48 09-Mar-2019 2019 
5.080000e+00 49 08-May-2000 2001 
5.080000e+00 49 02-Jun-2001 2001 
5.080000e+00 49 14-Aug-2002 2002 
5.080000e+00 49 05-Jul-2003 2003 
5.080000e+00 49 02-Jul-2004 2004 
5.080000e+00 49 19-Jun-2005 2005 
5.080000e+00 49 19-Feb-2006 2006 
5.080000e+00 50 NaT 2007 
5.080000e+00 50 11-May-2008 2008 
5.080000e+00 50 10-Jun-2009 2009 
5.080000e+00 50 30-Jul-2010 2010 
5.080000e+00 50 10-Jul-2011 2011 
5.080000e+00 50 20-May-2012 2012 
5.080000e+00 50 07-May-2013 2013 
5.080000e+00 50 21-May-2014 2014 
5.080000e+00 50 31-May-2015 2015 
5.080000e+00 50 21-Jul-2016 2016 
5.080000e+00 50 24-May-2017 2017 
5.080000e+00 50 17-Jun-2018 2018 
5.080000e+00 50 11-May-2019 2019 
5.080000e+00 51 31-Mar-2010 2010 
5.080000e+00 51 NaT 2011 
5.080000e+00 51 NaT 2012 
5.080000e+00 51 03-May-2013 2013 
5.080000e+00 51 NaT 2014 
5.080000e+00 51 NaT 2015 
5.080000e+00 51 23-Mar-2016 2016 
5.080000e+00 51 26-Apr-2017 2017 
5.080000e+00 51 13-Jun-2018 2018 
5.080000e+00 51 17-May-2019 2019 
5.080000e+00 52 NaT 2010 
5.080000e+00 52 NaT 2011 
5.080000e+00 52 NaT 2012 
5.080000e+00 52 NaT 2013 
5.080000e+00 52 NaT 2014 
5.080000e+00 52 NaT 2015 
5.080000e+00 52 05-May-2016 2016 
5.080000e+00 52 27-Apr-2017 2017 
5.080000e+00 52 NaT 2018 
5.080000e+00 52 26-May-2019 2019 
5.080000e+00 53 20-May-2008 2008 
5.080000e+00 53 04-May-2009 2009 
5.080000e+00 53 02-Jun-2010 2010 
5.080000e+00 53 05-May-2011 2011 
5.080000e+00 53 10-May-2012 2012 
5.080000e+00 54 NaT 2014 
5.080000e+00 54 25-May-2014 2015 
5.080000e+00 54 25-May-2015 2016 
5.080000e+00 54 03-Jul-2016 2017 
5.080000e+00 54 13-May-2017 2018 
5.080000e+00 54 04-Jun-2018 2019 
5.080000e+00 54 04-Sep-2019 2020 
5.080000e+00 55 NaT 2006 
5.080000e+00 55 07-Jun-2007 2007 
5.080000e+00 55 26-Aug-2008 2008 
5.080000e+00 55 23-Aug-2009 2009 
5.080000e+00 55 26-Jun-2010 2010 
5.080000e+00 55 28-Jun-2011 2011 
5.080000e+00 55 22-May-2012 2012 
5.080000e+00 55 29-Jun-2013 2013 
5.080000e+00 55 07-Jun-2014 2014 
5.080000e+00 55 22-Jun-2015 2015 
5.080000e+00 55 02-Aug-2016 2016 
5.080000e+00 55 27-May-2017 2017 
5.080000e+00 55 13-May-2018 2018 
5.080000e+00 55 17-Jul-2019 2019 
5.080000e+00 56 NaT 2010 
5.080000e+00 56 16-Mar-2010 2011 
5.080000e+00 56 18-Apr-2011 2012 
5.080000e+00 56 NaT 2013 
5.080000e+00 56 02-Jun-2013 2014 
5.080000e+00 56 12-Apr-2014 2015 
5.080000e+00 56 NaT 2016 
5.080000e+00 56 04-May-2016 2017 
5.080000e+00 56 05-Oct-2017 2018 
5.080000e+00 56 15-Jun-2018 2019 
5.080000e+00 56 22-May-2019 2020 
5.080000e+00 57 NaT 2007 
5.080000e+00 57 22-Mar-2008 2008 
5.080000e+00 57 25-Mar-2009 2009 
5.080000e+00 57 03-May-2010 2010 
5.080000e+00 57 NaT 2011 
5.080000e+00 57 NaT 2012 
5.080000e+00 57 02-May-2013 2013 
5.080000e+00 57 NaT 2014 
5.080000e+00 57 01-Apr-2015 2015 
5.080000e+00 57 23-Mar-2016 2016 
5.080000e+00 57 NaT 2017 
5.080000e+00 57 16-May-2018 2018 
5.080000e+00 57 29-Apr-2019 2019 
5.080000e+00 58 NaT 2008 
5.080000e+00 58 26-Jun-2008 2009 
5.080000e+00 58 04-Aug-2009 2010 
5.080000e+00 58 22-Jun-2010 2011 
5.080000e+00 58 18-Jun-2011 2012 
5.080000e+00 58 02-Jun-2012 2013 
5.080000e+00 58 14-May-2013 2014 
5.080000e+00 58 14-Jun-2014 2015 
5.080000e+00 58 01-Jul-2015 2016 
5.080000e+00 58 28-Sep-2016 2017 
5.080000e+00 58 30-Jul-2017 2018 
5.080000e+00 58 26-Jun-2018 2019 
5.080000e+00 58 28-Jun-2019 2020 
5.080000e+00 59 NaT 2007 
5.080000e+00 59 15-Jul-2007 2008 
5.080000e+00 59 26-Jun-2008 2009 
5.080000e+00 59 25-May-2009 2010 
5.080000e+00 59 30-Jun-2010 2011 
5.080000e+00 59 09-Jul-2011 2012 
5.080000e+00 59 17-May-2012 2013 
5.080000e+00 59 30-Jun-2013 2014 
5.080000e+00 59 12-May-2014 2015 
5.080000e+00 59 05-Jul-2015 2016 
5.080000e+00 59 23-Jun-2016 2017 
5.080000e+00 59 29-Jun-2017 2018 
5.080000e+00 59 29-Apr-2018 2019 
5.080000e+00 59 22-Jul-2019 2020 
5.080000e+00 60 NaT 2014 
5.080000e+00 60 04-May-2015 2015 
5.080000e+00 60 06-Jul-2016 2016 
5.080000e+00 60 21-Mar-2017 2017 
5.080000e+00 60 22-May-2018 2018 
5.080000e+00 60 17-Apr-2019 2019 
5.080000e+00 61 NaT 2008 
5.080000e+00 61 21-May-2008 2009 
5.080000e+00 61 NaT 2010 
5.080000e+00 61 21-May-2010 2011 
5.080000e+00 61 10-Jun-2011 2012 
5.080000e+00 61 28-Jul-2012 2013 
5.080000e+00 61 10-Oct-2013 2014 
5.080000e+00 61 28-Oct-2014 2015 
5.080000e+00 61 10-Jun-2015 2016 
5.080000e+00 61 NaT 2017 
5.080000e+00 61 26-Apr-2017 2018 
5.080000e+00 61 NaT 2019 
5.080000e+00 61 06-Jul-2019 2020 
5.080000e+00 62 NaT 2008 
5.080000e+00 62 06-Oct-2008 2009 
5.080000e+00 62 NaT 2010 
5.080000e+00 62 31-Jul-2010 2011 
5.080000e+00 62 17-Jun-2011 2012 
5.080000e+00 62 05-Aug-2012 2013 
5.080000e+00 62 NaT 2014 
5.080000e+00 62 09-Aug-2014 2015 
5.080000e+00 62 26-Jun-2015 2016 
5.080000e+00 62 26-Jul-2016 2017 
5.080000e+00 62 10-Jun-2017 2018 
5.080000e+00 62 08-Jun-2018 2019 
5.080000e+00 63 NaT 2001 
5.080000e+00 63 NaT 2001 
5.080000e+00 63 29-Oct-2001 2002 
5.080000e+00 63 04-Oct-2002 2003 
5.080000e+00 63 NaT 2004 
5.080000e+00 63 31-Jul-2004 2005 
5.080000e+00 63 25-Jun-2005 2006 
5.080000e+00 63 NaT 2007 
5.080000e+00 65 30-May-2010 2010 
5.080000e+00 65 06-Jun-2011 2011 
5.080000e+00 65 13-May-2012 2012 
5.080000e+00 65 NaT 2013 
5.080000e+00 65 NaT 2014 
5.080000e+00 65 25-Apr-2015 2015 
5.080000e+00 65 23-May-2016 2016 
5.080000e+00 65 30-Apr-2017 2017 
5.080000e+00 65 13-Aug-2018 2018 
5.080000e+00 65 27-Jun-2019 2019 
5.080000e+00 66 05-Jul-2010 2010 
5.080000e+00 66 NaT 2011 
5.080000e+00 66 09-May-2012 2012 
5.080000e+00 66 02-May-2013 2013 
5.080000e+00 66 04-Jun-2014 2014 
5.080000e+00 66 26-Mar-2015 2015 
5.080000e+00 66 21-Jun-2016 2016 
5.080000e+00 66 21-May-2017 2017 
5.080000e+00 66 11-May-2018 2018 
5.080000e+00 66 17-May-2019 2019 
5.080000e+00 67 NaT 2007 
5.080000e+00 67 17-Apr-2008 2008 
5.080000e+00 67 17-May-2009 2009 
5.080000e+00 67 27-May-2010 2010 
5.080000e+00 67 15-Jun-2011 2011 
5.080000e+00 67 NaT 2012 
5.080000e+00 67 05-May-2013 2013 
5.080000e+00 67 18-Apr-2014 2014 
5.080000e+00 67 03-Apr-2015 2015 
5.080000e+00 67 18-Sep-2016 2016 
5.080000e+00 67 21-May-2017 2017 
5.080000e+00 67 04-Jun-2018 2018 
5.080000e+00 68 NaT 2010 
5.080000e+00 68 15-Jun-2010 2011 
5.080000e+00 68 05-Jul-2011 2012 
5.080000e+00 68 11-May-2012 2013 
5.080000e+00 68 21-May-2013 2014 
5.080000e+00 68 NaT 2015 
5.080000e+00 68 01-Apr-2015 2016 
5.080000e+00 68 02-Jul-2016 2017 
5.080000e+00 68 02-Jun-2017 2018 
5.080000e+00 68 16-Jun-2018 2019 
5.080000e+00 68 13-Jul-2019 2020 
5.080000e+00 69 21-Nov-2005 2006 
5.080000e+00 69 21-Sep-2006 2007 
5.080000e+00 69 23-Jun-2007 2008 
5.080000e+00 69 15-Nov-2008 2009 
5.080000e+00 69 10-Jul-2009 2010 
5.080000e+00 69 28-Jul-2010 2011 
5.080000e+00 71 NaT 2009 
5.080000e+00 71 17-Jul-2009 2010 
5.080000e+00 71 27-Jun-2010 2011 
5.080000e+00 71 06-Jul-2011 2012 
5.080000e+00 71 28-May-2012 2013 
5.080000e+00 71 07-Jun-2013 2014 
5.080000e+00 71 03-Jun-2014 2015 
5.080000e+00 71 30-Aug-2015 2016 
5.080000e+00 71 19-Jun-2016 2017 
5.080000e+00 71 09-Jun-2017 2018 
5.080000e+00 71 08-Jul-2018 2019 
5.080000e+00 72 NaT 2009 
5.080000e+00 72 NaT 2010 
5.080000e+00 72 24-Jun-2010 2011 
5.080000e+00 72 05-Jul-2011 2012 
5.080000e+00 72 02-Jul-2012 2013 
5.080000e+00 72 19-Jun-2013 2014 
5.080000e+00 72 01-Jun-2014 2015 
5.080000e+00 72 01-Sep-2015 2016 
5.080000e+00 72 25-Jun-2016 2017 
5.080000e+00 72 02-Aug-2017 2018 
5.080000e+00 72 12-Aug-2018 2019 
5.080000e+00 76 NaT 2014 
5.080000e+00 76 07-Sep-2015 2015 
5.080000e+00 76 28-Jul-2016 2016 
5.080000e+00 76 NaT 2017 
5.080000e+00 76 NaT 2018 
5.080000e+00 76 08-Aug-2019 2019 
5.080000e+00 77 NaT 2010 
5.080000e+00 77 13-Feb-2011 2011 
5.080000e+00 77 NaT 2012 
5.080000e+00 77 NaT 2013 
5.080000e+00 77 29-Jan-2014 2014 
5.080000e+00 77 19-Mar-2015 2015 
5.080000e+00 77 29-Feb-2016 2016 
5.080000e+00 77 11-Mar-2017 2017 
5.080000e+00 77 01-May-2018 2018 
5.080000e+00 77 01-Apr-2019 2019 
5.080000e+00 78 07-May-2010 2010 
5.080000e+00 78 12-Nov-2010 2011 
5.080000e+00 78 07-Mar-2012 2012 
5.080000e+00 78 31-Mar-2013 2013 
5.080000e+00 78 20-Feb-2014 2014 
5.080000e+00 78 30-Oct-2014 2015 
5.080000e+00 78 29-Feb-2016 2016 
5.080000e+00 78 NaT 2017 
5.080000e+00 78 10-May-2018 2018 
5.080000e+00 79 27-May-2012 2012 
5.080000e+00 79 19-Apr-2013 2013 
5.080000e+00 79 07-Feb-2014 2014 
5.080000e+00 79 13-Apr-2015 2015 
5.080000e+00 79 NaT 2016 
5.080000e+00 79 04-Apr-2017 2017 
5.080000e+00 80 NaT 2008 
5.080000e+00 80 18-Dec-2008 2009 
5.080000e+00 80 23-May-2009 2010 
5.080000e+00 80 02-Jul-2010 2011 
5.080000e+00 80 30-Jun-2011 2012 
5.080000e+00 80 21-Jun-2012 2013 
5.080000e+00 80 17-Jul-2013 2014 
5.080000e+00 80 23-Sep-2014 2015 
5.080000e+00 81 NaT 2016 
5.080000e+00 82 02-Jun-2010 2010 
5.080000e+00 82 19-Apr-2011 2011 
5.080000e+00 82 22-Apr-2012 2012 
5.080000e+00 82 21-Jun-2013 2013 
5.080000e+00 82 10-Jun-2014 2014 
5.080000e+00 82 29-Jun-2015 2015 
5.080000e+00 82 28-Mar-2016 2016 
5.080000e+00 82 15-May-2017 2017 
5.080000e+00 82 04-Jun-2018 2018 
5.080000e+00 82 23-Jun-2019 2019 
5.080000e+00 83 NaT 2010 
5.080000e+00 83 30-Apr-2011 2011 
5.080000e+00 83 30-Apr-2012 2012 
5.080000e+00 83 NaT 2013 
5.080000e+00 83 15-Apr-2014 2014 
5.080000e+00 83 NaT 2015 
5.080000e+00 83 08-Mar-2016 2016 
5.080000e+00 83 NaT 2017 
5.080000e+00 83 NaT 2018 
5.080000e+00 83 17-Apr-2019 2019 
5.080000e+00 84 NaT 2015 
5.080000e+00 84 04-Mar-2015 2016 
5.080000e+00 84 14-Jul-2016 2017 
5.080000e+00 84 20-Apr-2017 2018 
5.080000e+00 84 17-Jun-2018 2019 
5.080000e+00 85 NaT 2008 
5.080000e+00 85 13-May-2008 2009 
5.080000e+00 85 28-May-2009 2010 
5.080000e+00 85 09-Jul-2010 2011 
5.080000e+00 85 24-Jun-2011 2012 
5.080000e+00 85 01-Jun-2012 2013 
5.080000e+00 85 24-Jun-2013 2014 
5.080000e+00 85 NaT 2015 
5.080000e+00 85 18-Apr-2015 2016 
5.080000e+00 85 01-Aug-2016 2017 
5.080000e+00 85 23-May-2017 2018 
5.080000e+00 85 22-Sep-2018 2019 
5.080000e+00 85 04-Jul-2019 2020 
5.080000e+00 86 NaT 2015 
5.080000e+00 86 NaT 2016 
5.080000e+00 86 24-Jun-2016 2017 
5.080000e+00 86 29-May-2017 2018 
5.080000e+00 86 23-Sep-2018 2019 
5.080000e+00 86 07-Aug-2019 2020 
5.080000e+00 87 15-May-2010 2010 
5.080000e+00 87 NaT 2011 
5.080000e+00 87 11-Jun-2012 2012 
5.080000e+00 87 08-Jun-2013 2013 
5.080000e+00 87 24-Apr-2014 2014 
5.080000e+00 87 22-Jun-2015 2015 
5.080000e+00 87 14-Aug-2016 2016 
5.080000e+00 87 08-Jun-2017 2017 
5.080000e+00 87 20-Jun-2018 2018 
5.080000e+00 87 26-Jun-2019 2019 
5.080000e+00 88 NaT 2010 
5.080000e+00 88 24-Apr-2011 2011 
5.080000e+00 88 NaT 2012 
5.080000e+00 88 21-Mar-2013 2013 
5.080000e+00 88 12-Mar-2014 2014 
5.080000e+00 88 NaT 2015 
5.080000e+00 88 29-Feb-2016 2016 
5.080000e+00 88 16-Mar-2017 2017 
5.080000e+00 88 NaT 2018 
5.080000e+00 88 10-Apr-2019 2019 
5.080000e+00 89 NaT 2007 
5.080000e+00 89 08-Jul-2007 2008 
5.080000e+00 89 26-Jun-2008 2009 
5.080000e+00 89 06-Jun-2009 2010 
5.080000e+00 89 30-Jun-2010 2011 
5.080000e+00 89 21-May-2011 2012 
5.080000e+00 89 05-Jul-2012 2013 
5.080000e+00 89 19-Jul-2013 2014 
5.080000e+00 89 27-Sep-2014 2015 
5.080000e+00 89 14-Jun-2015 2016 
5.080000e+00 89 27-Jun-2016 2017 
5.080000e+00 89 01-Jun-2017 2018 
5.080000e+00 89 12-Jul-2018 2019 
5.080000e+00 89 14-May-2019 2020 
5.080000e+00 90 27-May-2001 2001 
5.080000e+00 90 28-Mar-2002 2002 
5.080000e+00 90 19-Apr-2003 2003 
5.080000e+00 90 30-May-2004 2004 
5.080000e+00 90 28-Mar-2005 2005 
5.080000e+00 90 06-Oct-2005 2006 
5.080000e+00 90 05-Sep-2007 2007 
5.080000e+00 90 19-Jan-2008 2008 
5.080000e+00 90 06-Apr-2009 2009 
5.080000e+00 90 31-Oct-2009 2010 
5.080000e+00 90 04-Nov-2010 2011 
5.080000e+00 90 08-Mar-2012 2012 
5.080000e+00 90 16-Nov-2012 2013 
5.080000e+00 90 NaT 2014 
5.080000e+00 90 10-Mar-2015 2015 
5.080000e+00 90 26-Mar-2016 2016 
5.080000e+00 90 04-Apr-2017 2017 
5.080000e+00 90 19-Apr-2018 2018 
5.080000e+00 90 10-Nov-2018 2019 
5.080000e+00 91 NaT 2005 
5.080000e+00 91 17-Sep-2005 2006 
5.080000e+00 91 18-Sep-2006 2007 
5.080000e+00 91 NaT 2008 
5.080000e+00 91 NaT 2009 
5.080000e+00 91 NaT 2010 
5.080000e+00 91 NaT 2011 
5.080000e+00 91 22-Jan-2012 2012 
5.080000e+00 91 NaT 2013 
5.080000e+00 91 30-Sep-2013 2014 
10 1 08-May-2000 2001 
10 1 31-May-2001 2001 
10 1 NaT 2002 
10 1 03-Jun-2003 2003 
10 1 06-May-2004 2004 
10 1 19-Apr-2005 2005 
10 1 NaT 2006 
10 1 29-Jun-2007 2007 
10 1 29-Apr-2008 2008 
10 1 05-Jun-2009 2009 
10 1 06-Jul-2010 2010 
10 1 26-Jun-2011 2011 
10 1 24-May-2012 2012 
10 1 06-May-2013 2013 
10 1 16-Jun-2014 2014 
10 1 13-Apr-2015 2015 
10 1 19-Jun-2016 2016 
10 1 06-Jun-2017 2017 
10 1 12-Jun-2018 2018 
10 1 07-Jul-2019 2019 
