5.080000e+00 1 NaN 2001 
5.080000e+00 1 58.000000 2001 
5.080000e+00 1 64.002195 2002 
5.080000e+00 1 53.776861 2003 
5.080000e+00 2 NaN 2004 
5.080000e+00 2 -23.013361 2005 
5.080000e+00 2 -78.549415 2006 
5.080000e+00 2 -0.244177 2007 
5.080000e+00 2 -19.097135 2008 
5.080000e+00 2 -94.032604 2009 
5.080000e+00 2 35.342793 2010 
5.080000e+00 2 NaN 2011 
5.080000e+00 2 NaN 2012 
5.080000e+00 2 -120.827471 2013 
5.080000e+00 2 -143.227436 2014 
5.080000e+00 2 -137.688283 2015 
5.080000e+00 2 -7.287062 2016 
5.080000e+00 2 -142.097296 2017 
5.080000e+00 2 -97.433910 2018 
5.080000e+00 2 -86.110378 2019 
5.080000e+00 3 -163.320364 2016 
5.080000e+00 3 NaN 2017 
5.080000e+00 3 -217.388031 2018 
5.080000e+00 4 NaN 2005 
5.080000e+00 4 -150.182608 2006 
5.080000e+00 4 66.298122 2007 
5.080000e+00 4 NaN 2008 
5.080000e+00 4 67.172454 2009 
5.080000e+00 4 38.000000 2010 
5.080000e+00 4 NaN 2011 
5.080000e+00 4 -35.159748 2012 
5.080000e+00 4 39.263237 2013 
5.080000e+00 4 -142.018124 2014 
5.080000e+00 4 -9.685876 2015 
5.080000e+00 4 -110.106994 2016 
5.080000e+00 4 NaN 2017 
5.080000e+00 5 43.375107 2001 
5.080000e+00 5 46.125235 2001 
5.080000e+00 5 NaN 2002 
5.080000e+00 5 129.040341 2003 
5.080000e+00 5 NaN 2004 
5.080000e+00 5 14.701502 2005 
5.080000e+00 9 NaN 2007 
5.080000e+00 9 44.743018 2008 
5.080000e+00 9 31.578736 2009 
5.080000e+00 9 83.000346 2010 
5.080000e+00 9 125.449635 2011 
5.080000e+00 9 53.730587 2012 
5.080000e+00 9 58.404475 2013 
5.080000e+00 9 105.534977 2014 
5.080000e+00 9 43.995509 2015 
5.080000e+00 9 2.711272 2016 
5.080000e+00 9 NaN 2017 
5.080000e+00 9 231.419923 2018 
5.080000e+00 9 129.870543 2019 
5.080000e+00 10 NaN 2007 
5.080000e+00 10 54.344196 2008 
5.080000e+00 10 43.833375 2009 
5.080000e+00 10 76.099955 2010 
5.080000e+00 10 116.482457 2011 
5.080000e+00 10 75.259650 2012 
5.080000e+00 10 107.999996 2013 
5.080000e+00 10 29.650381 2014 
5.080000e+00 10 38.801144 2015 
5.080000e+00 10 25.736732 2016 
5.080000e+00 10 24.204672 2017 
5.080000e+00 10 106.302739 2018 
5.080000e+00 10 138.898931 2019 
5.080000e+00 11 NaN 2015 
5.080000e+00 11 -225.126442 2016 
5.080000e+00 11 -220.474276 2017 
5.080000e+00 11 -234.650577 2018 
5.080000e+00 11 -230.344837 2019 
5.080000e+00 11 -211.558969 2020 
5.080000e+00 12 NaN 2006 
5.080000e+00 12 30.580507 2007 
5.080000e+00 12 25.715752 2008 
5.080000e+00 12 93.562571 2009 
5.080000e+00 12 25.435017 2010 
5.080000e+00 12 164.140481 2011 
5.080000e+00 12 135.005526 2012 
5.080000e+00 12 127.939084 2013 
5.080000e+00 12 84.851555 2014 
5.080000e+00 12 42.769893 2015 
5.080000e+00 13 -327.747712 2017 
5.080000e+00 13 -308.690588 2018 
5.080000e+00 13 -279.627953 2019 
5.080000e+00 14 -98.720182 2014 
5.080000e+00 14 -228.615599 2015 
5.080000e+00 14 -170.999903 2016 
5.080000e+00 14 -234.649060 2017 
5.080000e+00 14 -207.000000 2018 
5.080000e+00 14 NaN 2019 
5.080000e+00 14 -98.968210 2020 
5.080000e+00 15 NaN 2005 
5.080000e+00 15 -84.350085 2006 
5.080000e+00 15 -4.648096 2007 
5.080000e+00 15 -140.452479 2008 
5.080000e+00 15 -104.764003 2009 
5.080000e+00 15 NaN 2010 
5.080000e+00 15 -27.347757 2011 
5.080000e+00 15 -33.459401 2012 
5.080000e+00 15 -117.459218 2013 
5.080000e+00 15 -142.078336 2014 
5.080000e+00 17 -300.110121 2015 
5.080000e+00 17 -292.852890 2016 
5.080000e+00 17 -288.995778 2017 
5.080000e+00 17 -284.339738 2018 
5.080000e+00 17 -294.509724 2019 
5.080000e+00 17 -281.852276 2020 
5.080000e+00 19 NaN 2013 
5.080000e+00 19 17.670305 2014 
5.080000e+00 21 NaN 2007 
5.080000e+00 21 50.382258 2008 
5.080000e+00 21 77.431860 2009 
5.080000e+00 21 86.392684 2010 
5.080000e+00 21 115.864515 2011 
5.080000e+00 21 77.843883 2012 
5.080000e+00 21 100.249083 2013 
5.080000e+00 21 30.529569 2014 
5.080000e+00 21 11.475950 2015 
5.080000e+00 21 6.353129 2016 
5.080000e+00 21 20.526105 2017 
5.080000e+00 21 NaN 2018 
5.080000e+00 21 180.616807 2019 
5.080000e+00 22 NaN 2007 
5.080000e+00 22 68.529475 2008 
5.080000e+00 22 146.490206 2009 
5.080000e+00 22 104.316692 2010 
5.080000e+00 22 129.320993 2011 
5.080000e+00 22 96.305956 2012 
5.080000e+00 22 105.000005 2013 
5.080000e+00 22 117.929986 2014 
5.080000e+00 22 2.832960 2015 
5.080000e+00 22 111.381558 2016 
5.080000e+00 22 116.244834 2017 
5.080000e+00 22 114.999958 2018 
5.080000e+00 22 133.930917 2019 
5.080000e+00 24 99.545079 2012 
5.080000e+00 24 53.493633 2013 
5.080000e+00 24 29.421633 2014 
5.080000e+00 24 40.185802 2015 
5.080000e+00 24 -4.224339 2016 
5.080000e+00 24 34.430773 2017 
5.080000e+00 24 NaN 2018 
5.080000e+00 25 -279.588409 2001 
5.080000e+00 25 -273.999980 2002 
5.080000e+00 25 -288.203016 2003 
5.080000e+00 25 -196.000000 2004 
5.080000e+00 26 NaN 2005 
5.080000e+00 26 -274.745842 2006 
5.080000e+00 26 -276.166822 2007 
5.080000e+00 26 -186.000199 2008 
5.080000e+00 26 -315.252150 2009 
5.080000e+00 26 -250.822771 2010 
5.080000e+00 26 -310.337701 2011 
5.080000e+00 26 -161.999482 2012 
5.080000e+00 26 -211.442585 2013 
5.080000e+00 26 -304.652841 2014 
5.080000e+00 26 -287.619749 2015 
5.080000e+00 26 -330.182474 2016 
5.080000e+00 26 -237.447209 2017 
5.080000e+00 26 -177.474360 2018 
5.080000e+00 26 -270.176481 2019 
5.080000e+00 27 100.000000 2010 
5.080000e+00 27 67.040443 2011 
5.080000e+00 27 95.314492 2012 
5.080000e+00 27 34.673683 2013 
5.080000e+00 27 20.608917 2014 
5.080000e+00 27 4.546230 2015 
5.080000e+00 27 21.922540 2016 
5.080000e+00 27 61.885615 2017 
5.080000e+00 27 39.450032 2018 
5.080000e+00 27 142.946730 2019 
5.080000e+00 28 NaN 2007 
5.080000e+00 28 51.750630 2008 
5.080000e+00 28 23.121884 2009 
5.080000e+00 28 60.280993 2010 
5.080000e+00 28 129.999893 2011 
5.080000e+00 28 103.870250 2012 
5.080000e+00 28 101.919750 2013 
5.080000e+00 28 111.653628 2014 
5.080000e+00 28 120.267820 2015 
5.080000e+00 28 58.002546 2016 
5.080000e+00 28 26.344616 2017 
5.080000e+00 28 90.400161 2018 
5.080000e+00 28 61.469279 2019 
5.080000e+00 29 107.730043 2010 
5.080000e+00 29 70.512122 2011 
5.080000e+00 29 58.650129 2012 
5.080000e+00 29 103.571688 2013 
5.080000e+00 29 102.000000 2014 
5.080000e+00 29 52.499867 2015 
5.080000e+00 29 141.543795 2016 
5.080000e+00 29 41.684127 2017 
5.080000e+00 29 171.577778 2018 
5.080000e+00 29 70.801373 2019 
5.080000e+00 30 43.587486 2010 
5.080000e+00 30 65.734481 2011 
5.080000e+00 30 84.779086 2012 
5.080000e+00 30 97.000440 2013 
5.080000e+00 30 91.987119 2014 
5.080000e+00 30 117.718630 2015 
5.080000e+00 30 20.512672 2016 
5.080000e+00 30 50.420884 2017 
5.080000e+00 30 102.286506 2018 
5.080000e+00 30 126.000000 2019 
5.080000e+00 31 32.926483 2010 
5.080000e+00 31 74.242084 2011 
5.080000e+00 31 57.740692 2012 
5.080000e+00 31 39.612166 2013 
5.080000e+00 31 23.644489 2014 
5.080000e+00 31 50.393997 2015 
5.080000e+00 31 79.936246 2016 
5.080000e+00 31 NaN 2017 
5.080000e+00 31 37.886003 2018 
5.080000e+00 31 147.082821 2019 
5.080000e+00 33 NaN 2006 
5.080000e+00 33 NaN 2007 
5.080000e+00 33 -332.350129 2008 
5.080000e+00 33 -237.411061 2009 
5.080000e+00 35 -242.813888 2008 
5.080000e+00 35 -317.584204 2009 
5.080000e+00 35 -296.243525 2010 
5.080000e+00 35 -303.243446 2011 
5.080000e+00 35 -145.300170 2012 
5.080000e+00 35 -214.000000 2013 
5.080000e+00 35 -215.579866 2014 
5.080000e+00 35 -286.686269 2015 
5.080000e+00 35 -325.058353 2016 
5.080000e+00 35 -324.915421 2017 
5.080000e+00 35 -260.247498 2018 
5.080000e+00 35 -277.804058 2019 
5.080000e+00 35 -300.869648 2020 
5.080000e+00 36 24.702741 2009 
5.080000e+00 36 160.833544 2010 
5.080000e+00 36 172.182588 2011 
5.080000e+00 36 159.287948 2012 
5.080000e+00 36 225.299086 2013 
5.080000e+00 36 NaN 2014 
5.080000e+00 36 158.354470 2015 
5.080000e+00 36 134.776471 2016 
5.080000e+00 36 146.999957 2017 
5.080000e+00 36 163.951296 2018 
5.080000e+00 36 175.569388 2019 
5.080000e+00 37 39.849353 2010 
5.080000e+00 37 68.698617 2011 
5.080000e+00 37 15.001888 2012 
5.080000e+00 37 -116.422682 2013 
5.080000e+00 37 34.502839 2014 
5.080000e+00 37 -138.699175 2015 
5.080000e+00 37 -0.552557 2016 
5.080000e+00 37 12.327918 2017 
5.080000e+00 37 -81.121983 2018 
5.080000e+00 37 -105.803955 2019 
5.080000e+00 38 39.849353 2010 
5.080000e+00 38 68.698617 2011 
5.080000e+00 38 15.001888 2012 
5.080000e+00 38 -116.422682 2013 
5.080000e+00 38 34.502839 2014 
5.080000e+00 38 -138.699175 2015 
5.080000e+00 38 -0.552557 2016 
5.080000e+00 38 12.327918 2017 
5.080000e+00 38 -81.121983 2018 
5.080000e+00 38 -105.803955 2019 
5.080000e+00 39 39.849353 2010 
5.080000e+00 39 68.698617 2011 
5.080000e+00 39 15.001888 2012 
5.080000e+00 39 -116.422682 2013 
5.080000e+00 39 34.502839 2014 
5.080000e+00 39 -138.699175 2015 
5.080000e+00 39 -0.552557 2016 
5.080000e+00 39 12.327918 2017 
5.080000e+00 39 -81.121983 2018 
5.080000e+00 39 -105.803955 2019 
5.080000e+00 40 NaN 2013 
5.080000e+00 40 27.420792 2014 
5.080000e+00 40 NaN 2015 
5.080000e+00 40 -3.297835 2016 
5.080000e+00 40 20.196386 2017 
5.080000e+00 40 NaN 2018 
5.080000e+00 40 129.220796 2019 
5.080000e+00 41 NaN 2008 
5.080000e+00 41 86.000005 2009 
5.080000e+00 41 142.100993 2010 
5.080000e+00 41 131.999299 2011 
5.080000e+00 41 52.403599 2012 
5.080000e+00 42 NaN 2013 
5.080000e+00 42 27.418942 2014 
5.080000e+00 42 10.491907 2015 
5.080000e+00 42 -5.227347 2016 
5.080000e+00 42 NaN 2017 
5.080000e+00 42 NaN 2018 
5.080000e+00 42 129.220798 2019 
5.080000e+00 44 NaN 2007 
5.080000e+00 44 -281.000000 2008 
5.080000e+00 44 -312.248636 2009 
5.080000e+00 44 -256.217398 2010 
5.080000e+00 44 -318.216701 2011 
5.080000e+00 44 -294.999990 2012 
5.080000e+00 44 -217.427884 2013 
5.080000e+00 44 -216.284214 2014 
5.080000e+00 44 -257.619201 2015 
5.080000e+00 44 -324.996977 2016 
5.080000e+00 46 NaN 2012 
5.080000e+00 46 -97.375161 2013 
5.080000e+00 47 NaN 2005 
5.080000e+00 47 -61.456780 2006 
5.080000e+00 47 NaN 2007 
5.080000e+00 47 -117.370365 2008 
5.080000e+00 47 -77.138417 2009 
5.080000e+00 47 NaN 2010 
5.080000e+00 47 -183.999842 2011 
5.080000e+00 48 NaN 2016 
5.080000e+00 48 -124.000000 2017 
5.080000e+00 48 -107.017319 2018 
5.080000e+00 48 -83.000000 2019 
5.080000e+00 49 151.167801 2001 
5.080000e+00 49 113.715278 2001 
5.080000e+00 49 156.643758 2002 
5.080000e+00 49 138.530012 2003 
5.080000e+00 49 138.051504 2004 
5.080000e+00 49 168.000017 2005 
5.080000e+00 49 168.998565 2006 
5.080000e+00 50 122.000000 2007 
5.080000e+00 50 138.274465 2008 
5.080000e+00 50 134.693777 2009 
5.080000e+00 50 171.999944 2010 
5.080000e+00 50 1.239649 2011 
5.080000e+00 50 197.403938 2012 
5.080000e+00 50 110.426908 2013 
5.080000e+00 50 139.014492 2014 
5.080000e+00 50 127.550572 2015 
5.080000e+00 50 130.999968 2016 
5.080000e+00 50 158.231834 2017 
5.080000e+00 50 161.999979 2018 
5.080000e+00 50 127.595202 2019 
5.080000e+00 51 0.335968 2010 
5.080000e+00 51 114.171769 2011 
5.080000e+00 51 85.287649 2012 
5.080000e+00 51 106.622312 2013 
5.080000e+00 51 111.617548 2014 
5.080000e+00 51 -0.214956 2015 
5.080000e+00 51 20.694127 2016 
5.080000e+00 51 21.257709 2017 
5.080000e+00 51 52.485440 2018 
5.080000e+00 51 82.706831 2019 
5.080000e+00 52 43.249497 2010 
5.080000e+00 52 75.104071 2011 
5.080000e+00 52 NaN 2012 
5.080000e+00 52 NaN 2013 
5.080000e+00 52 49.000291 2014 
5.080000e+00 52 33.589950 2015 
5.080000e+00 52 23.612392 2016 
5.080000e+00 52 19.452183 2017 
5.080000e+00 52 46.391111 2018 
5.080000e+00 52 48.999999 2019 
5.080000e+00 53 NaN 2007 
5.080000e+00 53 43.754395 2008 
5.080000e+00 53 118.469820 2009 
5.080000e+00 53 131.000290 2010 
5.080000e+00 53 125.999870 2011 
5.080000e+00 53 51.344783 2012 
5.080000e+00 54 NaN 2013 
5.080000e+00 54 29.354932 2014 
5.080000e+00 54 47.999962 2015 
5.080000e+00 54 115.174296 2016 
5.080000e+00 54 55.170453 2017 
5.080000e+00 54 NaN 2018 
5.080000e+00 54 120.267347 2019 
5.080000e+00 55 NaN 2006 
5.080000e+00 55 124.000059 2007 
5.080000e+00 55 115.704892 2008 
5.080000e+00 55 169.138103 2009 
5.080000e+00 55 138.032381 2010 
5.080000e+00 55 171.495103 2011 
5.080000e+00 55 119.813247 2012 
5.080000e+00 55 67.273530 2013 
5.080000e+00 55 111.527961 2014 
5.080000e+00 55 196.000007 2015 
5.080000e+00 55 153.738750 2016 
5.080000e+00 55 130.705409 2017 
5.080000e+00 55 125.824024 2018 
5.080000e+00 55 154.471148 2019 
5.080000e+00 56 124.415131 2009 
5.080000e+00 56 58.521503 2010 
5.080000e+00 56 51.775369 2011 
5.080000e+00 56 10.490612 2012 
5.080000e+00 56 121.778759 2013 
5.080000e+00 56 107.824468 2014 
5.080000e+00 56 13.916032 2015 
5.080000e+00 56 -0.328084 2016 
5.080000e+00 56 28.511845 2017 
5.080000e+00 56 188.626180 2018 
5.080000e+00 56 65.640202 2019 
5.080000e+00 57 NaN 2007 
5.080000e+00 57 41.554591 2008 
5.080000e+00 57 61.660303 2009 
5.080000e+00 57 52.884455 2010 
5.080000e+00 57 110.000000 2011 
5.080000e+00 57 87.600059 2012 
5.080000e+00 57 100.000039 2013 
5.080000e+00 57 25.057572 2014 
5.080000e+00 57 40.044847 2015 
5.080000e+00 57 101.870042 2016 
5.080000e+00 57 112.172825 2017 
5.080000e+00 57 92.299293 2018 
5.080000e+00 57 63.461570 2019 
5.080000e+00 58 NaN 2007 
5.080000e+00 58 52.708633 2008 
5.080000e+00 58 63.599657 2009 
5.080000e+00 58 70.867630 2010 
5.080000e+00 58 108.388398 2011 
5.080000e+00 58 88.999971 2012 
5.080000e+00 58 96.709981 2013 
5.080000e+00 58 97.767545 2014 
5.080000e+00 58 4.558659 2015 
5.080000e+00 58 17.614629 2016 
5.080000e+00 58 76.375243 2017 
5.080000e+00 58 42.227849 2018 
5.080000e+00 58 145.000000 2019 
5.080000e+00 59 NaN 2007 
5.080000e+00 59 -196.823519 2008 
5.080000e+00 59 -309.484699 2009 
5.080000e+00 59 -220.483428 2010 
5.080000e+00 59 -320.468772 2011 
5.080000e+00 59 -149.074388 2012 
5.080000e+00 59 -211.559030 2013 
5.080000e+00 59 -215.623781 2014 
5.080000e+00 59 -246.897484 2015 
5.080000e+00 59 -325.195673 2016 
5.080000e+00 59 -181.383355 2017 
5.080000e+00 59 -205.783414 2018 
5.080000e+00 59 -175.999997 2019 
5.080000e+00 59 -241.000000 2020 
5.080000e+00 60 NaN 2014 
5.080000e+00 60 43.447338 2015 
5.080000e+00 60 122.413048 2016 
5.080000e+00 60 91.764580 2017 
5.080000e+00 60 89.989063 2018 
5.080000e+00 60 148.097044 2019 
5.080000e+00 61 NaN 2007 
5.080000e+00 61 52.794886 2008 
5.080000e+00 61 24.948054 2009 
5.080000e+00 61 119.433601 2010 
5.080000e+00 61 122.733408 2011 
5.080000e+00 61 46.080172 2012 
5.080000e+00 61 107.828600 2013 
5.080000e+00 61 101.535208 2014 
5.080000e+00 61 5.635947 2015 
5.080000e+00 61 29.298427 2016 
5.080000e+00 61 53.633822 2017 
5.080000e+00 61 108.311543 2018 
5.080000e+00 61 62.641887 2019 
5.080000e+00 62 -258.346953 2008 
5.080000e+00 62 NaN 2009 
5.080000e+00 62 -215.728888 2010 
5.080000e+00 62 -318.936031 2011 
5.080000e+00 62 -176.000001 2012 
5.080000e+00 62 -323.669792 2013 
5.080000e+00 62 NaN 2014 
5.080000e+00 62 -276.998812 2015 
5.080000e+00 62 -224.000000 2016 
5.080000e+00 62 -236.518597 2017 
5.080000e+00 62 -225.000000 2018 
5.080000e+00 62 NaN 2019 
5.080000e+00 63 106.890579 2001 
5.080000e+00 63 74.247898 2001 
5.080000e+00 63 57.000000 2002 
5.080000e+00 63 NaN 2003 
5.080000e+00 63 NaN 2004 
5.080000e+00 63 123.266428 2005 
5.080000e+00 63 51.207339 2006 
5.080000e+00 65 39.638920 2010 
5.080000e+00 65 108.727938 2011 
5.080000e+00 65 79.479130 2012 
5.080000e+00 65 96.412371 2013 
5.080000e+00 65 28.219169 2014 
5.080000e+00 65 42.716804 2015 
5.080000e+00 65 26.246784 2016 
5.080000e+00 65 28.550988 2017 
5.080000e+00 65 66.363064 2018 
5.080000e+00 65 45.761999 2019 
5.080000e+00 66 140.000005 2010 
5.080000e+00 66 63.306039 2011 
5.080000e+00 66 57.540178 2012 
5.080000e+00 66 79.505469 2013 
5.080000e+00 66 101.414779 2014 
5.080000e+00 66 58.050056 2015 
5.080000e+00 66 22.891517 2016 
5.080000e+00 66 21.005405 2017 
5.080000e+00 66 34.760123 2018 
5.080000e+00 66 176.352509 2019 
5.080000e+00 67 NaN 2007 
5.080000e+00 67 45.570896 2008 
5.080000e+00 67 92.813234 2009 
5.080000e+00 67 129.738824 2010 
5.080000e+00 67 -15.770114 2011 
5.080000e+00 67 51.818954 2012 
5.080000e+00 67 59.288467 2013 
5.080000e+00 67 27.694985 2014 
5.080000e+00 67 50.537096 2015 
5.080000e+00 67 -7.994719 2016 
5.080000e+00 67 12.925541 2017 
5.080000e+00 67 NaN 2018 
5.080000e+00 68 NaN 2009 
5.080000e+00 68 126.649629 2010 
5.080000e+00 68 59.467309 2011 
5.080000e+00 68 115.999992 2012 
5.080000e+00 68 67.477930 2013 
5.080000e+00 68 140.240254 2014 
5.080000e+00 68 156.651334 2015 
5.080000e+00 68 6.262395 2016 
5.080000e+00 68 100.013136 2017 
5.080000e+00 68 126.479598 2018 
5.080000e+00 68 149.000000 2019 
5.080000e+00 69 NaN 2005 
5.080000e+00 69 -121.186755 2006 
5.080000e+00 69 NaN 2007 
5.080000e+00 69 -118.878221 2008 
5.080000e+00 69 -76.624549 2009 
5.080000e+00 69 NaN 2010 
5.080000e+00 71 NaN 2008 
5.080000e+00 71 50.792683 2009 
5.080000e+00 71 140.000001 2010 
5.080000e+00 71 66.505390 2011 
5.080000e+00 71 132.617859 2012 
5.080000e+00 71 56.507303 2013 
5.080000e+00 71 107.898929 2014 
5.080000e+00 71 179.000188 2015 
5.080000e+00 71 145.796474 2016 
5.080000e+00 71 104.000000 2017 
5.080000e+00 71 133.303871 2018 
5.080000e+00 71 143.901120 2019 
5.080000e+00 72 NaN 2008 
5.080000e+00 72 50.802863 2009 
5.080000e+00 72 140.046660 2010 
5.080000e+00 72 66.777108 2011 
5.080000e+00 72 132.625324 2012 
5.080000e+00 72 56.510848 2013 
5.080000e+00 72 107.911575 2014 
5.080000e+00 72 179.000101 2015 
5.080000e+00 72 145.812957 2016 
5.080000e+00 72 103.999995 2017 
5.080000e+00 72 133.312661 2018 
5.080000e+00 72 143.901344 2019 
5.080000e+00 76 NaN 2015 
5.080000e+00 76 -68.000000 2016 
5.080000e+00 76 NaN 2017 
5.080000e+00 76 -21.999553 2018 
5.080000e+00 76 -1.000000 2019 
5.080000e+00 77 83.579087 2010 
5.080000e+00 77 69.668727 2011 
5.080000e+00 77 NaN 2012 
5.080000e+00 77 101.600288 2013 
5.080000e+00 77 24.797047 2014 
5.080000e+00 77 44.000004 2015 
5.080000e+00 77 91.332445 2016 
5.080000e+00 77 69.530011 2017 
5.080000e+00 77 85.027303 2018 
5.080000e+00 77 48.251954 2019 
5.080000e+00 78 NaN 2010 
5.080000e+00 78 31.515739 2011 
5.080000e+00 78 10.287939 2012 
5.080000e+00 78 73.126031 2013 
5.080000e+00 78 -30.389223 2014 
5.080000e+00 78 22.648270 2015 
5.080000e+00 78 -1.352001 2016 
5.080000e+00 78 152.019298 2017 
5.080000e+00 78 NaN 2018 
5.080000e+00 79 44.770303 2012 
5.080000e+00 79 52.852478 2013 
5.080000e+00 79 105.298474 2014 
5.080000e+00 79 33.827435 2015 
5.080000e+00 79 NaN 2016 
5.080000e+00 80 -308.637570 2009 
5.080000e+00 80 -295.256222 2010 
5.080000e+00 80 -311.888988 2011 
5.080000e+00 80 -279.812566 2012 
5.080000e+00 80 -216.000000 2013 
5.080000e+00 80 -213.000000 2014 
5.080000e+00 80 -258.924209 2015 
5.080000e+00 80 -285.487433 2016 
5.080000e+00 81 NaN 2016 
5.080000e+00 81 -319.368724 2017 
5.080000e+00 82 -1.663784 2010 
5.080000e+00 82 70.726704 2011 
5.080000e+00 82 102.824987 2012 
5.080000e+00 82 103.999997 2013 
5.080000e+00 82 81.377817 2014 
5.080000e+00 82 -4.145061 2015 
5.080000e+00 82 121.187083 2016 
5.080000e+00 82 49.487258 2017 
5.080000e+00 82 NaN 2018 
5.080000e+00 82 62.282939 2019 
5.080000e+00 83 NaN 2010 
5.080000e+00 83 108.501371 2011 
5.080000e+00 83 56.160228 2012 
5.080000e+00 83 90.372693 2013 
5.080000e+00 83 27.819794 2014 
5.080000e+00 83 38.545287 2015 
5.080000e+00 83 16.879574 2016 
5.080000e+00 83 22.794334 2017 
5.080000e+00 83 54.185076 2018 
5.080000e+00 83 55.704215 2019 
5.080000e+00 84 NaN 2015 
5.080000e+00 84 -288.328106 2016 
5.080000e+00 84 -192.416035 2017 
5.080000e+00 84 -251.358768 2018 
5.080000e+00 84 -244.279322 2019 
5.080000e+00 85 NaN 2007 
5.080000e+00 85 44.372775 2008 
5.080000e+00 85 129.999994 2009 
5.080000e+00 85 136.649451 2010 
5.080000e+00 85 132.000011 2011 
5.080000e+00 85 52.407560 2012 
5.080000e+00 85 58.360190 2013 
5.080000e+00 85 27.680677 2014 
5.080000e+00 85 10.188330 2015 
5.080000e+00 85 2.628384 2016 
5.080000e+00 85 NaN 2017 
5.080000e+00 85 230.350051 2018 
5.080000e+00 85 129.877507 2019 
5.080000e+00 86 NaN 2014 
5.080000e+00 86 54.811295 2015 
5.080000e+00 86 2.657488 2016 
5.080000e+00 86 NaN 2017 
5.080000e+00 86 NaN 2018 
5.080000e+00 86 129.877495 2019 
5.080000e+00 87 92.054579 2010 
5.080000e+00 87 16.533002 2011 
5.080000e+00 87 76.678450 2012 
5.080000e+00 87 33.318906 2013 
5.080000e+00 87 119.573876 2014 
5.080000e+00 87 45.000000 2015 
5.080000e+00 87 5.183303 2016 
5.080000e+00 87 81.540279 2017 
5.080000e+00 87 52.234167 2018 
5.080000e+00 87 NaN 2019 
5.080000e+00 88 NaN 2010 
5.080000e+00 88 119.000000 2011 
5.080000e+00 88 NaN 2012 
5.080000e+00 88 93.999971 2013 
5.080000e+00 88 23.319656 2014 
5.080000e+00 88 33.325732 2015 
5.080000e+00 88 19.508026 2016 
5.080000e+00 88 61.500614 2017 
5.080000e+00 88 102.999986 2018 
5.080000e+00 88 46.982004 2019 
5.080000e+00 89 NaN 2007 
5.080000e+00 89 -313.502598 2008 
5.080000e+00 89 -317.350782 2009 
5.080000e+00 89 -250.272244 2010 
5.080000e+00 89 -319.351109 2011 
5.080000e+00 89 -173.355585 2012 
5.080000e+00 89 -206.971189 2013 
5.080000e+00 89 -312.237882 2014 
5.080000e+00 89 -287.656744 2015 
5.080000e+00 89 -330.602773 2016 
5.080000e+00 89 -324.001594 2017 
5.080000e+00 89 -307.850978 2018 
5.080000e+00 89 -277.769156 2019 
5.080000e+00 89 -238.632523 2020 
5.080000e+00 90 27.275622 2001 
5.080000e+00 90 42.493475 2002 
5.080000e+00 90 46.698508 2003 
5.080000e+00 90 NaN 2004 
5.080000e+00 90 50.999992 2005 
5.080000e+00 90 62.203952 2006 
5.080000e+00 90 3.684721 2007 
5.080000e+00 90 44.190939 2008 
5.080000e+00 90 42.758810 2009 
5.080000e+00 90 90.999520 2010 
5.080000e+00 90 -109.298380 2011 
5.080000e+00 90 17.336413 2012 
5.080000e+00 90 110.298548 2013 
5.080000e+00 90 NaN 2014 
5.080000e+00 90 NaN 2015 
5.080000e+00 90 26.653864 2016 
5.080000e+00 90 24.363316 2017 
5.080000e+00 90 62.678614 2018 
5.080000e+00 90 -101.165418 2019 
5.080000e+00 91 NaN 2005 
5.080000e+00 91 -91.804951 2006 
5.080000e+00 91 -3.211076 2007 
5.080000e+00 91 -142.476984 2008 
5.080000e+00 91 -117.604492 2009 
5.080000e+00 91 30.000097 2010 
5.080000e+00 91 -137.218045 2011 
5.080000e+00 91 -33.531733 2012 
5.080000e+00 91 -120.290207 2013 
5.080000e+00 91 NaN 2014 
10 1 74.926903 2001 
10 1 59.050082 2001 
10 1 55.964502 2002 
10 1 77.000150 2003 
10 1 26.491109 2004 
10 1 15.609188 2005 
10 1 NaN 2006 
10 1 142.966222 2007 
10 1 41.382818 2008 
10 1 83.362126 2009 
10 1 56.560529 2010 
10 1 123.201428 2011 
10 1 106.298846 2012 
10 1 75.407711 2013 
10 1 107.999940 2014 
10 1 40.051478 2015 
10 1 26.144175 2016 
10 1 72.882849 2017 
10 1 63.158621 2018 
10 1 145.000000 2019 
