5.080000e+00 1 NaN 2001 
5.080000e+00 1 93.002178 2001 
5.080000e+00 1 NaN 2002 
5.080000e+00 1 109.380942 2003 
5.080000e+00 2 NaN 2004 
5.080000e+00 2 124.967839 2005 
5.080000e+00 2 NaN 2006 
5.080000e+00 2 58.982530 2007 
5.080000e+00 2 NaN 2008 
5.080000e+00 2 103.000000 2009 
5.080000e+00 2 104.246810 2010 
5.080000e+00 2 107.661476 2011 
5.080000e+00 2 139.000000 2012 
5.080000e+00 2 NaN 2013 
5.080000e+00 2 115.010927 2014 
5.080000e+00 2 108.000015 2015 
5.080000e+00 2 NaN 2016 
5.080000e+00 2 NaN 2017 
5.080000e+00 2 NaN 2018 
5.080000e+00 2 118.999999 2019 
5.080000e+00 3 -22.000000 2016 
5.080000e+00 3 -165.879998 2017 
5.080000e+00 3 NaN 2018 
5.080000e+00 4 NaN 2005 
5.080000e+00 4 NaN 2006 
5.080000e+00 4 153.000000 2007 
5.080000e+00 4 NaN 2008 
5.080000e+00 4 NaN 2009 
5.080000e+00 4 190.000384 2010 
5.080000e+00 4 241.240572 2011 
5.080000e+00 4 169.000000 2012 
5.080000e+00 4 176.423689 2013 
5.080000e+00 4 NaN 2014 
5.080000e+00 4 NaN 2015 
5.080000e+00 4 201.067204 2016 
5.080000e+00 5 NaN 2001 
5.080000e+00 5 214.705064 2001 
5.080000e+00 5 242.053220 2002 
5.080000e+00 5 279.000000 2003 
5.080000e+00 5 NaN 2004 
5.080000e+00 5 230.000000 2005 
5.080000e+00 9 NaN 2008 
5.080000e+00 9 1.000000 2009 
5.080000e+00 9 -78.455688 2010 
5.080000e+00 9 -156.766146 2011 
5.080000e+00 9 NaN 2012 
5.080000e+00 9 -157.403114 2013 
5.080000e+00 9 -30.371255 2014 
5.080000e+00 9 NaN 2015 
5.080000e+00 9 -77.395907 2016 
5.080000e+00 9 -142.062983 2017 
5.080000e+00 9 -144.208629 2018 
5.080000e+00 9 NaN 2019 
5.080000e+00 9 -104.000000 2020 
5.080000e+00 10 NaN 2008 
5.080000e+00 10 -84.447414 2009 
5.080000e+00 10 -109.888036 2010 
5.080000e+00 10 NaN 2011 
5.080000e+00 10 -157.000000 2012 
5.080000e+00 10 -161.580162 2013 
5.080000e+00 10 NaN 2014 
5.080000e+00 10 -182.760747 2015 
5.080000e+00 10 -162.168951 2016 
5.080000e+00 10 NaN 2017 
5.080000e+00 10 -116.095557 2018 
5.080000e+00 10 -56.652892 2019 
5.080000e+00 10 -137.265744 2020 
5.080000e+00 11 NaN 2015 
5.080000e+00 11 NaN 2016 
5.080000e+00 11 -130.999995 2017 
5.080000e+00 11 -113.494698 2018 
5.080000e+00 11 -42.591642 2019 
5.080000e+00 11 -103.000031 2020 
5.080000e+00 12 NaN 2007 
5.080000e+00 12 NaN 2008 
5.080000e+00 12 -2.720716 2009 
5.080000e+00 12 -98.421802 2010 
5.080000e+00 12 NaN 2011 
5.080000e+00 12 -42.386528 2012 
5.080000e+00 12 28.926622 2013 
5.080000e+00 12 -139.875127 2014 
5.080000e+00 12 -145.000046 2015 
5.080000e+00 13 NaN 2016 
5.080000e+00 13 -11.153519 2017 
5.080000e+00 13 NaN 2018 
5.080000e+00 13 NaN 2019 
5.080000e+00 14 NaN 2014 
5.080000e+00 14 -5.576144 2015 
5.080000e+00 14 NaN 2016 
5.080000e+00 14 -150.040798 2017 
5.080000e+00 14 -60.794120 2018 
5.080000e+00 14 NaN 2019 
5.080000e+00 14 -127.205298 2020 
5.080000e+00 15 NaN 2005 
5.080000e+00 15 NaN 2006 
5.080000e+00 15 25.425481 2007 
5.080000e+00 15 NaN 2008 
5.080000e+00 15 69.941542 2009 
5.080000e+00 15 118.399956 2010 
5.080000e+00 15 NaN 2011 
5.080000e+00 15 138.196661 2012 
5.080000e+00 15 NaN 2013 
5.080000e+00 15 101.846362 2014 
5.080000e+00 17 NaN 2014 
5.080000e+00 17 NaN 2015 
5.080000e+00 17 NaN 2016 
5.080000e+00 17 -133.827426 2017 
5.080000e+00 17 -49.838955 2018 
5.080000e+00 17 NaN 2019 
5.080000e+00 17 -47.904224 2020 
5.080000e+00 19 NaN 2013 
5.080000e+00 19 154.000000 2014 
5.080000e+00 21 NaN 2007 
5.080000e+00 21 117.315570 2008 
5.080000e+00 21 275.999946 2009 
5.080000e+00 21 271.687738 2010 
5.080000e+00 21 186.999983 2011 
5.080000e+00 21 225.867687 2012 
5.080000e+00 21 NaN 2013 
5.080000e+00 21 288.000228 2014 
5.080000e+00 21 178.000022 2015 
5.080000e+00 21 181.999865 2016 
5.080000e+00 21 211.305960 2017 
5.080000e+00 21 260.120335 2018 
5.080000e+00 21 258.000428 2019 
5.080000e+00 22 NaN 2008 
5.080000e+00 22 -158.683134 2009 
5.080000e+00 22 -141.270914 2010 
5.080000e+00 22 -132.974859 2011 
5.080000e+00 22 -155.000001 2012 
5.080000e+00 22 -109.871097 2013 
5.080000e+00 22 -129.328945 2014 
5.080000e+00 22 NaN 2015 
5.080000e+00 22 -185.970401 2016 
5.080000e+00 22 -99.375841 2017 
5.080000e+00 22 -110.211586 2018 
5.080000e+00 22 -159.717680 2019 
5.080000e+00 22 -140.364317 2020 
5.080000e+00 24 NaN 2012 
5.080000e+00 24 109.141662 2013 
5.080000e+00 24 NaN 2014 
5.080000e+00 24 NaN 2015 
5.080000e+00 24 NaN 2016 
5.080000e+00 24 262.000486 2017 
5.080000e+00 24 NaN 2018 
5.080000e+00 25 NaN 2001 
5.080000e+00 25 -7.381695 2001 
5.080000e+00 25 2.288193 2002 
5.080000e+00 25 7.280743 2003 
5.080000e+00 25 12.723259 2004 
5.080000e+00 26 NaN 2005 
5.080000e+00 26 8.695688 2006 
5.080000e+00 26 -60.126559 2007 
5.080000e+00 26 NaN 2008 
5.080000e+00 26 -167.999997 2009 
5.080000e+00 26 -107.644109 2010 
5.080000e+00 26 -165.000130 2011 
5.080000e+00 26 7.749086 2012 
5.080000e+00 26 -5.893385 2013 
5.080000e+00 26 -139.176259 2014 
5.080000e+00 26 NaN 2015 
5.080000e+00 26 -32.000000 2016 
5.080000e+00 26 NaN 2017 
5.080000e+00 26 -17.283086 2018 
5.080000e+00 26 NaN 2019 
5.080000e+00 27 NaN 2011 
5.080000e+00 27 -152.839265 2012 
5.080000e+00 27 -58.930073 2013 
5.080000e+00 27 NaN 2014 
5.080000e+00 27 -200.000032 2015 
5.080000e+00 27 -45.585714 2016 
5.080000e+00 27 -35.000000 2017 
5.080000e+00 27 -43.425996 2018 
5.080000e+00 27 -45.224586 2019 
5.080000e+00 27 -158.000090 2020 
5.080000e+00 28 NaN 2007 
5.080000e+00 28 318.583853 2008 
5.080000e+00 28 169.743774 2009 
5.080000e+00 28 NaN 2010 
5.080000e+00 28 113.591705 2011 
5.080000e+00 28 203.999997 2012 
5.080000e+00 28 176.543621 2013 
5.080000e+00 28 NaN 2014 
5.080000e+00 28 NaN 2015 
5.080000e+00 28 205.882367 2016 
5.080000e+00 28 132.602180 2017 
5.080000e+00 28 NaN 2018 
5.080000e+00 28 NaN 2019 
5.080000e+00 29 NaN 2011 
5.080000e+00 29 -126.787070 2012 
5.080000e+00 29 -45.614863 2013 
5.080000e+00 29 -125.551734 2014 
5.080000e+00 29 -43.358146 2015 
5.080000e+00 29 -211.231156 2016 
5.080000e+00 29 -169.339536 2017 
5.080000e+00 29 -165.458940 2018 
5.080000e+00 29 -157.876977 2019 
5.080000e+00 29 -159.223474 2020 
5.080000e+00 30 NaN 2010 
5.080000e+00 30 156.446882 2011 
5.080000e+00 30 NaN 2012 
5.080000e+00 30 NaN 2013 
5.080000e+00 30 NaN 2014 
5.080000e+00 30 144.569374 2015 
5.080000e+00 30 211.417980 2016 
5.080000e+00 30 274.427773 2017 
5.080000e+00 30 254.987912 2018 
5.080000e+00 30 184.999936 2019 
5.080000e+00 31 NaN 2011 
5.080000e+00 31 -162.419603 2012 
5.080000e+00 31 -165.594771 2013 
5.080000e+00 31 -38.564963 2014 
5.080000e+00 31 NaN 2015 
5.080000e+00 31 -68.011679 2016 
5.080000e+00 31 -141.999991 2017 
5.080000e+00 31 -100.987276 2018 
5.080000e+00 31 -63.000000 2019 
5.080000e+00 31 -141.025927 2020 
5.080000e+00 33 NaN 2006 
5.080000e+00 33 -60.461773 2007 
5.080000e+00 33 -16.600000 2008 
5.080000e+00 33 -29.441293 2009 
5.080000e+00 35 NaN 2008 
5.080000e+00 35 0.467298 2009 
5.080000e+00 35 NaN 2010 
5.080000e+00 35 3.865089 2011 
5.080000e+00 35 18.665822 2012 
5.080000e+00 35 NaN 2013 
5.080000e+00 35 NaN 2014 
5.080000e+00 35 17.280688 2015 
5.080000e+00 35 NaN 2016 
5.080000e+00 35 -8.000000 2017 
5.080000e+00 35 NaN 2018 
5.080000e+00 35 21.347175 2019 
5.080000e+00 35 24.982016 2020 
5.080000e+00 36 NaN 2009 
5.080000e+00 36 184.892364 2010 
5.080000e+00 36 222.498618 2011 
5.080000e+00 36 NaN 2012 
5.080000e+00 36 242.757117 2013 
5.080000e+00 36 NaN 2014 
5.080000e+00 36 186.244567 2015 
5.080000e+00 36 206.690328 2016 
5.080000e+00 36 NaN 2017 
5.080000e+00 36 150.181084 2018 
5.080000e+00 36 185.563607 2019 
5.080000e+00 37 NaN 2010 
5.080000e+00 37 NaN 2011 
5.080000e+00 37 NaN 2012 
5.080000e+00 37 NaN 2013 
5.080000e+00 37 105.888191 2014 
5.080000e+00 37 93.607245 2015 
5.080000e+00 37 NaN 2016 
5.080000e+00 37 NaN 2017 
5.080000e+00 37 NaN 2018 
5.080000e+00 37 NaN 2019 
5.080000e+00 38 NaN 2010 
5.080000e+00 38 NaN 2011 
5.080000e+00 38 NaN 2012 
5.080000e+00 38 NaN 2013 
5.080000e+00 38 105.364803 2014 
5.080000e+00 38 97.555145 2015 
5.080000e+00 38 NaN 2016 
5.080000e+00 38 64.032249 2017 
5.080000e+00 38 77.996242 2018 
5.080000e+00 38 91.198715 2019 
5.080000e+00 39 NaN 2010 
5.080000e+00 39 NaN 2011 
5.080000e+00 39 108.800496 2012 
5.080000e+00 39 NaN 2013 
5.080000e+00 39 103.460327 2014 
5.080000e+00 39 99.700162 2015 
5.080000e+00 39 135.599161 2016 
5.080000e+00 39 128.217991 2017 
5.080000e+00 39 NaN 2018 
5.080000e+00 39 116.242157 2019 
5.080000e+00 40 NaN 2014 
5.080000e+00 40 -111.000000 2015 
5.080000e+00 40 -82.071198 2016 
5.080000e+00 40 -45.187765 2017 
5.080000e+00 40 -145.548720 2018 
5.080000e+00 40 NaN 2019 
5.080000e+00 40 -83.000000 2020 
5.080000e+00 41 NaN 2008 
5.080000e+00 41 281.000000 2009 
5.080000e+00 41 196.897374 2010 
5.080000e+00 41 196.000023 2011 
5.080000e+00 41 255.455667 2012 
5.080000e+00 42 NaN 2013 
5.080000e+00 42 232.999999 2014 
5.080000e+00 42 258.580287 2015 
5.080000e+00 42 NaN 2016 
5.080000e+00 42 269.746847 2017 
5.080000e+00 42 NaN 2018 
5.080000e+00 42 249.000003 2019 
5.080000e+00 44 NaN 2007 
5.080000e+00 44 -7.999472 2008 
5.080000e+00 44 -11.743065 2009 
5.080000e+00 44 4.537818 2010 
5.080000e+00 44 3.645056 2011 
5.080000e+00 44 -10.734447 2012 
5.080000e+00 44 NaN 2013 
5.080000e+00 44 4.494109 2014 
5.080000e+00 44 37.964314 2015 
5.080000e+00 44 -33.999996 2016 
5.080000e+00 46 NaN 2011 
5.080000e+00 46 NaN 2012 
5.080000e+00 47 NaN 2005 
5.080000e+00 47 NaN 2006 
5.080000e+00 47 NaN 2007 
5.080000e+00 47 -89.436802 2008 
5.080000e+00 47 -86.295041 2009 
5.080000e+00 47 NaN 2010 
5.080000e+00 47 -91.989576 2011 
5.080000e+00 48 NaN 2016 
5.080000e+00 48 163.874799 2017 
5.080000e+00 48 NaN 2018 
5.080000e+00 48 77.646358 2019 
5.080000e+00 49 NaN 2001 
5.080000e+00 49 214.351264 2001 
5.080000e+00 49 219.976884 2002 
5.080000e+00 49 229.010036 2003 
5.080000e+00 49 254.149798 2004 
5.080000e+00 49 184.477879 2005 
5.080000e+00 49 229.226124 2006 
5.080000e+00 50 NaN 2008 
5.080000e+00 50 -155.247455 2009 
5.080000e+00 50 -108.634008 2010 
5.080000e+00 50 -150.999999 2011 
5.080000e+00 50 -170.713324 2012 
5.080000e+00 50 -166.993350 2013 
5.080000e+00 50 -128.440145 2014 
5.080000e+00 50 NaN 2015 
5.080000e+00 50 -54.910923 2016 
5.080000e+00 50 -102.387955 2017 
5.080000e+00 50 -35.226664 2018 
5.080000e+00 50 -117.787150 2019 
5.080000e+00 50 -96.376634 2020 
5.080000e+00 51 NaN 2010 
5.080000e+00 51 202.680714 2011 
5.080000e+00 51 NaN 2012 
5.080000e+00 51 NaN 2013 
5.080000e+00 51 NaN 2014 
5.080000e+00 51 120.431895 2015 
5.080000e+00 51 NaN 2016 
5.080000e+00 51 141.686019 2017 
5.080000e+00 51 108.258202 2018 
5.080000e+00 51 156.958852 2019 
5.080000e+00 52 NaN 2010 
5.080000e+00 52 125.734892 2011 
5.080000e+00 52 110.346576 2012 
5.080000e+00 52 NaN 2013 
5.080000e+00 52 NaN 2014 
5.080000e+00 52 110.354906 2015 
5.080000e+00 52 208.000000 2016 
5.080000e+00 52 186.000002 2017 
5.080000e+00 52 NaN 2018 
5.080000e+00 52 66.999972 2019 
5.080000e+00 53 NaN 2008 
5.080000e+00 53 221.092854 2009 
5.080000e+00 53 265.628331 2010 
5.080000e+00 53 183.471537 2011 
5.080000e+00 53 158.999598 2012 
5.080000e+00 54 NaN 2014 
5.080000e+00 54 NaN 2015 
5.080000e+00 54 -74.891660 2016 
5.080000e+00 54 -160.111686 2017 
5.080000e+00 54 -71.946011 2018 
5.080000e+00 54 -60.000000 2019 
5.080000e+00 54 -103.000000 2020 
5.080000e+00 55 NaN 2007 
5.080000e+00 55 NaN 2008 
5.080000e+00 55 -129.707971 2009 
5.080000e+00 55 -130.938387 2010 
5.080000e+00 55 -44.757810 2011 
5.080000e+00 55 -141.082806 2012 
5.080000e+00 55 -67.758400 2013 
5.080000e+00 55 -34.700053 2014 
5.080000e+00 55 -114.181361 2015 
5.080000e+00 55 -64.437838 2016 
5.080000e+00 55 -118.616068 2017 
5.080000e+00 55 -148.000125 2018 
5.080000e+00 55 -41.360882 2019 
5.080000e+00 55 -157.000006 2020 
5.080000e+00 56 NaN 2010 
5.080000e+00 56 NaN 2011 
5.080000e+00 56 -141.999966 2012 
5.080000e+00 56 -33.485395 2013 
5.080000e+00 56 NaN 2014 
5.080000e+00 56 NaN 2015 
5.080000e+00 56 NaN 2016 
5.080000e+00 56 NaN 2017 
5.080000e+00 56 -80.100493 2018 
5.080000e+00 56 -115.000009 2019 
5.080000e+00 56 -92.000000 2020 
5.080000e+00 57 NaN 2007 
5.080000e+00 57 NaN 2008 
5.080000e+00 57 165.938712 2009 
5.080000e+00 57 214.000000 2010 
5.080000e+00 57 179.000000 2011 
5.080000e+00 57 167.709985 2012 
5.080000e+00 57 NaN 2013 
5.080000e+00 57 142.557597 2014 
5.080000e+00 57 196.344103 2015 
5.080000e+00 57 204.018236 2016 
5.080000e+00 57 237.999999 2017 
5.080000e+00 57 NaN 2018 
5.080000e+00 57 189.313984 2019 
5.080000e+00 58 NaN 2008 
5.080000e+00 58 -155.000000 2009 
5.080000e+00 58 -152.000056 2010 
5.080000e+00 58 -88.046353 2011 
5.080000e+00 58 -141.986480 2012 
5.080000e+00 58 -167.999997 2013 
5.080000e+00 58 -147.000000 2014 
5.080000e+00 58 -107.999998 2015 
5.080000e+00 58 NaN 2016 
5.080000e+00 58 -142.438211 2017 
5.080000e+00 58 -49.078943 2018 
5.080000e+00 58 -45.482120 2019 
5.080000e+00 58 -52.433461 2020 
5.080000e+00 59 NaN 2007 
5.080000e+00 59 -19.000005 2008 
5.080000e+00 59 -33.037273 2009 
5.080000e+00 59 -131.440672 2010 
5.080000e+00 59 -147.135333 2011 
5.080000e+00 59 -118.000051 2012 
5.080000e+00 59 -154.000000 2013 
5.080000e+00 59 -139.374859 2014 
5.080000e+00 59 -164.812575 2015 
5.080000e+00 59 NaN 2016 
5.080000e+00 59 -106.000000 2017 
5.080000e+00 59 NaN 2018 
5.080000e+00 59 -160.717907 2019 
5.080000e+00 59 -152.322404 2020 
5.080000e+00 60 NaN 2014 
5.080000e+00 60 NaN 2015 
5.080000e+00 60 225.312979 2016 
5.080000e+00 60 202.790273 2017 
5.080000e+00 60 243.686239 2018 
5.080000e+00 60 254.710608 2019 
5.080000e+00 61 NaN 2008 
5.080000e+00 61 -6.173263 2009 
5.080000e+00 61 -31.736835 2010 
5.080000e+00 61 9.470212 2011 
5.080000e+00 61 -151.000005 2012 
5.080000e+00 61 NaN 2013 
5.080000e+00 61 -5.870229 2014 
5.080000e+00 61 -15.222010 2015 
5.080000e+00 61 -24.027811 2016 
5.080000e+00 61 -124.838385 2017 
5.080000e+00 61 NaN 2018 
5.080000e+00 61 -40.000014 2019 
5.080000e+00 61 NaN 2020 
5.080000e+00 62 NaN 2008 
5.080000e+00 62 -11.287797 2009 
5.080000e+00 62 -18.591895 2010 
5.080000e+00 62 -132.514401 2011 
5.080000e+00 62 -141.999987 2012 
5.080000e+00 62 NaN 2013 
5.080000e+00 62 -19.495760 2014 
5.080000e+00 62 -30.741270 2015 
5.080000e+00 62 NaN 2016 
5.080000e+00 62 -146.751188 2017 
5.080000e+00 62 -48.689110 2018 
5.080000e+00 62 -12.098469 2019 
5.080000e+00 63 NaN 2001 
5.080000e+00 63 -8.107543 2001 
5.080000e+00 63 -28.991891 2002 
5.080000e+00 63 8.804115 2003 
5.080000e+00 63 NaN 2004 
5.080000e+00 63 -63.254828 2005 
5.080000e+00 63 -31.949831 2006 
5.080000e+00 63 -140.233520 2007 
5.080000e+00 65 NaN 2011 
5.080000e+00 65 NaN 2012 
5.080000e+00 65 -164.653309 2013 
5.080000e+00 65 NaN 2014 
5.080000e+00 65 NaN 2015 
5.080000e+00 65 NaN 2016 
5.080000e+00 65 -181.205088 2017 
5.080000e+00 65 NaN 2018 
5.080000e+00 65 14.548294 2019 
5.080000e+00 65 -133.526607 2020 
5.080000e+00 66 NaN 2010 
5.080000e+00 66 214.905655 2011 
5.080000e+00 66 NaN 2012 
5.080000e+00 66 NaN 2013 
5.080000e+00 66 307.328706 2014 
5.080000e+00 66 189.181055 2015 
5.080000e+00 66 NaN 2016 
5.080000e+00 66 184.881637 2017 
5.080000e+00 66 188.870781 2018 
5.080000e+00 66 NaN 2019 
5.080000e+00 67 NaN 2007 
5.080000e+00 67 320.035555 2008 
5.080000e+00 67 193.945556 2009 
5.080000e+00 67 269.089172 2010 
5.080000e+00 67 263.000002 2011 
5.080000e+00 67 158.036101 2012 
5.080000e+00 67 NaN 2013 
5.080000e+00 67 158.999548 2014 
5.080000e+00 67 295.000000 2015 
5.080000e+00 67 185.084572 2016 
5.080000e+00 67 276.807628 2017 
5.080000e+00 67 NaN 2018 
5.080000e+00 68 NaN 2010 
5.080000e+00 68 -5.671986 2011 
5.080000e+00 68 -146.419338 2012 
5.080000e+00 68 -174.000025 2013 
5.080000e+00 68 -104.022202 2014 
5.080000e+00 68 NaN 2015 
5.080000e+00 68 -154.241096 2016 
5.080000e+00 68 -127.514978 2017 
5.080000e+00 68 -126.003310 2018 
5.080000e+00 68 -174.000220 2019 
5.080000e+00 68 -164.000221 2020 
5.080000e+00 69 NaN 2006 
5.080000e+00 69 25.834449 2007 
5.080000e+00 69 -87.596792 2008 
5.080000e+00 69 -73.456237 2009 
5.080000e+00 69 NaN 2010 
5.080000e+00 69 -86.584619 2011 
5.080000e+00 71 NaN 2009 
5.080000e+00 71 -144.003786 2010 
5.080000e+00 71 -45.183561 2011 
5.080000e+00 71 -150.000000 2012 
5.080000e+00 71 -52.479433 2013 
5.080000e+00 71 -116.279240 2014 
5.080000e+00 71 -4.279288 2015 
5.080000e+00 71 -114.915372 2016 
5.080000e+00 71 -98.445584 2017 
5.080000e+00 71 -75.510249 2018 
5.080000e+00 71 -48.458603 2019 
5.080000e+00 72 NaN 2009 
5.080000e+00 72 -160.000020 2010 
5.080000e+00 72 -50.116433 2011 
5.080000e+00 72 -152.000000 2012 
5.080000e+00 72 -56.947342 2013 
5.080000e+00 72 -124.844041 2014 
5.080000e+00 72 24.717962 2015 
5.080000e+00 72 -114.243352 2016 
5.080000e+00 72 -104.516569 2017 
5.080000e+00 72 -78.232242 2018 
5.080000e+00 72 -105.293062 2019 
5.080000e+00 76 NaN 2014 
5.080000e+00 76 232.158189 2015 
5.080000e+00 76 216.627020 2016 
5.080000e+00 76 167.777402 2017 
5.080000e+00 76 152.644114 2018 
5.080000e+00 76 175.987808 2019 
5.080000e+00 77 NaN 2010 
5.080000e+00 77 197.343624 2011 
5.080000e+00 77 NaN 2012 
5.080000e+00 77 274.000001 2013 
5.080000e+00 77 89.999289 2014 
5.080000e+00 77 NaN 2015 
5.080000e+00 77 177.000081 2016 
5.080000e+00 77 139.201463 2017 
5.080000e+00 77 NaN 2018 
5.080000e+00 77 161.473832 2019 
5.080000e+00 78 NaN 2010 
5.080000e+00 78 125.500231 2011 
5.080000e+00 78 98.799146 2012 
5.080000e+00 78 110.463294 2013 
5.080000e+00 78 108.075756 2014 
5.080000e+00 78 117.464466 2015 
5.080000e+00 78 110.482313 2016 
5.080000e+00 78 NaN 2017 
5.080000e+00 78 NaN 2018 
5.080000e+00 79 NaN 2012 
5.080000e+00 79 NaN 2013 
5.080000e+00 79 126.321365 2014 
5.080000e+00 79 NaN 2015 
5.080000e+00 79 NaN 2016 
5.080000e+00 79 NaN 2017 
5.080000e+00 80 NaN 2008 
5.080000e+00 80 2.206809 2009 
5.080000e+00 80 NaN 2010 
5.080000e+00 80 11.100165 2011 
5.080000e+00 80 13.905624 2012 
5.080000e+00 80 16.868969 2013 
5.080000e+00 80 34.488315 2014 
5.080000e+00 80 15.796841 2015 
5.080000e+00 81 NaN 2016 
5.080000e+00 82 NaN 2010 
5.080000e+00 82 223.301016 2011 
5.080000e+00 82 NaN 2012 
5.080000e+00 82 NaN 2013 
5.080000e+00 82 166.945762 2014 
5.080000e+00 82 151.490230 2015 
5.080000e+00 82 165.999997 2016 
5.080000e+00 82 173.392907 2017 
5.080000e+00 82 310.948695 2018 
5.080000e+00 82 202.753257 2019 
5.080000e+00 83 NaN 2010 
5.080000e+00 83 NaN 2011 
5.080000e+00 83 NaN 2012 
5.080000e+00 83 NaN 2013 
5.080000e+00 83 NaN 2014 
5.080000e+00 83 294.680970 2015 
5.080000e+00 83 NaN 2016 
5.080000e+00 83 270.391962 2017 
5.080000e+00 83 NaN 2018 
5.080000e+00 83 NaN 2019 
5.080000e+00 84 NaN 2015 
5.080000e+00 84 -85.746046 2016 
5.080000e+00 84 -59.331346 2017 
5.080000e+00 84 -86.794988 2018 
5.080000e+00 84 -39.817724 2019 
5.080000e+00 85 NaN 2008 
5.080000e+00 85 -23.549818 2009 
5.080000e+00 85 -150.912448 2010 
5.080000e+00 85 -72.404248 2011 
5.080000e+00 85 -144.719307 2012 
5.080000e+00 85 -165.999993 2013 
5.080000e+00 85 -34.776691 2014 
5.080000e+00 85 -177.910646 2015 
5.080000e+00 85 -81.011509 2016 
5.080000e+00 85 -138.100165 2017 
5.080000e+00 85 -147.000015 2018 
5.080000e+00 85 -42.764942 2019 
5.080000e+00 85 -99.000000 2020 
5.080000e+00 86 NaN 2015 
5.080000e+00 86 -81.000849 2016 
5.080000e+00 86 -139.490242 2017 
5.080000e+00 86 -147.000023 2018 
5.080000e+00 86 -43.339293 2019 
5.080000e+00 86 -101.000037 2020 
5.080000e+00 87 NaN 2011 
5.080000e+00 87 -155.000002 2012 
5.080000e+00 87 -160.994452 2013 
5.080000e+00 87 -195.418325 2014 
5.080000e+00 87 -200.000038 2015 
5.080000e+00 87 -151.000456 2016 
5.080000e+00 87 -158.822609 2017 
5.080000e+00 87 -97.375106 2018 
5.080000e+00 87 -83.524995 2019 
5.080000e+00 87 -92.991431 2020 
5.080000e+00 88 NaN 2010 
5.080000e+00 88 198.553200 2011 
5.080000e+00 88 178.813475 2012 
5.080000e+00 88 NaN 2013 
5.080000e+00 88 NaN 2014 
5.080000e+00 88 301.483275 2015 
5.080000e+00 88 NaN 2016 
5.080000e+00 88 191.562481 2017 
5.080000e+00 88 291.852400 2018 
5.080000e+00 88 NaN 2019 
5.080000e+00 89 NaN 2007 
5.080000e+00 89 -2.714242 2008 
5.080000e+00 89 28.484436 2009 
5.080000e+00 89 1.861787 2010 
5.080000e+00 89 -3.371817 2011 
5.080000e+00 89 -8.787925 2012 
5.080000e+00 89 0.001470 2013 
5.080000e+00 89 -139.343546 2014 
5.080000e+00 89 -140.665976 2015 
5.080000e+00 89 NaN 2016 
5.080000e+00 89 -50.999998 2017 
5.080000e+00 89 -12.175110 2018 
5.080000e+00 89 31.453023 2019 
5.080000e+00 89 NaN 2020 
5.080000e+00 90 NaN 2001 
5.080000e+00 90 98.588533 2002 
5.080000e+00 90 116.821889 2003 
5.080000e+00 90 157.912051 2004 
5.080000e+00 90 113.896792 2005 
5.080000e+00 90 NaN 2006 
5.080000e+00 90 110.238334 2007 
5.080000e+00 90 NaN 2008 
5.080000e+00 90 67.946946 2009 
5.080000e+00 90 NaN 2010 
5.080000e+00 90 NaN 2011 
5.080000e+00 90 108.484815 2012 
5.080000e+00 90 109.257339 2013 
5.080000e+00 90 149.130090 2014 
5.080000e+00 90 NaN 2015 
5.080000e+00 90 NaN 2016 
5.080000e+00 90 104.977458 2017 
5.080000e+00 90 NaN 2018 
5.080000e+00 90 78.179644 2019 
5.080000e+00 91 NaN 2005 
5.080000e+00 91 NaN 2006 
5.080000e+00 91 NaN 2007 
5.080000e+00 91 NaN 2008 
5.080000e+00 91 117.000000 2009 
5.080000e+00 91 NaN 2010 
5.080000e+00 91 133.000003 2011 
5.080000e+00 91 51.154859 2012 
5.080000e+00 91 77.493912 2013 
5.080000e+00 91 90.218109 2014 
10 1 NaN 2001 
10 1 -153.871192 2002 
10 1 -99.023236 2003 
10 1 -80.638599 2004 
10 1 -179.251828 2005 
10 1 -167.000336 2006 
10 1 -141.617892 2007 
10 1 -27.616431 2008 
10 1 -47.071683 2009 
10 1 -109.399010 2010 
10 1 -68.999960 2011 
10 1 -153.000375 2012 
10 1 -138.224016 2013 
10 1 -37.444543 2014 
10 1 -176.000001 2015 
10 1 -163.000430 2016 
10 1 -139.000000 2017 
10 1 -116.444869 2018 
10 1 -51.995793 2019 
10 1 -137.695805 2020 
