5.080000e+00 1 NaN 2001 
5.080000e+00 1 -86.890832 2001 
5.080000e+00 1 -75.751338 2002 
5.080000e+00 1 -55.000000 2003 
5.080000e+00 2 NaN 2004 
5.080000e+00 2 -53.000000 2005 
5.080000e+00 2 -35.435646 2006 
5.080000e+00 2 -38.023608 2007 
5.080000e+00 2 NaN 2008 
5.080000e+00 2 -54.000000 2009 
5.080000e+00 2 -52.000000 2010 
5.080000e+00 2 -59.462269 2011 
5.080000e+00 2 -44.111031 2012 
5.080000e+00 2 NaN 2013 
5.080000e+00 2 -65.000000 2014 
5.080000e+00 2 -55.395395 2015 
5.080000e+00 2 -118.480582 2016 
5.080000e+00 2 -114.442501 2017 
5.080000e+00 2 -132.000000 2018 
5.080000e+00 2 -42.749476 2019 
5.080000e+00 3 NaN 2015 
5.080000e+00 3 124.000000 2016 
5.080000e+00 3 NaN 2017 
5.080000e+00 4 NaN 2005 
5.080000e+00 4 NaN 2006 
5.080000e+00 4 -24.233010 2007 
5.080000e+00 4 NaN 2008 
5.080000e+00 4 NaN 2009 
5.080000e+00 4 NaN 2010 
5.080000e+00 4 NaN 2011 
5.080000e+00 4 27.000000 2012 
5.080000e+00 4 -18.000000 2013 
5.080000e+00 4 NaN 2014 
5.080000e+00 4 NaN 2015 
5.080000e+00 4 -129.000000 2016 
5.080000e+00 4 NaN 2017 
5.080000e+00 5 NaN 2001 
5.080000e+00 5 134.363084 2001 
5.080000e+00 5 137.539629 2002 
5.080000e+00 5 -14.000000 2003 
5.080000e+00 5 NaN 2004 
5.080000e+00 5 64.000000 2005 
5.080000e+00 9 NaN 2007 
5.080000e+00 9 115.000000 2008 
5.080000e+00 9 102.999999 2009 
5.080000e+00 9 178.034625 2010 
5.080000e+00 9 NaN 2011 
5.080000e+00 9 77.106494 2012 
5.080000e+00 9 NaN 2013 
5.080000e+00 9 -21.000000 2014 
5.080000e+00 9 85.949966 2015 
5.080000e+00 9 55.999958 2016 
5.080000e+00 9 202.158415 2017 
5.080000e+00 9 NaN 2018 
5.080000e+00 9 -60.000000 2019 
5.080000e+00 10 NaN 2007 
5.080000e+00 10 134.641658 2008 
5.080000e+00 10 131.000009 2009 
5.080000e+00 10 180.742115 2010 
5.080000e+00 10 119.131417 2011 
5.080000e+00 10 213.251523 2012 
5.080000e+00 10 153.135294 2013 
5.080000e+00 10 96.506128 2014 
5.080000e+00 10 147.000000 2015 
5.080000e+00 10 143.999995 2016 
5.080000e+00 10 129.269893 2017 
5.080000e+00 10 NaN 2018 
5.080000e+00 10 104.468052 2019 
5.080000e+00 11 NaN 2014 
5.080000e+00 11 83.000000 2015 
5.080000e+00 11 106.922153 2016 
5.080000e+00 11 128.718414 2017 
5.080000e+00 11 124.997252 2018 
5.080000e+00 11 149.192416 2019 
5.080000e+00 12 NaN 2006 
5.080000e+00 12 178.039203 2007 
5.080000e+00 12 171.000000 2008 
5.080000e+00 12 120.999994 2009 
5.080000e+00 12 149.290347 2010 
5.080000e+00 12 113.438638 2011 
5.080000e+00 12 26.000000 2012 
5.080000e+00 12 51.618789 2013 
5.080000e+00 12 99.000000 2014 
5.080000e+00 12 128.088386 2015 
5.080000e+00 13 NaN 2017 
5.080000e+00 13 -333.000003 2018 
5.080000e+00 13 -168.000000 2019 
5.080000e+00 14 NaN 2014 
5.080000e+00 14 -171.000001 2015 
5.080000e+00 14 NaN 2016 
5.080000e+00 14 -239.000000 2017 
5.080000e+00 14 -242.081892 2018 
5.080000e+00 14 -216.000000 2019 
5.080000e+00 14 -180.000000 2020 
5.080000e+00 15 NaN 2005 
5.080000e+00 15 NaN 2006 
5.080000e+00 15 -26.000000 2007 
5.080000e+00 15 NaN 2008 
5.080000e+00 15 -177.000000 2009 
5.080000e+00 15 -44.000001 2010 
5.080000e+00 15 -61.000000 2011 
5.080000e+00 15 -59.000000 2012 
5.080000e+00 15 NaN 2013 
5.080000e+00 15 NaN 2014 
5.080000e+00 17 151.000000 2014 
5.080000e+00 17 95.999957 2015 
5.080000e+00 17 36.850143 2016 
5.080000e+00 17 143.999999 2017 
5.080000e+00 17 134.621459 2018 
5.080000e+00 17 163.000000 2019 
5.080000e+00 19 NaN 2013 
5.080000e+00 19 124.000000 2014 
5.080000e+00 21 NaN 2007 
5.080000e+00 21 144.262411 2008 
5.080000e+00 21 115.072194 2009 
5.080000e+00 21 133.000000 2010 
5.080000e+00 21 127.129599 2011 
5.080000e+00 21 24.562508 2012 
5.080000e+00 21 -19.702077 2013 
5.080000e+00 21 -16.252821 2014 
5.080000e+00 21 -38.000000 2015 
5.080000e+00 21 128.000054 2016 
5.080000e+00 21 126.972612 2017 
5.080000e+00 21 NaN 2018 
5.080000e+00 21 NaN 2019 
5.080000e+00 22 NaN 2007 
5.080000e+00 22 119.467184 2008 
5.080000e+00 22 117.999999 2009 
5.080000e+00 22 128.031139 2010 
5.080000e+00 22 136.595702 2011 
5.080000e+00 22 179.001762 2012 
5.080000e+00 22 156.000030 2013 
5.080000e+00 22 130.652078 2014 
5.080000e+00 22 104.999928 2015 
5.080000e+00 22 129.009774 2016 
5.080000e+00 22 119.985444 2017 
5.080000e+00 22 17.078888 2018 
5.080000e+00 22 135.000037 2019 
5.080000e+00 24 NaN 2012 
5.080000e+00 24 140.727107 2013 
5.080000e+00 24 -15.285863 2014 
5.080000e+00 24 125.000014 2015 
5.080000e+00 24 42.000000 2016 
5.080000e+00 24 -34.718143 2017 
5.080000e+00 24 NaN 2018 
5.080000e+00 25 NaN 2001 
5.080000e+00 25 133.685242 2001 
5.080000e+00 25 189.000941 2002 
5.080000e+00 25 210.937064 2003 
5.080000e+00 26 NaN 2004 
5.080000e+00 26 117.000235 2005 
5.080000e+00 26 23.449825 2006 
5.080000e+00 26 175.076958 2007 
5.080000e+00 26 168.000000 2008 
5.080000e+00 26 125.189352 2009 
5.080000e+00 26 129.613056 2010 
5.080000e+00 26 113.358462 2011 
5.080000e+00 26 28.225566 2012 
5.080000e+00 26 74.739920 2013 
5.080000e+00 26 104.598884 2014 
5.080000e+00 26 126.987396 2015 
5.080000e+00 26 139.402796 2016 
5.080000e+00 26 15.572784 2017 
5.080000e+00 26 187.000299 2018 
5.080000e+00 27 NaN 2010 
5.080000e+00 27 118.000000 2011 
5.080000e+00 27 26.000000 2012 
5.080000e+00 27 179.042834 2013 
5.080000e+00 27 106.043954 2014 
5.080000e+00 27 -29.000000 2015 
5.080000e+00 27 85.944318 2016 
5.080000e+00 27 126.468469 2017 
5.080000e+00 27 128.594358 2018 
5.080000e+00 27 119.365977 2019 
5.080000e+00 28 NaN 2007 
5.080000e+00 28 124.422402 2008 
5.080000e+00 28 116.000000 2009 
5.080000e+00 28 127.169386 2010 
5.080000e+00 28 135.000000 2011 
5.080000e+00 28 25.677281 2012 
5.080000e+00 28 141.999777 2013 
5.080000e+00 28 134.999999 2014 
5.080000e+00 28 -26.539746 2015 
5.080000e+00 28 57.126543 2016 
5.080000e+00 28 136.000000 2017 
5.080000e+00 28 NaN 2018 
5.080000e+00 28 30.637209 2019 
5.080000e+00 29 NaN 2010 
5.080000e+00 29 107.515081 2011 
5.080000e+00 29 152.426686 2012 
5.080000e+00 29 181.999807 2013 
5.080000e+00 29 154.999693 2014 
5.080000e+00 29 108.430484 2015 
5.080000e+00 29 102.999999 2016 
5.080000e+00 29 113.204320 2017 
5.080000e+00 29 133.686921 2018 
5.080000e+00 29 155.531009 2019 
5.080000e+00 30 NaN 2010 
5.080000e+00 30 117.664145 2011 
5.080000e+00 30 173.000001 2012 
5.080000e+00 30 -33.726311 2013 
5.080000e+00 30 -7.947120 2014 
5.080000e+00 30 -21.000000 2015 
5.080000e+00 30 139.999999 2016 
5.080000e+00 30 126.806252 2017 
5.080000e+00 30 -50.000000 2018 
5.080000e+00 30 143.996888 2019 
5.080000e+00 31 NaN 2010 
5.080000e+00 31 112.308477 2011 
5.080000e+00 31 148.735199 2012 
5.080000e+00 31 159.999999 2013 
5.080000e+00 31 109.000000 2014 
5.080000e+00 31 155.026209 2015 
5.080000e+00 31 68.908272 2016 
5.080000e+00 31 105.414992 2017 
5.080000e+00 31 NaN 2018 
5.080000e+00 31 122.330615 2019 
5.080000e+00 33 NaN 2005 
5.080000e+00 33 NaN 2006 
5.080000e+00 33 114.000000 2007 
5.080000e+00 33 95.333104 2008 
5.080000e+00 35 NaN 2007 
5.080000e+00 35 23.972046 2008 
5.080000e+00 35 129.000000 2009 
5.080000e+00 35 143.211070 2010 
5.080000e+00 35 112.516947 2011 
5.080000e+00 35 26.000000 2012 
5.080000e+00 35 50.674446 2013 
5.080000e+00 35 109.999999 2014 
5.080000e+00 35 99.390360 2015 
5.080000e+00 35 144.000000 2016 
5.080000e+00 35 15.000000 2017 
5.080000e+00 35 189.000000 2018 
5.080000e+00 35 28.999892 2019 
5.080000e+00 36 NaN 2009 
5.080000e+00 36 112.000000 2010 
5.080000e+00 36 91.874728 2011 
5.080000e+00 36 66.822914 2012 
5.080000e+00 36 58.277874 2013 
5.080000e+00 36 NaN 2014 
5.080000e+00 36 107.805649 2015 
5.080000e+00 36 110.663554 2016 
5.080000e+00 36 109.000000 2017 
5.080000e+00 36 115.000000 2018 
5.080000e+00 36 132.209578 2019 
5.080000e+00 37 NaN 2010 
5.080000e+00 37 -60.000000 2011 
5.080000e+00 37 -58.000000 2012 
5.080000e+00 37 NaN 2013 
5.080000e+00 37 -47.506914 2014 
5.080000e+00 37 -42.000000 2015 
5.080000e+00 37 -66.067239 2016 
5.080000e+00 37 -95.000000 2017 
5.080000e+00 37 -94.928266 2018 
5.080000e+00 37 -58.000000 2019 
5.080000e+00 38 NaN 2010 
5.080000e+00 38 -60.000000 2011 
5.080000e+00 38 -58.000000 2012 
5.080000e+00 38 NaN 2013 
5.080000e+00 38 -47.506914 2014 
5.080000e+00 38 -42.000000 2015 
5.080000e+00 38 -66.067239 2016 
5.080000e+00 38 -95.000000 2017 
5.080000e+00 38 -94.928266 2018 
5.080000e+00 38 -58.000000 2019 
5.080000e+00 39 NaN 2010 
5.080000e+00 39 -60.000000 2011 
5.080000e+00 39 -58.000000 2012 
5.080000e+00 39 NaN 2013 
5.080000e+00 39 -47.506914 2014 
5.080000e+00 39 -42.000000 2015 
5.080000e+00 39 -66.067239 2016 
5.080000e+00 39 -95.000000 2017 
5.080000e+00 39 -94.928266 2018 
5.080000e+00 39 -58.000000 2019 
5.080000e+00 40 NaN 2013 
5.080000e+00 40 NaN 2014 
5.080000e+00 40 85.338942 2015 
5.080000e+00 40 124.999999 2016 
5.080000e+00 40 NaN 2017 
5.080000e+00 40 NaN 2018 
5.080000e+00 40 177.999990 2019 
5.080000e+00 41 NaN 2008 
5.080000e+00 41 85.392277 2009 
5.080000e+00 41 130.999999 2010 
5.080000e+00 41 96.796736 2011 
5.080000e+00 41 136.000000 2012 
5.080000e+00 42 NaN 2013 
5.080000e+00 42 -22.269050 2014 
5.080000e+00 42 86.867736 2015 
5.080000e+00 42 126.000000 2016 
5.080000e+00 42 NaN 2017 
5.080000e+00 42 NaN 2018 
5.080000e+00 42 -60.000000 2019 
5.080000e+00 44 NaN 2007 
5.080000e+00 44 NaN 2008 
5.080000e+00 44 -341.000000 2009 
5.080000e+00 44 -230.185314 2010 
5.080000e+00 44 -224.655251 2011 
5.080000e+00 44 -215.000000 2012 
5.080000e+00 44 -337.810918 2013 
5.080000e+00 44 -275.440989 2014 
5.080000e+00 44 -249.000000 2015 
5.080000e+00 44 -264.193168 2016 
5.080000e+00 46 NaN 2012 
5.080000e+00 46 NaN 2013 
5.080000e+00 47 NaN 2005 
5.080000e+00 47 NaN 2006 
5.080000e+00 47 NaN 2007 
5.080000e+00 47 NaN 2008 
5.080000e+00 47 -81.682183 2009 
5.080000e+00 47 -118.000000 2010 
5.080000e+00 47 -75.689911 2011 
5.080000e+00 48 NaN 2016 
5.080000e+00 48 -15.799361 2017 
5.080000e+00 48 -39.614579 2018 
5.080000e+00 48 40.018292 2019 
5.080000e+00 49 NaN 2001 
5.080000e+00 49 127.616500 2001 
5.080000e+00 49 100.595535 2002 
5.080000e+00 49 109.377399 2003 
5.080000e+00 49 134.999999 2004 
5.080000e+00 49 107.152577 2005 
5.080000e+00 49 83.000000 2006 
5.080000e+00 50 NaN 2007 
5.080000e+00 50 114.000000 2008 
5.080000e+00 50 98.999999 2009 
5.080000e+00 50 106.999999 2010 
5.080000e+00 50 107.753924 2011 
5.080000e+00 50 134.767432 2012 
5.080000e+00 50 108.720794 2013 
5.080000e+00 50 116.659571 2014 
5.080000e+00 50 124.234746 2015 
5.080000e+00 50 119.000000 2016 
5.080000e+00 50 136.000000 2017 
5.080000e+00 50 115.000000 2018 
5.080000e+00 50 180.009350 2019 
5.080000e+00 51 NaN 2010 
5.080000e+00 51 110.566154 2011 
5.080000e+00 51 64.747900 2012 
5.080000e+00 51 84.643156 2013 
5.080000e+00 51 6.493965 2014 
5.080000e+00 51 17.000004 2015 
5.080000e+00 51 146.000000 2016 
5.080000e+00 51 NaN 2017 
5.080000e+00 51 125.888592 2018 
5.080000e+00 51 199.392764 2019 
5.080000e+00 52 NaN 2010 
5.080000e+00 52 -18.000000 2011 
5.080000e+00 52 -20.000003 2012 
5.080000e+00 52 NaN 2013 
5.080000e+00 52 -62.783668 2014 
5.080000e+00 52 -41.091033 2015 
5.080000e+00 52 127.999587 2016 
5.080000e+00 52 135.033722 2017 
5.080000e+00 52 -48.000000 2018 
5.080000e+00 52 -17.000000 2019 
5.080000e+00 53 NaN 2007 
5.080000e+00 53 115.000000 2008 
5.080000e+00 53 91.285294 2009 
5.080000e+00 53 129.416222 2010 
5.080000e+00 53 96.215846 2011 
5.080000e+00 53 135.743694 2012 
5.080000e+00 54 NaN 2013 
5.080000e+00 54 NaN 2014 
5.080000e+00 54 85.737791 2015 
5.080000e+00 54 38.000000 2016 
5.080000e+00 54 126.948366 2017 
5.080000e+00 54 NaN 2018 
5.080000e+00 54 169.999999 2019 
5.080000e+00 55 NaN 2006 
5.080000e+00 55 96.000000 2007 
5.080000e+00 55 129.000000 2008 
5.080000e+00 55 115.475102 2009 
5.080000e+00 55 113.844876 2010 
5.080000e+00 55 87.978545 2011 
5.080000e+00 55 73.775094 2012 
5.080000e+00 55 117.365377 2013 
5.080000e+00 55 159.214534 2014 
5.080000e+00 55 97.999989 2015 
5.080000e+00 55 127.047504 2016 
5.080000e+00 55 128.545046 2017 
5.080000e+00 55 181.003060 2018 
5.080000e+00 55 169.309244 2019 
5.080000e+00 56 NaN 2009 
5.080000e+00 56 134.208880 2010 
5.080000e+00 56 133.532468 2011 
5.080000e+00 56 136.000000 2012 
5.080000e+00 56 87.622849 2013 
5.080000e+00 56 120.198888 2014 
5.080000e+00 56 96.108039 2015 
5.080000e+00 56 57.228737 2016 
5.080000e+00 56 133.000000 2017 
5.080000e+00 56 124.175426 2018 
5.080000e+00 56 170.999999 2019 
5.080000e+00 57 NaN 2007 
5.080000e+00 57 152.000000 2008 
5.080000e+00 57 124.000000 2009 
5.080000e+00 57 134.389303 2010 
5.080000e+00 57 125.000085 2011 
5.080000e+00 57 9.066915 2012 
5.080000e+00 57 -39.431583 2013 
5.080000e+00 57 -0.999832 2014 
5.080000e+00 57 125.034719 2015 
5.080000e+00 57 127.375769 2016 
5.080000e+00 57 141.787645 2017 
5.080000e+00 57 -12.537495 2018 
5.080000e+00 57 129.999999 2019 
5.080000e+00 58 NaN 2007 
5.080000e+00 58 110.415149 2008 
5.080000e+00 58 121.999998 2009 
5.080000e+00 58 134.082346 2010 
5.080000e+00 58 128.699059 2011 
5.080000e+00 58 25.000000 2012 
5.080000e+00 58 -19.000000 2013 
5.080000e+00 58 111.000000 2014 
5.080000e+00 58 -22.000000 2015 
5.080000e+00 58 127.000000 2016 
5.080000e+00 58 117.000000 2017 
5.080000e+00 58 -60.385948 2018 
5.080000e+00 58 172.000082 2019 
5.080000e+00 59 NaN 2006 
5.080000e+00 59 162.782155 2007 
5.080000e+00 59 159.000000 2008 
5.080000e+00 59 122.972820 2009 
5.080000e+00 59 144.000000 2010 
5.080000e+00 59 103.999949 2011 
5.080000e+00 59 39.723987 2012 
5.080000e+00 59 48.314168 2013 
5.080000e+00 59 117.850414 2014 
5.080000e+00 59 121.000000 2015 
5.080000e+00 59 132.000000 2016 
5.080000e+00 59 25.000000 2017 
5.080000e+00 59 184.999795 2018 
5.080000e+00 59 24.999796 2019 
5.080000e+00 60 NaN 2014 
5.080000e+00 60 NaN 2015 
5.080000e+00 60 55.331048 2016 
5.080000e+00 60 101.269674 2017 
5.080000e+00 60 129.000000 2018 
5.080000e+00 60 87.790735 2019 
5.080000e+00 61 NaN 2007 
5.080000e+00 61 102.422549 2008 
5.080000e+00 61 129.179995 2009 
5.080000e+00 61 146.275947 2010 
5.080000e+00 61 112.052821 2011 
5.080000e+00 61 26.866597 2012 
5.080000e+00 61 87.000000 2013 
5.080000e+00 61 7.053728 2014 
5.080000e+00 61 139.000005 2015 
5.080000e+00 61 162.461813 2016 
5.080000e+00 61 161.000000 2017 
5.080000e+00 61 NaN 2018 
5.080000e+00 61 NaN 2019 
5.080000e+00 62 NaN 2008 
5.080000e+00 62 -272.276916 2009 
5.080000e+00 62 NaN 2010 
5.080000e+00 62 -259.206926 2011 
5.080000e+00 62 -277.608081 2012 
5.080000e+00 62 NaN 2013 
5.080000e+00 62 -346.918711 2014 
5.080000e+00 62 NaN 2015 
5.080000e+00 62 NaN 2016 
5.080000e+00 62 NaN 2017 
5.080000e+00 62 -257.000000 2018 
5.080000e+00 62 -224.599470 2019 
5.080000e+00 63 NaN 2001 
5.080000e+00 63 162.289361 2001 
5.080000e+00 63 NaN 2002 
5.080000e+00 63 -17.000000 2003 
5.080000e+00 63 90.540742 2004 
5.080000e+00 63 77.000000 2005 
5.080000e+00 63 NaN 2006 
5.080000e+00 65 NaN 2010 
5.080000e+00 65 185.588907 2011 
5.080000e+00 65 25.793665 2012 
5.080000e+00 65 NaN 2013 
5.080000e+00 65 119.000043 2014 
5.080000e+00 65 -28.556525 2015 
5.080000e+00 65 142.000041 2016 
5.080000e+00 65 139.767809 2017 
5.080000e+00 65 NaN 2018 
5.080000e+00 65 175.665621 2019 
5.080000e+00 66 NaN 2010 
5.080000e+00 66 109.304292 2011 
5.080000e+00 66 181.999933 2012 
5.080000e+00 66 93.825596 2013 
5.080000e+00 66 164.461081 2014 
5.080000e+00 66 133.000000 2015 
5.080000e+00 66 99.970287 2016 
5.080000e+00 66 140.686779 2017 
5.080000e+00 66 5.126266 2018 
5.080000e+00 66 116.058250 2019 
5.080000e+00 67 NaN 2007 
5.080000e+00 67 118.000000 2008 
5.080000e+00 67 92.603776 2009 
5.080000e+00 67 118.000251 2010 
5.080000e+00 67 93.341940 2011 
5.080000e+00 67 138.999999 2012 
5.080000e+00 67 NaN 2013 
5.080000e+00 67 -21.000000 2014 
5.080000e+00 67 -43.000000 2015 
5.080000e+00 67 126.000031 2016 
5.080000e+00 67 NaN 2017 
5.080000e+00 67 NaN 2018 
5.080000e+00 68 NaN 2009 
5.080000e+00 68 126.440602 2010 
5.080000e+00 68 107.904783 2011 
5.080000e+00 68 142.999999 2012 
5.080000e+00 68 139.000136 2013 
5.080000e+00 68 33.811359 2014 
5.080000e+00 68 NaN 2015 
5.080000e+00 68 69.454459 2016 
5.080000e+00 68 125.999999 2017 
5.080000e+00 68 12.000000 2018 
5.080000e+00 68 111.649204 2019 
5.080000e+00 69 NaN 2005 
5.080000e+00 69 NaN 2006 
5.080000e+00 69 NaN 2007 
5.080000e+00 69 -235.327048 2008 
5.080000e+00 69 -79.000000 2009 
5.080000e+00 69 -93.160188 2010 
5.080000e+00 71 NaN 2008 
5.080000e+00 71 125.308105 2009 
5.080000e+00 71 125.501529 2010 
5.080000e+00 71 117.865712 2011 
5.080000e+00 71 164.999999 2012 
5.080000e+00 71 154.000000 2013 
5.080000e+00 71 20.536659 2014 
5.080000e+00 71 67.527145 2015 
5.080000e+00 71 109.000000 2016 
5.080000e+00 71 113.518352 2017 
5.080000e+00 71 114.056234 2018 
5.080000e+00 71 128.602733 2019 
5.080000e+00 72 NaN 2008 
5.080000e+00 72 125.305899 2009 
5.080000e+00 72 125.501121 2010 
5.080000e+00 72 117.864225 2011 
5.080000e+00 72 164.999999 2012 
5.080000e+00 72 153.999999 2013 
5.080000e+00 72 20.536516 2014 
5.080000e+00 72 67.513797 2015 
5.080000e+00 72 109.135552 2016 
5.080000e+00 72 113.907481 2017 
5.080000e+00 72 114.084443 2018 
5.080000e+00 72 128.602752 2019 
5.080000e+00 76 NaN 2015 
5.080000e+00 76 43.000217 2016 
5.080000e+00 76 -22.000000 2017 
5.080000e+00 76 -79.964463 2018 
5.080000e+00 76 38.000548 2019 
5.080000e+00 77 NaN 2010 
5.080000e+00 77 113.263802 2011 
5.080000e+00 77 24.000000 2012 
5.080000e+00 77 -20.222810 2013 
5.080000e+00 77 -17.085363 2014 
5.080000e+00 77 -28.807416 2015 
5.080000e+00 77 108.213303 2016 
5.080000e+00 77 NaN 2017 
5.080000e+00 77 192.267825 2018 
5.080000e+00 77 158.999999 2019 
5.080000e+00 78 NaN 2010 
5.080000e+00 78 NaN 2011 
5.080000e+00 78 -10.203671 2012 
5.080000e+00 78 NaN 2013 
5.080000e+00 78 -61.994880 2014 
5.080000e+00 78 -41.000000 2015 
5.080000e+00 78 NaN 2016 
5.080000e+00 78 NaN 2017 
5.080000e+00 78 NaN 2018 
5.080000e+00 79 NaN 2012 
5.080000e+00 79 NaN 2013 
5.080000e+00 79 -21.323846 2014 
5.080000e+00 79 -38.842242 2015 
5.080000e+00 79 -40.075674 2016 
5.080000e+00 80 NaN 2009 
5.080000e+00 80 -209.488575 2010 
5.080000e+00 80 -217.750632 2011 
5.080000e+00 80 -203.551678 2012 
5.080000e+00 80 NaN 2013 
5.080000e+00 80 -225.205815 2014 
5.080000e+00 80 -219.108190 2015 
5.080000e+00 80 -219.666614 2016 
5.080000e+00 81 NaN 2016 
5.080000e+00 81 -239.000000 2017 
5.080000e+00 82 NaN 2010 
5.080000e+00 82 114.533025 2011 
5.080000e+00 82 64.000000 2012 
5.080000e+00 82 145.000007 2013 
5.080000e+00 82 158.000000 2014 
5.080000e+00 82 NaN 2015 
5.080000e+00 82 42.007858 2016 
5.080000e+00 82 208.162775 2017 
5.080000e+00 82 NaN 2018 
5.080000e+00 82 35.133458 2019 
5.080000e+00 83 NaN 2010 
5.080000e+00 83 117.000283 2011 
5.080000e+00 83 -34.592894 2012 
5.080000e+00 83 203.296600 2013 
5.080000e+00 83 -65.755663 2014 
5.080000e+00 83 -22.430335 2015 
5.080000e+00 83 4.625720 2016 
5.080000e+00 83 146.999998 2017 
5.080000e+00 83 -54.484799 2018 
5.080000e+00 83 39.856342 2019 
5.080000e+00 84 NaN 2014 
5.080000e+00 84 83.000000 2015 
5.080000e+00 84 143.568116 2016 
5.080000e+00 84 119.395684 2017 
5.080000e+00 84 NaN 2018 
5.080000e+00 85 NaN 2007 
5.080000e+00 85 80.070071 2008 
5.080000e+00 85 100.206397 2009 
5.080000e+00 85 114.873437 2010 
5.080000e+00 85 99.388919 2011 
5.080000e+00 85 136.772527 2012 
5.080000e+00 85 93.115824 2013 
5.080000e+00 85 NaN 2014 
5.080000e+00 85 85.479713 2015 
5.080000e+00 85 123.000000 2016 
5.080000e+00 85 126.000002 2017 
5.080000e+00 85 NaN 2018 
5.080000e+00 85 NaN 2019 
5.080000e+00 86 NaN 2014 
5.080000e+00 86 84.683176 2015 
5.080000e+00 86 122.000000 2016 
5.080000e+00 86 125.384809 2017 
5.080000e+00 86 NaN 2018 
5.080000e+00 86 NaN 2019 
5.080000e+00 87 NaN 2010 
5.080000e+00 87 120.025186 2011 
5.080000e+00 87 134.000000 2012 
5.080000e+00 87 164.999999 2013 
5.080000e+00 87 31.105305 2014 
5.080000e+00 87 -23.807576 2015 
5.080000e+00 87 133.000000 2016 
5.080000e+00 87 128.000000 2017 
5.080000e+00 87 -59.665854 2018 
5.080000e+00 87 NaN 2019 
5.080000e+00 88 NaN 2010 
5.080000e+00 88 101.236664 2011 
5.080000e+00 88 24.000000 2012 
5.080000e+00 88 NaN 2013 
5.080000e+00 88 -19.559799 2014 
5.080000e+00 88 -28.000000 2015 
5.080000e+00 88 134.000000 2016 
5.080000e+00 88 145.000000 2017 
5.080000e+00 88 NaN 2018 
5.080000e+00 88 163.056509 2019 
5.080000e+00 89 NaN 2006 
5.080000e+00 89 113.435585 2007 
5.080000e+00 89 166.000000 2008 
5.080000e+00 89 110.398438 2009 
5.080000e+00 89 122.420769 2010 
5.080000e+00 89 110.914334 2011 
5.080000e+00 89 25.642920 2012 
5.080000e+00 89 59.506779 2013 
5.080000e+00 89 103.000411 2014 
5.080000e+00 89 83.489724 2015 
5.080000e+00 89 138.000000 2016 
5.080000e+00 89 25.493400 2017 
5.080000e+00 89 220.294282 2018 
5.080000e+00 89 14.905166 2019 
5.080000e+00 90 NaN 2001 
5.080000e+00 90 -81.874289 2002 
5.080000e+00 90 -60.000000 2003 
5.080000e+00 90 -53.300753 2004 
5.080000e+00 90 -56.862947 2005 
5.080000e+00 90 NaN 2006 
5.080000e+00 90 -46.539539 2007 
5.080000e+00 90 NaN 2008 
5.080000e+00 90 -76.000000 2009 
5.080000e+00 90 -73.000000 2010 
5.080000e+00 90 -56.104267 2011 
5.080000e+00 90 -63.000000 2012 
5.080000e+00 90 -58.000000 2013 
5.080000e+00 90 -13.905927 2014 
5.080000e+00 90 NaN 2015 
5.080000e+00 90 NaN 2016 
5.080000e+00 90 -39.000000 2017 
5.080000e+00 90 -58.043356 2018 
5.080000e+00 90 -55.454902 2019 
5.080000e+00 91 NaN 2005 
5.080000e+00 91 NaN 2006 
5.080000e+00 91 -40.000000 2007 
5.080000e+00 91 NaN 2008 
5.080000e+00 91 -59.545500 2009 
5.080000e+00 91 NaN 2010 
5.080000e+00 91 NaN 2011 
5.080000e+00 91 -59.000000 2012 
5.080000e+00 91 NaN 2013 
5.080000e+00 91 NaN 2014 
10 1 NaN 2001 
10 1 140.999999 2001 
10 1 72.094175 2002 
10 1 105.000209 2003 
10 1 175.760144 2004 
10 1 128.999981 2005 
10 1 NaN 2006 
10 1 -8.000000 2007 
10 1 115.557283 2008 
10 1 120.784297 2009 
10 1 132.072435 2010 
10 1 117.460272 2011 
10 1 150.999682 2012 
10 1 147.000000 2013 
10 1 4.218578 2014 
10 1 131.999965 2015 
10 1 125.442450 2016 
10 1 125.408135 2017 
10 1 -46.000000 2018 
10 1 171.492217 2019 
