5.080000e+00 1 75.789077 2001 
5.080000e+00 1 57.000000 2001 
5.080000e+00 1 NaN 2002 
5.080000e+00 1 65.000004 2003 
5.080000e+00 2 77.980147 2004 
5.080000e+00 2 42.210369 2005 
5.080000e+00 2 NaN 2006 
5.080000e+00 2 NaN 2007 
5.080000e+00 2 NaN 2008 
5.080000e+00 2 -21.327924 2009 
5.080000e+00 2 68.655521 2010 
5.080000e+00 2 18.374724 2011 
5.080000e+00 2 63.380262 2012 
5.080000e+00 2 43.540253 2013 
5.080000e+00 2 42.000019 2014 
5.080000e+00 2 NaN 2015 
5.080000e+00 2 38.702999 2016 
5.080000e+00 2 17.000014 2017 
5.080000e+00 2 NaN 2018 
5.080000e+00 2 91.434504 2019 
5.080000e+00 3 -250.529575 2016 
5.080000e+00 3 -120.794373 2017 
5.080000e+00 3 -233.129578 2018 
5.080000e+00 4 117.351637 2005 
5.080000e+00 4 NaN 2006 
5.080000e+00 4 143.225673 2007 
5.080000e+00 4 188.272378 2008 
5.080000e+00 4 NaN 2009 
5.080000e+00 4 63.936799 2010 
5.080000e+00 4 42.850399 2011 
5.080000e+00 4 54.633668 2012 
5.080000e+00 4 178.125172 2013 
5.080000e+00 4 NaN 2014 
5.080000e+00 4 166.717199 2015 
5.080000e+00 4 103.431767 2016 
5.080000e+00 5 51.953019 2001 
5.080000e+00 5 50.632581 2001 
5.080000e+00 5 NaN 2002 
5.080000e+00 5 135.473034 2003 
5.080000e+00 5 61.724174 2004 
5.080000e+00 5 90.893551 2005 
5.080000e+00 9 NaN 2007 
5.080000e+00 9 67.631232 2008 
5.080000e+00 9 90.681830 2009 
5.080000e+00 9 NaN 2010 
5.080000e+00 9 163.431566 2011 
5.080000e+00 9 214.892805 2012 
5.080000e+00 9 NaN 2013 
5.080000e+00 9 84.873502 2014 
5.080000e+00 9 180.751244 2015 
5.080000e+00 9 118.260470 2016 
5.080000e+00 9 85.534801 2017 
5.080000e+00 9 100.922541 2018 
5.080000e+00 9 127.092214 2019 
5.080000e+00 10 NaN 2007 
5.080000e+00 10 65.000000 2008 
5.080000e+00 10 80.854321 2009 
5.080000e+00 10 124.000000 2010 
5.080000e+00 10 NaN 2011 
5.080000e+00 10 86.936213 2012 
5.080000e+00 10 NaN 2013 
5.080000e+00 10 166.886841 2014 
5.080000e+00 10 114.801382 2015 
5.080000e+00 10 91.174508 2016 
5.080000e+00 10 63.400832 2017 
5.080000e+00 10 NaN 2018 
5.080000e+00 10 146.346113 2019 
5.080000e+00 11 NaN 2014 
5.080000e+00 11 36.000000 2015 
5.080000e+00 11 100.943740 2016 
5.080000e+00 11 48.707761 2017 
5.080000e+00 11 87.667693 2018 
5.080000e+00 11 70.658761 2019 
5.080000e+00 12 NaN 2007 
5.080000e+00 12 -284.537209 2008 
5.080000e+00 12 -247.838877 2009 
5.080000e+00 12 -268.000000 2010 
5.080000e+00 12 -207.000000 2011 
5.080000e+00 12 -213.271543 2012 
5.080000e+00 12 NaN 2013 
5.080000e+00 12 -238.386041 2014 
5.080000e+00 12 NaN 2015 
5.080000e+00 13 NaN 2016 
5.080000e+00 13 -265.397991 2017 
5.080000e+00 13 -269.000000 2018 
5.080000e+00 13 NaN 2019 
5.080000e+00 14 NaN 2014 
5.080000e+00 14 NaN 2015 
5.080000e+00 14 -241.086440 2016 
5.080000e+00 14 -268.519576 2017 
5.080000e+00 14 -259.000000 2018 
5.080000e+00 14 -263.414770 2019 
5.080000e+00 14 -212.397957 2020 
5.080000e+00 15 NaN 2005 
5.080000e+00 15 -165.324396 2006 
5.080000e+00 15 -159.065317 2007 
5.080000e+00 15 -146.665151 2008 
5.080000e+00 15 -101.055913 2009 
5.080000e+00 15 NaN 2010 
5.080000e+00 15 -202.806019 2011 
5.080000e+00 15 NaN 2012 
5.080000e+00 15 -119.647712 2013 
5.080000e+00 15 -184.939665 2014 
5.080000e+00 17 NaN 2014 
5.080000e+00 17 -300.680426 2015 
5.080000e+00 17 -243.999892 2016 
5.080000e+00 17 -275.286085 2017 
5.080000e+00 17 -232.825854 2018 
5.080000e+00 17 -188.750157 2019 
5.080000e+00 17 -181.211152 2020 
5.080000e+00 19 NaN 2013 
5.080000e+00 19 109.919338 2014 
5.080000e+00 21 NaN 2007 
5.080000e+00 21 57.458361 2008 
5.080000e+00 21 69.693806 2009 
5.080000e+00 21 97.167062 2010 
5.080000e+00 21 107.236760 2011 
5.080000e+00 21 NaN 2012 
5.080000e+00 21 90.982224 2013 
5.080000e+00 21 NaN 2014 
5.080000e+00 21 34.438618 2015 
5.080000e+00 21 32.657564 2016 
5.080000e+00 21 21.761958 2017 
5.080000e+00 21 52.459788 2018 
5.080000e+00 21 132.490416 2019 
5.080000e+00 22 NaN 2007 
5.080000e+00 22 132.444174 2008 
5.080000e+00 22 139.361943 2009 
5.080000e+00 22 133.580664 2010 
5.080000e+00 22 178.999998 2011 
5.080000e+00 22 81.000069 2012 
5.080000e+00 22 91.712302 2013 
5.080000e+00 22 NaN 2014 
5.080000e+00 22 129.790720 2015 
5.080000e+00 22 52.412759 2016 
5.080000e+00 22 139.000127 2017 
5.080000e+00 22 64.818959 2018 
5.080000e+00 22 137.875504 2019 
5.080000e+00 24 14.202421 2012 
5.080000e+00 24 NaN 2013 
5.080000e+00 24 -1.495052 2014 
5.080000e+00 24 27.727046 2015 
5.080000e+00 24 -1.522371 2016 
5.080000e+00 24 23.310718 2017 
5.080000e+00 24 NaN 2018 
5.080000e+00 25 NaN 2001 
5.080000e+00 25 -260.674941 2001 
5.080000e+00 25 -281.674278 2002 
5.080000e+00 25 -248.448982 2003 
5.080000e+00 25 -273.413382 2004 
5.080000e+00 26 NaN 2005 
5.080000e+00 26 -230.396369 2006 
5.080000e+00 26 -296.596023 2007 
5.080000e+00 26 -212.633603 2008 
5.080000e+00 26 -243.791429 2009 
5.080000e+00 26 -259.325385 2010 
5.080000e+00 26 -211.406158 2011 
5.080000e+00 26 -284.831750 2012 
5.080000e+00 26 -234.536633 2013 
5.080000e+00 26 -291.784753 2014 
5.080000e+00 26 -279.893093 2015 
5.080000e+00 26 NaN 2016 
5.080000e+00 26 NaN 2017 
5.080000e+00 26 -299.201035 2018 
5.080000e+00 26 -267.490386 2019 
5.080000e+00 27 -236.597040 2011 
5.080000e+00 27 -255.088448 2012 
5.080000e+00 27 -286.040963 2013 
5.080000e+00 27 -293.219000 2014 
5.080000e+00 27 NaN 2015 
5.080000e+00 27 -366.015276 2016 
5.080000e+00 27 NaN 2017 
5.080000e+00 27 -273.652845 2018 
5.080000e+00 27 -256.516375 2019 
5.080000e+00 27 -242.350358 2020 
5.080000e+00 28 NaN 2007 
5.080000e+00 28 38.424253 2008 
5.080000e+00 28 29.266461 2009 
5.080000e+00 28 70.766968 2010 
5.080000e+00 28 100.406532 2011 
5.080000e+00 28 59.434668 2012 
5.080000e+00 28 110.841867 2013 
5.080000e+00 28 NaN 2014 
5.080000e+00 28 161.201634 2015 
5.080000e+00 28 109.999918 2016 
5.080000e+00 28 50.715319 2017 
5.080000e+00 28 109.095793 2018 
5.080000e+00 28 47.283914 2019 
5.080000e+00 29 NaN 2010 
5.080000e+00 29 123.562178 2011 
5.080000e+00 29 60.962036 2012 
5.080000e+00 29 69.837824 2013 
5.080000e+00 29 100.999851 2014 
5.080000e+00 29 61.000002 2015 
5.080000e+00 29 103.888008 2016 
5.080000e+00 29 89.057191 2017 
5.080000e+00 29 74.724876 2018 
5.080000e+00 29 82.729280 2019 
5.080000e+00 30 NaN 2010 
5.080000e+00 30 15.863081 2011 
5.080000e+00 30 NaN 2012 
5.080000e+00 30 NaN 2013 
5.080000e+00 30 46.391423 2014 
5.080000e+00 30 114.225838 2015 
5.080000e+00 30 33.582765 2016 
5.080000e+00 30 23.181585 2017 
5.080000e+00 30 107.634137 2018 
5.080000e+00 30 132.298126 2019 
5.080000e+00 31 100.304364 2010 
5.080000e+00 31 113.334293 2011 
5.080000e+00 31 80.366388 2012 
5.080000e+00 31 102.527107 2013 
5.080000e+00 31 111.999998 2014 
5.080000e+00 31 146.402610 2015 
5.080000e+00 31 114.281841 2016 
5.080000e+00 31 NaN 2017 
5.080000e+00 31 NaN 2018 
5.080000e+00 31 132.306733 2019 
5.080000e+00 33 NaN 2006 
5.080000e+00 33 -88.000000 2007 
5.080000e+00 33 -242.686511 2008 
5.080000e+00 33 NaN 2009 
5.080000e+00 35 NaN 2008 
5.080000e+00 35 -248.839728 2009 
5.080000e+00 35 -275.173043 2010 
5.080000e+00 35 -239.988500 2011 
5.080000e+00 35 -234.207763 2012 
5.080000e+00 35 -243.550920 2013 
5.080000e+00 35 -173.593623 2014 
5.080000e+00 35 -148.401626 2015 
5.080000e+00 35 -247.577377 2016 
5.080000e+00 35 -76.303571 2017 
5.080000e+00 35 -43.534829 2018 
5.080000e+00 35 -294.702845 2019 
5.080000e+00 35 -269.000030 2020 
5.080000e+00 36 21.134973 2009 
5.080000e+00 36 26.000000 2010 
5.080000e+00 36 -13.418268 2011 
5.080000e+00 36 NaN 2012 
5.080000e+00 36 NaN 2013 
5.080000e+00 36 NaN 2014 
5.080000e+00 36 -0.002446 2015 
5.080000e+00 36 56.512234 2016 
5.080000e+00 36 163.834765 2017 
5.080000e+00 36 -11.334832 2018 
5.080000e+00 36 67.467622 2019 
5.080000e+00 37 26.932913 2010 
5.080000e+00 37 NaN 2011 
5.080000e+00 37 35.425876 2012 
5.080000e+00 37 -129.318483 2013 
5.080000e+00 37 -134.148163 2014 
5.080000e+00 37 -140.620945 2015 
5.080000e+00 37 23.571277 2016 
5.080000e+00 37 49.280957 2017 
5.080000e+00 37 49.420937 2018 
5.080000e+00 37 -85.384595 2019 
5.080000e+00 38 30.783919 2010 
5.080000e+00 38 -104.188819 2011 
5.080000e+00 38 7.554595 2012 
5.080000e+00 38 4.291474 2013 
5.080000e+00 38 -40.237019 2014 
5.080000e+00 38 41.897620 2015 
5.080000e+00 38 -65.681275 2016 
5.080000e+00 38 6.077454 2017 
5.080000e+00 38 28.829403 2018 
5.080000e+00 38 -105.866668 2019 
5.080000e+00 39 NaN 2010 
5.080000e+00 39 12.000823 2011 
5.080000e+00 39 34.458227 2012 
5.080000e+00 39 -5.826749 2013 
5.080000e+00 39 67.000487 2014 
5.080000e+00 39 34.809060 2015 
5.080000e+00 39 13.280712 2016 
5.080000e+00 39 30.313663 2017 
5.080000e+00 39 32.787358 2018 
5.080000e+00 39 79.405051 2019 
5.080000e+00 40 NaN 2013 
5.080000e+00 40 56.684897 2014 
5.080000e+00 40 40.776662 2015 
5.080000e+00 40 42.600184 2016 
5.080000e+00 40 21.490738 2017 
5.080000e+00 40 NaN 2018 
5.080000e+00 40 63.437438 2019 
5.080000e+00 41 NaN 2008 
5.080000e+00 41 78.000041 2009 
5.080000e+00 41 118.365222 2010 
5.080000e+00 41 110.362735 2011 
5.080000e+00 41 80.053679 2012 
5.080000e+00 42 NaN 2013 
5.080000e+00 42 90.917214 2014 
5.080000e+00 42 NaN 2015 
5.080000e+00 42 34.421195 2016 
5.080000e+00 42 75.369698 2017 
5.080000e+00 42 NaN 2018 
5.080000e+00 42 46.270075 2019 
5.080000e+00 44 NaN 2007 
5.080000e+00 44 -241.552317 2008 
5.080000e+00 44 -247.484473 2009 
5.080000e+00 44 -278.202844 2010 
5.080000e+00 44 -224.000000 2011 
5.080000e+00 44 -206.684839 2012 
5.080000e+00 44 NaN 2013 
5.080000e+00 44 NaN 2014 
5.080000e+00 44 -156.664651 2015 
5.080000e+00 44 -250.805252 2016 
5.080000e+00 46 NaN 2011 
5.080000e+00 46 NaN 2012 
5.080000e+00 47 NaN 2005 
5.080000e+00 47 -253.178881 2006 
5.080000e+00 47 -156.264599 2007 
5.080000e+00 47 -248.671517 2008 
5.080000e+00 47 -148.180892 2009 
5.080000e+00 47 -229.472292 2010 
5.080000e+00 47 -191.672070 2011 
5.080000e+00 48 NaN 2016 
5.080000e+00 48 -95.756136 2017 
5.080000e+00 48 -80.550948 2018 
5.080000e+00 48 13.123608 2019 
5.080000e+00 49 69.483405 2001 
5.080000e+00 49 94.272260 2001 
5.080000e+00 49 167.251029 2002 
5.080000e+00 49 127.368000 2003 
5.080000e+00 49 125.339602 2004 
5.080000e+00 49 112.136335 2005 
5.080000e+00 49 -7.974315 2006 
5.080000e+00 50 NaN 2007 
5.080000e+00 50 74.832920 2008 
5.080000e+00 50 104.559896 2009 
5.080000e+00 50 154.137472 2010 
5.080000e+00 50 134.002563 2011 
5.080000e+00 50 84.893399 2012 
5.080000e+00 50 72.000000 2013 
5.080000e+00 50 86.000000 2014 
5.080000e+00 50 95.000170 2015 
5.080000e+00 50 147.593301 2016 
5.080000e+00 50 89.761571 2017 
5.080000e+00 50 113.463461 2018 
5.080000e+00 50 76.529833 2019 
5.080000e+00 51 33.833606 2010 
5.080000e+00 51 NaN 2011 
5.080000e+00 51 NaN 2012 
5.080000e+00 51 67.581241 2013 
5.080000e+00 51 NaN 2014 
5.080000e+00 51 NaN 2015 
5.080000e+00 51 27.486890 2016 
5.080000e+00 51 61.154817 2017 
5.080000e+00 51 110.000000 2018 
5.080000e+00 51 82.723296 2019 
5.080000e+00 52 NaN 2010 
5.080000e+00 52 NaN 2011 
5.080000e+00 52 NaN 2012 
5.080000e+00 52 NaN 2013 
5.080000e+00 52 NaN 2014 
5.080000e+00 52 NaN 2015 
5.080000e+00 52 70.515918 2016 
5.080000e+00 52 62.687379 2017 
5.080000e+00 52 NaN 2018 
5.080000e+00 52 91.986460 2019 
5.080000e+00 53 83.625245 2008 
5.080000e+00 53 67.740909 2009 
5.080000e+00 53 96.487828 2010 
5.080000e+00 53 68.773488 2011 
5.080000e+00 53 74.329116 2012 
5.080000e+00 54 NaN 2014 
5.080000e+00 54 -275.168399 2015 
5.080000e+00 54 -275.046325 2016 
5.080000e+00 54 -235.903027 2017 
5.080000e+00 54 -286.235424 2018 
5.080000e+00 54 -264.387914 2019 
5.080000e+00 54 -172.152865 2020 
5.080000e+00 55 NaN 2006 
5.080000e+00 55 100.402854 2007 
5.080000e+00 55 181.196021 2008 
5.080000e+00 55 178.885893 2009 
5.080000e+00 55 120.144864 2010 
5.080000e+00 55 122.430647 2011 
5.080000e+00 55 86.382193 2012 
5.080000e+00 55 124.608959 2013 
5.080000e+00 55 102.548308 2014 
5.080000e+00 55 117.450114 2015 
5.080000e+00 55 159.979679 2016 
5.080000e+00 55 92.803674 2017 
5.080000e+00 55 78.491607 2018 
5.080000e+00 55 143.523125 2019 
5.080000e+00 56 NaN 2010 
5.080000e+00 56 -346.474617 2011 
5.080000e+00 56 -313.241009 2012 
5.080000e+00 56 NaN 2013 
5.080000e+00 56 -267.239263 2014 
5.080000e+00 56 -318.354953 2015 
5.080000e+00 56 NaN 2016 
5.080000e+00 56 -295.000000 2017 
5.080000e+00 56 -141.847537 2018 
5.080000e+00 56 -253.029996 2019 
5.080000e+00 56 -277.670158 2020 
5.080000e+00 57 NaN 2007 
5.080000e+00 57 24.111008 2008 
5.080000e+00 57 27.825342 2009 
5.080000e+00 57 66.604886 2010 
5.080000e+00 57 NaN 2011 
5.080000e+00 57 NaN 2012 
5.080000e+00 57 66.329833 2013 
5.080000e+00 57 NaN 2014 
5.080000e+00 57 35.141156 2015 
5.080000e+00 57 27.164757 2016 
5.080000e+00 57 NaN 2017 
5.080000e+00 57 81.702841 2018 
5.080000e+00 57 64.931458 2019 
5.080000e+00 58 NaN 2008 
5.080000e+00 58 -244.117131 2009 
5.080000e+00 58 -205.308930 2010 
5.080000e+00 58 -248.399626 2011 
5.080000e+00 58 -252.000000 2012 
5.080000e+00 58 -267.338162 2013 
5.080000e+00 58 -286.356470 2014 
5.080000e+00 58 -255.662762 2015 
5.080000e+00 58 -238.808583 2016 
5.080000e+00 58 -148.648442 2017 
5.080000e+00 58 -208.000000 2018 
5.080000e+00 58 -242.854980 2019 
5.080000e+00 58 -240.511879 2020 
5.080000e+00 59 NaN 2007 
5.080000e+00 59 -226.579545 2008 
5.080000e+00 59 -244.695529 2009 
5.080000e+00 59 -276.103074 2010 
5.080000e+00 59 -240.954855 2011 
5.080000e+00 59 -231.315188 2012 
5.080000e+00 59 -283.212651 2013 
5.080000e+00 59 -239.673563 2014 
5.080000e+00 59 -288.344869 2015 
5.080000e+00 59 -234.135040 2016 
5.080000e+00 59 -245.266138 2017 
5.080000e+00 59 -239.000000 2018 
5.080000e+00 59 -300.001904 2019 
5.080000e+00 59 -216.010117 2020 
5.080000e+00 60 NaN 2014 
5.080000e+00 60 68.650079 2015 
5.080000e+00 60 132.350518 2016 
5.080000e+00 60 25.675090 2017 
5.080000e+00 60 87.432520 2018 
5.080000e+00 60 52.312491 2019 
5.080000e+00 61 NaN 2008 
5.080000e+00 61 -280.614002 2009 
5.080000e+00 61 NaN 2010 
5.080000e+00 61 -280.085474 2011 
5.080000e+00 61 -260.427968 2012 
5.080000e+00 61 -211.143058 2013 
5.080000e+00 61 -137.142284 2014 
5.080000e+00 61 -119.026016 2015 
5.080000e+00 61 -259.035184 2016 
5.080000e+00 61 NaN 2017 
5.080000e+00 61 -303.512233 2018 
5.080000e+00 61 NaN 2019 
5.080000e+00 61 -232.413384 2020 
5.080000e+00 62 NaN 2008 
5.080000e+00 62 -142.994984 2009 
5.080000e+00 62 NaN 2010 
5.080000e+00 62 -209.747867 2011 
5.080000e+00 62 -253.772142 2012 
5.080000e+00 62 -203.055280 2013 
5.080000e+00 62 NaN 2014 
5.080000e+00 62 -199.266098 2015 
5.080000e+00 62 -243.889485 2016 
5.080000e+00 62 -212.120270 2017 
5.080000e+00 62 -258.590034 2018 
5.080000e+00 62 -260.320131 2019 
5.080000e+00 63 NaN 2001 
5.080000e+00 63 NaN 2001 
5.080000e+00 63 -121.525538 2002 
5.080000e+00 63 -146.648407 2003 
5.080000e+00 63 NaN 2004 
5.080000e+00 63 -210.306756 2005 
5.080000e+00 63 -246.214434 2006 
5.080000e+00 63 NaN 2007 
5.080000e+00 65 93.885307 2010 
5.080000e+00 65 100.097617 2011 
5.080000e+00 65 77.887702 2012 
5.080000e+00 65 NaN 2013 
5.080000e+00 65 NaN 2014 
5.080000e+00 65 59.855015 2015 
5.080000e+00 65 88.159835 2016 
5.080000e+00 65 65.316066 2017 
5.080000e+00 65 170.465126 2018 
5.080000e+00 65 123.109233 2019 
5.080000e+00 66 130.000000 2010 
5.080000e+00 66 NaN 2011 
5.080000e+00 66 73.811374 2012 
5.080000e+00 66 66.927355 2013 
5.080000e+00 66 99.246578 2014 
5.080000e+00 66 29.882150 2015 
5.080000e+00 66 117.896020 2016 
5.080000e+00 66 86.132252 2017 
5.080000e+00 66 76.738222 2018 
5.080000e+00 66 82.433240 2019 
5.080000e+00 67 NaN 2007 
5.080000e+00 67 50.950039 2008 
5.080000e+00 67 81.000000 2009 
5.080000e+00 67 90.212986 2010 
5.080000e+00 67 109.619454 2011 
5.080000e+00 67 NaN 2012 
5.080000e+00 67 69.172584 2013 
5.080000e+00 67 52.000534 2014 
5.080000e+00 67 37.324590 2015 
5.080000e+00 67 206.579585 2016 
5.080000e+00 67 86.748952 2017 
5.080000e+00 67 101.000000 2018 
5.080000e+00 68 NaN 2010 
5.080000e+00 68 -255.992622 2011 
5.080000e+00 68 -235.569949 2012 
5.080000e+00 68 -289.820447 2013 
5.080000e+00 68 -279.407739 2014 
5.080000e+00 68 NaN 2015 
5.080000e+00 68 -329.415723 2016 
5.080000e+00 68 -236.000001 2017 
5.080000e+00 68 -266.053024 2018 
5.080000e+00 68 -252.681963 2019 
5.080000e+00 68 -225.523846 2020 
5.080000e+00 69 -97.810743 2006 
5.080000e+00 69 -158.207882 2007 
5.080000e+00 69 -248.777115 2008 
5.080000e+00 69 -102.523347 2009 
5.080000e+00 69 -230.473741 2010 
5.080000e+00 69 -212.464903 2011 
5.080000e+00 71 NaN 2009 
5.080000e+00 71 -223.850585 2010 
5.080000e+00 71 -243.728029 2011 
5.080000e+00 71 -234.266198 2012 
5.080000e+00 71 -272.157229 2013 
5.080000e+00 71 -262.077741 2014 
5.080000e+00 71 -266.746540 2015 
5.080000e+00 71 -178.180297 2016 
5.080000e+00 71 -249.906665 2017 
5.080000e+00 71 -259.593939 2018 
5.080000e+00 71 -230.211260 2019 
5.080000e+00 72 NaN 2009 
5.080000e+00 72 NaN 2010 
5.080000e+00 72 -246.722630 2011 
5.080000e+00 72 -235.861981 2012 
5.080000e+00 72 -237.418077 2013 
5.080000e+00 72 -250.675922 2014 
5.080000e+00 72 -268.345445 2015 
5.080000e+00 72 -176.298327 2016 
5.080000e+00 72 -243.192222 2017 
5.080000e+00 72 -205.255767 2018 
5.080000e+00 72 -195.895779 2019 
5.080000e+00 76 NaN 2014 
5.080000e+00 76 194.313541 2015 
5.080000e+00 76 154.999797 2016 
5.080000e+00 76 NaN 2017 
5.080000e+00 76 NaN 2018 
5.080000e+00 76 165.380496 2019 
5.080000e+00 77 NaN 2010 
5.080000e+00 77 -12.217750 2011 
5.080000e+00 77 NaN 2012 
5.080000e+00 77 NaN 2013 
5.080000e+00 77 -26.000077 2014 
5.080000e+00 77 22.440855 2015 
5.080000e+00 77 4.238177 2016 
5.080000e+00 77 15.898988 2017 
5.080000e+00 77 66.126562 2018 
5.080000e+00 77 36.068937 2019 
5.080000e+00 78 70.743608 2010 
5.080000e+00 78 -105.173964 2011 
5.080000e+00 78 10.644438 2012 
5.080000e+00 78 34.899127 2013 
5.080000e+00 78 -4.091115 2014 
5.080000e+00 78 -117.000000 2015 
5.080000e+00 78 4.296164 2016 
5.080000e+00 78 NaN 2017 
5.080000e+00 78 75.999554 2018 
5.080000e+00 79 91.121108 2012 
5.080000e+00 79 53.879060 2013 
5.080000e+00 79 -17.989791 2014 
5.080000e+00 79 47.684449 2015 
5.080000e+00 79 NaN 2016 
5.080000e+00 79 39.635477 2017 
5.080000e+00 80 NaN 2008 
5.080000e+00 80 -69.963419 2009 
5.080000e+00 80 -278.781852 2010 
5.080000e+00 80 -238.411892 2011 
5.080000e+00 80 -240.682803 2012 
5.080000e+00 80 -248.370149 2013 
5.080000e+00 80 -222.209941 2014 
5.080000e+00 80 -154.154155 2015 
5.080000e+00 81 NaN 2016 
5.080000e+00 82 96.255229 2010 
5.080000e+00 82 52.364658 2011 
5.080000e+00 82 56.712889 2012 
5.080000e+00 82 116.846720 2013 
5.080000e+00 82 105.789550 2014 
5.080000e+00 82 124.112405 2015 
5.080000e+00 82 32.324053 2016 
5.080000e+00 82 80.752100 2017 
5.080000e+00 82 100.774299 2018 
5.080000e+00 82 119.127594 2019 
5.080000e+00 83 NaN 2010 
5.080000e+00 83 63.708462 2011 
5.080000e+00 83 64.612518 2012 
5.080000e+00 83 NaN 2013 
5.080000e+00 83 49.314476 2014 
5.080000e+00 83 NaN 2015 
5.080000e+00 83 12.186868 2016 
5.080000e+00 83 NaN 2017 
5.080000e+00 83 NaN 2018 
5.080000e+00 83 52.495818 2019 
5.080000e+00 84 NaN 2015 
5.080000e+00 84 -357.090558 2016 
5.080000e+00 84 -224.557312 2017 
5.080000e+00 84 -309.305904 2018 
5.080000e+00 84 -251.416730 2019 
5.080000e+00 85 NaN 2008 
5.080000e+00 85 -288.532190 2009 
5.080000e+00 85 -273.107315 2010 
5.080000e+00 85 -231.323089 2011 
5.080000e+00 85 -246.000001 2012 
5.080000e+00 85 -268.352655 2013 
5.080000e+00 85 -245.595797 2014 
5.080000e+00 85 NaN 2015 
5.080000e+00 85 -312.178104 2016 
5.080000e+00 85 -206.180094 2017 
5.080000e+00 85 -276.928902 2018 
5.080000e+00 85 -154.037364 2019 
5.080000e+00 85 -234.834199 2020 
5.080000e+00 86 NaN 2015 
5.080000e+00 86 NaN 2016 
5.080000e+00 86 -244.466192 2017 
5.080000e+00 86 -270.652551 2018 
5.080000e+00 86 -153.472323 2019 
5.080000e+00 86 -200.286088 2020 
5.080000e+00 87 78.787650 2010 
5.080000e+00 87 NaN 2011 
5.080000e+00 87 106.052393 2012 
5.080000e+00 87 103.419192 2013 
5.080000e+00 87 58.175051 2014 
5.080000e+00 87 117.705987 2015 
5.080000e+00 87 171.574231 2016 
5.080000e+00 87 104.812566 2017 
5.080000e+00 87 116.735316 2018 
5.080000e+00 87 122.479162 2019 
5.080000e+00 88 NaN 2010 
5.080000e+00 88 57.587354 2011 
5.080000e+00 88 NaN 2012 
5.080000e+00 88 24.286142 2013 
5.080000e+00 88 15.115555 2014 
5.080000e+00 88 NaN 2015 
5.080000e+00 88 4.632652 2016 
5.080000e+00 88 20.435004 2017 
5.080000e+00 88 NaN 2018 
5.080000e+00 88 45.741154 2019 
5.080000e+00 89 NaN 2007 
5.080000e+00 89 -233.230730 2008 
5.080000e+00 89 -244.933530 2009 
5.080000e+00 89 -264.315606 2010 
5.080000e+00 89 -240.602446 2011 
5.080000e+00 89 -280.351708 2012 
5.080000e+00 89 -234.490811 2013 
5.080000e+00 89 -220.752677 2014 
5.080000e+00 89 -150.118333 2015 
5.080000e+00 89 -255.290576 2016 
5.080000e+00 89 -241.017899 2017 
5.080000e+00 89 -267.000000 2018 
5.080000e+00 89 -226.261156 2019 
5.080000e+00 89 -285.000000 2020 
5.080000e+00 90 88.462984 2001 
5.080000e+00 90 28.605668 2002 
5.080000e+00 90 50.476440 2003 
5.080000e+00 90 92.761939 2004 
5.080000e+00 90 29.436993 2005 
5.080000e+00 90 -143.251335 2006 
5.080000e+00 90 190.244288 2007 
5.080000e+00 90 -38.350012 2008 
5.080000e+00 90 39.346610 2009 
5.080000e+00 90 -117.259173 2010 
5.080000e+00 90 -113.449785 2011 
5.080000e+00 90 11.398274 2012 
5.080000e+00 90 -100.435241 2013 
5.080000e+00 90 NaN 2014 
5.080000e+00 90 13.660159 2015 
5.080000e+00 90 30.708575 2016 
5.080000e+00 90 39.906007 2017 
5.080000e+00 90 54.363941 2018 
5.080000e+00 90 -105.335968 2019 
5.080000e+00 91 NaN 2005 
5.080000e+00 91 -162.488953 2006 
5.080000e+00 91 -161.000000 2007 
5.080000e+00 91 NaN 2008 
5.080000e+00 91 NaN 2009 
5.080000e+00 91 NaN 2010 
5.080000e+00 91 NaN 2011 
5.080000e+00 91 -34.584948 2012 
5.080000e+00 91 NaN 2013 
5.080000e+00 91 -147.435353 2014 
10 1 69.397004 2001 
10 1 92.634917 2001 
10 1 NaN 2002 
10 1 95.252550 2003 
10 1 68.813744 2004 
10 1 51.316495 2005 
10 1 NaN 2006 
10 1 122.870464 2007 
10 1 62.453570 2008 
10 1 99.678839 2009 
10 1 130.539547 2010 
10 1 120.944419 2011 
10 1 88.001491 2012 
10 1 70.368737 2013 
10 1 111.999918 2014 
10 1 47.018530 2015 
10 1 115.174202 2016 
10 1 102.564220 2017 
10 1 109.000000 2018 
10 1 133.783418 2019 
