depth,sid,value,WY
5.080000,1,NaN,2001
5.080000,1,730903.000000,2001
5.080000,1,731268.000000,2002
5.080000,1,731576.000000,2003
5.080000,2,NaN,2004
5.080000,2,732393.000000,2005
5.080000,2,732599.000000,2006
5.080000,2,733083.000000,2007
5.080000,2,NaN,2008
5.080000,2,NaN,2009
5.080000,2,734224.000000,2010
5.080000,2,NaN,2011
5.080000,2,NaN,2012
5.080000,2,735117.000000,2013
5.080000,2,NaN,2014
5.080000,2,NaN,2015
5.080000,2,736349.000000,2016
5.080000,2,736544.000000,2017
5.080000,2,736988.000000,2018
5.080000,2,737331.000000,2019
5.080000,3,NaN,2016
5.080000,3,NaN,2017
5.080000,3,736867.000000,2018
5.080000,4,NaN,2005
5.080000,4,732607.000000,2006
5.080000,4,NaN,2007
5.080000,4,NaN,2008
5.080000,4,NaN,2009
5.080000,4,734191.000000,2010
5.080000,4,NaN,2011
5.080000,4,734871.000000,2012
5.080000,4,735300.000000,2013
5.080000,4,NaN,2014
5.080000,4,735994.000000,2015
5.080000,4,736352.000000,2016
5.080000,4,NaN,2017
5.080000,5,730686.000000,2001
5.080000,5,730940.000000,2001
5.080000,5,NaN,2002
5.080000,5,731766.000000,2003
5.080000,5,732064.000000,2004
5.080000,5,732369.000000,2005
5.080000,9,NaN,2007
5.080000,9,733459.000000,2008
5.080000,9,733778.000000,2009
5.080000,9,NaN,2010
5.080000,9,734683.000000,2011
5.080000,9,734942.000000,2012
5.080000,9,735333.000000,2013
5.080000,9,735656.000000,2014
5.080000,9,735971.000000,2015
5.080000,9,736463.000000,2016
5.080000,9,NaN,2017
5.080000,9,NaN,2018
5.080000,9,737577.000000,2019
5.080000,10,NaN,2008
5.080000,10,733463.000000,2009
5.080000,10,733820.000000,2010
5.080000,10,734208.000000,2011
5.080000,10,734543.000000,2012
5.080000,10,734927.000000,2013
5.080000,10,735302.000000,2014
5.080000,10,735616.000000,2015
5.080000,10,NaN,2016
5.080000,10,736344.000000,2017
5.080000,10,736737.000000,2018
5.080000,10,737112.000000,2019
5.080000,10,NaN,2020
5.080000,11,NaN,2015
5.080000,11,735972.000000,2016
5.080000,11,736454.000000,2017
5.080000,11,736742.000000,2018
5.080000,11,737155.000000,2019
5.080000,11,737570.000000,2020
5.080000,12,NaN,2007
5.080000,12,NaN,2008
5.080000,12,733473.000000,2009
5.080000,12,733795.000000,2010
5.080000,12,734204.000000,2011
5.080000,12,NaN,2012
5.080000,12,735029.000000,2013
5.080000,12,735414.000000,2014
5.080000,12,735688.000000,2015
5.080000,12,735993.000000,2016
5.080000,13,736366.000000,2017
5.080000,13,736740.000000,2018
5.080000,13,737111.000000,2019
5.080000,14,735523.000000,2014
5.080000,14,735746.000000,2015
5.080000,14,736112.000000,2016
5.080000,14,736429.000000,2017
5.080000,14,NaN,2018
5.080000,14,737287.000000,2019
5.080000,14,737623.000000,2020
5.080000,15,NaN,2005
5.080000,15,732608.000000,2006
5.080000,15,733079.000000,2007
5.080000,15,733316.000000,2008
5.080000,15,733700.000000,2009
5.080000,15,NaN,2010
5.080000,15,NaN,2011
5.080000,15,734868.000000,2012
5.080000,15,735165.000000,2013
5.080000,15,NaN,2014
5.080000,17,735659.000000,2015
5.080000,17,NaN,2016
5.080000,17,736338.000000,2017
5.080000,17,736729.000000,2018
5.080000,17,737148.000000,2019
5.080000,17,NaN,2020
5.080000,19,NaN,2014
5.080000,19,735601.000000,2015
5.080000,21,NaN,2007
5.080000,21,733449.000000,2008
5.080000,21,733772.000000,2009
5.080000,21,734157.000000,2010
5.080000,21,734534.000000,2011
5.080000,21,734943.000000,2012
5.080000,21,735259.000000,2013
5.080000,21,735638.000000,2014
5.080000,21,735971.000000,2015
5.080000,21,736369.000000,2016
5.080000,21,736700.000000,2017
5.080000,21,NaN,2018
5.080000,21,NaN,2019
5.080000,22,NaN,2008
5.080000,22,733419.000000,2009
5.080000,22,733757.000000,2010
5.080000,22,734151.000000,2011
5.080000,22,734525.000000,2012
5.080000,22,734925.000000,2013
5.080000,22,735293.000000,2014
5.080000,22,735616.000000,2015
5.080000,22,NaN,2016
5.080000,22,736324.000000,2017
5.080000,22,736711.000000,2018
5.080000,22,737187.000000,2019
5.080000,22,737433.000000,2020
5.080000,24,734933.000000,2012
5.080000,24,735288.000000,2013
5.080000,24,735632.000000,2014
5.080000,24,736048.000000,2015
5.080000,24,736364.000000,2016
5.080000,24,736752.000000,2017
5.080000,24,NaN,2018
5.080000,25,730542.000000,2001
5.080000,25,730906.000000,2002
5.080000,25,731319.000000,2003
5.080000,25,NaN,2004
5.080000,26,NaN,2005
5.080000,26,732400.000000,2006
5.080000,26,732740.000000,2007
5.080000,26,733198.000000,2008
5.080000,26,733475.000000,2009
5.080000,26,733777.000000,2010
5.080000,26,734198.000000,2011
5.080000,26,NaN,2012
5.080000,26,735015.000000,2013
5.080000,26,735304.000000,2014
5.080000,26,735678.000000,2015
5.080000,26,735993.000000,2016
5.080000,26,736479.000000,2017
5.080000,26,NaN,2018
5.080000,26,737102.000000,2019
5.080000,27,734176.000000,2011
5.080000,27,734493.000000,2012
5.080000,27,734933.000000,2013
5.080000,27,735267.000000,2014
5.080000,27,735586.000000,2015
5.080000,27,NaN,2016
5.080000,27,736308.000000,2017
5.080000,27,736734.000000,2018
5.080000,27,737121.000000,2019
5.080000,27,737480.000000,2020
5.080000,28,NaN,2007
5.080000,28,733421.000000,2008
5.080000,28,733757.000000,2009
5.080000,28,734174.000000,2010
5.080000,28,734514.000000,2011
5.080000,28,734926.000000,2012
5.080000,28,735261.000000,2013
5.080000,28,735607.000000,2014
5.080000,28,736102.000000,2015
5.080000,28,736308.000000,2016
5.080000,28,736720.000000,2017
5.080000,28,737188.000000,2018
5.080000,28,737452.000000,2019
5.080000,29,734271.000000,2011
5.080000,29,734518.000000,2012
5.080000,29,734925.000000,2013
5.080000,29,735277.000000,2014
5.080000,29,735642.000000,2015
5.080000,29,735970.000000,2016
5.080000,29,736317.000000,2017
5.080000,29,736734.000000,2018
5.080000,29,737181.000000,2019
5.080000,29,NaN,2020
5.080000,30,734177.000000,2010
5.080000,30,734517.000000,2011
5.080000,30,734915.000000,2012
5.080000,30,735303.000000,2013
5.080000,30,735574.000000,2014
5.080000,30,736125.000000,2015
5.080000,30,736372.000000,2016
5.080000,30,736701.000000,2017
5.080000,30,737194.000000,2018
5.080000,30,737573.000000,2019
5.080000,31,734196.000000,2011
5.080000,31,734524.000000,2012
5.080000,31,734915.000000,2013
5.080000,31,735259.000000,2014
5.080000,31,735617.000000,2015
5.080000,31,735974.000000,2016
5.080000,31,736405.000000,2017
5.080000,31,736801.000000,2018
5.080000,31,737146.000000,2019
5.080000,31,737491.000000,2020
5.080000,33,NaN,2006
5.080000,33,NaN,2007
5.080000,33,NaN,2008
5.080000,33,733600.000000,2009
5.080000,35,733188.000000,2008
5.080000,35,733476.000000,2009
5.080000,35,733812.000000,2010
5.080000,35,734212.000000,2011
5.080000,35,NaN,2012
5.080000,35,734995.000000,2013
5.080000,35,735403.000000,2014
5.080000,35,735673.000000,2015
5.080000,35,736009.000000,2016
5.080000,35,736383.000000,2017
5.080000,35,736816.000000,2018
5.080000,35,737106.000000,2019
5.080000,35,737513.000000,2020
5.080000,36,733818.000000,2010
5.080000,36,NaN,2011
5.080000,36,NaN,2012
5.080000,36,734999.000000,2013
5.080000,36,NaN,2014
5.080000,36,NaN,2015
5.080000,36,NaN,2016
5.080000,36,736309.000000,2017
5.080000,36,NaN,2018
5.080000,36,NaN,2019
5.080000,36,737476.000000,2020
5.080000,37,734200.000000,2010
5.080000,37,NaN,2011
5.080000,37,734893.000000,2012
5.080000,37,NaN,2013
5.080000,37,735574.000000,2014
5.080000,37,NaN,2015
5.080000,37,736346.000000,2016
5.080000,37,NaN,2017
5.080000,37,NaN,2018
5.080000,37,NaN,2019
5.080000,38,734200.000000,2010
5.080000,38,NaN,2011
5.080000,38,734893.000000,2012
5.080000,38,NaN,2013
5.080000,38,735574.000000,2014
5.080000,38,NaN,2015
5.080000,38,736346.000000,2016
5.080000,38,NaN,2017
5.080000,38,NaN,2018
5.080000,38,NaN,2019
5.080000,39,734200.000000,2010
5.080000,39,NaN,2011
5.080000,39,734893.000000,2012
5.080000,39,NaN,2013
5.080000,39,735574.000000,2014
5.080000,39,NaN,2015
5.080000,39,736346.000000,2016
5.080000,39,NaN,2017
5.080000,39,NaN,2018
5.080000,39,NaN,2019
5.080000,40,NaN,2014
5.080000,40,735653.000000,2015
5.080000,40,NaN,2016
5.080000,40,736369.000000,2017
5.080000,40,736745.000000,2018
5.080000,40,NaN,2019
5.080000,40,737582.000000,2020
5.080000,41,NaN,2008
5.080000,41,733752.000000,2009
5.080000,41,734187.000000,2010
5.080000,41,734512.000000,2011
5.080000,41,734993.000000,2012
5.080000,42,NaN,2013
5.080000,42,735653.000000,2014
5.080000,42,NaN,2015
5.080000,42,736370.000000,2016
5.080000,42,NaN,2017
5.080000,42,NaN,2018
5.080000,42,737582.000000,2019
5.080000,44,NaN,2007
5.080000,44,733208.000000,2008
5.080000,44,NaN,2009
5.080000,44,733793.000000,2010
5.080000,44,734207.000000,2011
5.080000,44,NaN,2012
5.080000,44,734987.000000,2013
5.080000,44,735409.000000,2014
5.080000,44,735731.000000,2015
5.080000,44,735974.000000,2016
5.080000,46,NaN,2012
5.080000,46,735161.000000,2013
5.080000,47,NaN,2005
5.080000,47,732607.000000,2006
5.080000,47,NaN,2007
5.080000,47,733311.000000,2008
5.080000,47,733697.000000,2009
5.080000,47,NaN,2010
5.080000,47,734348.000000,2011
5.080000,48,NaN,2016
5.080000,48,736561.000000,2017
5.080000,48,736979.000000,2018
5.080000,48,737355.000000,2019
5.080000,49,730492.000000,2001
5.080000,49,730854.000000,2002
5.080000,49,731277.000000,2003
5.080000,49,731680.000000,2004
5.080000,49,731945.000000,2005
5.080000,49,NaN,2006
5.080000,49,NaN,2007
5.080000,50,733189.000000,2008
5.080000,50,733389.000000,2009
5.080000,50,733789.000000,2010
5.080000,50,NaN,2011
5.080000,50,NaN,2012
5.080000,50,NaN,2013
5.080000,50,735241.000000,2014
5.080000,50,NaN,2015
5.080000,50,735953.000000,2016
5.080000,50,NaN,2017
5.080000,50,NaN,2018
5.080000,50,NaN,2019
5.080000,50,737470.000000,2020
5.080000,51,734139.000000,2011
5.080000,51,734503.000000,2012
5.080000,51,734992.000000,2013
5.080000,51,735315.000000,2014
5.080000,51,735693.000000,2015
5.080000,51,NaN,2016
5.080000,51,736378.000000,2017
5.080000,51,736732.000000,2018
5.080000,51,737154.000000,2019
5.080000,51,737466.000000,2020
5.080000,52,734200.000000,2010
5.080000,52,734551.000000,2011
5.080000,52,NaN,2012
5.080000,52,NaN,2013
5.080000,52,735604.000000,2014
5.080000,52,736033.000000,2015
5.080000,52,736354.000000,2016
5.080000,52,NaN,2017
5.080000,52,737152.000000,2018
5.080000,52,737445.000000,2019
5.080000,53,NaN,2007
5.080000,53,733462.000000,2008
5.080000,53,733747.000000,2009
5.080000,53,734167.000000,2010
5.080000,53,734553.000000,2011
5.080000,53,734947.000000,2012
5.080000,54,NaN,2014
5.080000,54,735649.000000,2015
5.080000,54,NaN,2016
5.080000,54,736484.000000,2017
5.080000,54,736752.000000,2018
5.080000,54,NaN,2019
5.080000,54,737575.000000,2020
5.080000,55,NaN,2007
5.080000,55,NaN,2008
5.080000,55,733417.000000,2009
5.080000,55,NaN,2010
5.080000,55,734135.000000,2011
5.080000,55,NaN,2012
5.080000,55,734967.000000,2013
5.080000,55,735231.000000,2014
5.080000,55,735696.000000,2015
5.080000,55,NaN,2016
5.080000,55,NaN,2017
5.080000,55,736703.000000,2018
5.080000,55,737165.000000,2019
5.080000,55,737506.000000,2020
5.080000,56,733945.000000,2010
5.080000,56,734150.000000,2011
5.080000,56,734538.000000,2012
5.080000,56,734990.000000,2013
5.080000,56,735236.000000,2014
5.080000,56,735610.000000,2015
5.080000,56,NaN,2016
5.080000,56,736366.000000,2017
5.080000,56,736743.000000,2018
5.080000,56,737294.000000,2019
5.080000,56,NaN,2020
5.080000,57,NaN,2007
5.080000,57,733447.000000,2008
5.080000,57,733757.000000,2009
5.080000,57,734176.000000,2010
5.080000,57,734514.000000,2011
5.080000,57,734897.000000,2012
5.080000,57,735270.000000,2013
5.080000,57,735617.000000,2014
5.080000,57,736034.000000,2015
5.080000,57,736317.000000,2016
5.080000,57,736706.000000,2017
5.080000,57,737142.000000,2018
5.080000,57,737491.000000,2019
5.080000,58,NaN,2007
5.080000,58,733449.000000,2008
5.080000,58,733782.000000,2009
5.080000,58,734169.000000,2010
5.080000,58,734502.000000,2011
5.080000,58,734930.000000,2012
5.080000,58,735300.000000,2013
5.080000,58,735571.000000,2014
5.080000,58,735990.000000,2015
5.080000,58,736370.000000,2016
5.080000,58,736700.000000,2017
5.080000,58,737189.000000,2018
5.080000,58,737458.000000,2019
5.080000,59,NaN,2007
5.080000,59,733203.000000,2008
5.080000,59,733475.000000,2009
5.080000,59,733763.000000,2010
5.080000,59,734197.000000,2011
5.080000,59,NaN,2012
5.080000,59,735005.000000,2013
5.080000,59,735413.000000,2014
5.080000,59,735680.000000,2015
5.080000,59,736002.000000,2016
5.080000,59,NaN,2017
5.080000,59,736778.000000,2018
5.080000,59,NaN,2019
5.080000,59,737530.000000,2020
5.080000,60,NaN,2015
5.080000,60,735972.000000,2016
5.080000,60,736331.000000,2017
5.080000,60,736707.000000,2018
5.080000,60,737142.000000,2019
5.080000,60,737463.000000,2020
5.080000,61,NaN,2008
5.080000,61,733450.000000,2009
5.080000,61,733800.000000,2010
5.080000,61,734175.000000,2011
5.080000,61,734519.000000,2012
5.080000,61,734921.000000,2013
5.080000,61,735306.000000,2014
5.080000,61,735687.000000,2015
5.080000,61,NaN,2016
5.080000,61,736461.000000,2017
5.080000,61,736733.000000,2018
5.080000,61,737165.000000,2019
5.080000,61,737502.000000,2020
5.080000,62,733113.000000,2008
5.080000,62,NaN,2009
5.080000,62,733993.000000,2010
5.080000,62,NaN,2011
5.080000,62,734702.000000,2012
5.080000,62,NaN,2013
5.080000,62,NaN,2014
5.080000,62,735742.000000,2015
5.080000,62,736110.000000,2016
5.080000,62,736448.000000,2017
5.080000,62,736846.000000,2018
5.080000,62,737287.000000,2019
5.080000,63,730581.000000,2001
5.080000,63,730882.000000,2001
5.080000,63,731319.000000,2002
5.080000,63,NaN,2003
5.080000,63,NaN,2004
5.080000,63,732489.000000,2005
5.080000,63,732771.000000,2006
5.080000,65,734157.000000,2011
5.080000,65,734562.000000,2012
5.080000,65,734930.000000,2013
5.080000,65,735288.000000,2014
5.080000,65,735616.000000,2015
5.080000,65,736043.000000,2016
5.080000,65,736374.000000,2017
5.080000,65,736721.000000,2018
5.080000,65,737110.000000,2019
5.080000,65,737451.000000,2020
5.080000,66,734227.000000,2011
5.080000,66,734527.000000,2012
5.080000,66,734938.000000,2013
5.080000,66,735278.000000,2014
5.080000,66,735655.000000,2015
5.080000,66,735965.000000,2016
5.080000,66,NaN,2017
5.080000,66,736766.000000,2018
5.080000,66,737211.000000,2019
5.080000,66,NaN,2020
5.080000,67,NaN,2007
5.080000,67,733456.000000,2008
5.080000,67,733759.000000,2009
5.080000,67,734136.000000,2010
5.080000,67,734548.000000,2011
5.080000,67,734944.000000,2012
5.080000,67,735330.000000,2013
5.080000,67,735656.000000,2014
5.080000,67,NaN,2015
5.080000,67,736365.000000,2016
5.080000,67,736722.000000,2017
5.080000,67,NaN,2018
5.080000,68,NaN,2010
5.080000,68,734181.000000,2011
5.080000,68,734561.000000,2012
5.080000,68,734926.000000,2013
5.080000,68,735250.000000,2014
5.080000,68,735690.000000,2015
5.080000,68,NaN,2016
5.080000,68,NaN,2017
5.080000,68,NaN,2018
5.080000,68,737209.000000,2019
5.080000,68,NaN,2020
5.080000,69,NaN,2005
5.080000,69,732608.000000,2006
5.080000,69,NaN,2007
5.080000,69,733308.000000,2008
5.080000,69,733699.000000,2009
5.080000,69,NaN,2010
5.080000,71,NaN,2009
5.080000,71,733835.000000,2010
5.080000,71,734157.000000,2011
5.080000,71,734568.000000,2012
5.080000,71,734893.000000,2013
5.080000,71,735288.000000,2014
5.080000,71,735699.000000,2015
5.080000,71,NaN,2016
5.080000,71,NaN,2017
5.080000,71,736705.000000,2018
5.080000,71,737197.000000,2019
5.080000,71,737472.000000,2020
5.080000,72,NaN,2009
5.080000,72,733835.000000,2010
5.080000,72,734157.000000,2011
5.080000,72,734565.000000,2012
5.080000,72,734893.000000,2013
5.080000,72,735288.000000,2014
5.080000,72,735699.000000,2015
5.080000,72,NaN,2016
5.080000,72,NaN,2017
5.080000,72,736705.000000,2018
5.080000,72,737198.000000,2019
5.080000,72,737472.000000,2020
5.080000,76,NaN,2015
5.080000,76,736343.000000,2016
5.080000,76,NaN,2017
5.080000,76,737056.000000,2018
5.080000,76,NaN,2019
5.080000,77,734204.000000,2010
5.080000,77,734576.000000,2011
5.080000,77,NaN,2012
5.080000,77,735274.000000,2013
5.080000,77,735653.000000,2014
5.080000,77,736007.000000,2015
5.080000,77,736332.000000,2016
5.080000,77,736689.000000,2017
5.080000,77,737147.000000,2018
5.080000,77,737490.000000,2019
5.080000,78,NaN,2010
5.080000,78,734525.000000,2011
5.080000,78,734924.000000,2012
5.080000,78,735280.000000,2013
5.080000,78,735576.000000,2014
5.080000,78,735996.000000,2015
5.080000,78,736351.000000,2016
5.080000,78,NaN,2017
5.080000,78,NaN,2018
5.080000,79,734957.000000,2012
5.080000,79,735326.000000,2013
5.080000,79,NaN,2014
5.080000,79,736041.000000,2015
5.080000,79,NaN,2016
5.080000,80,733479.000000,2009
5.080000,80,733836.000000,2010
5.080000,80,734209.000000,2011
5.080000,80,734548.000000,2012
5.080000,80,734987.000000,2013
5.080000,80,735411.000000,2014
5.080000,80,735732.000000,2015
5.080000,80,736032.000000,2016
5.080000,81,NaN,2016
5.080000,81,736387.000000,2017
5.080000,82,734158.000000,2011
5.080000,82,734504.000000,2012
5.080000,82,734913.000000,2013
5.080000,82,735276.000000,2014
5.080000,82,735617.000000,2015
5.080000,82,735997.000000,2016
5.080000,82,736387.000000,2017
5.080000,82,736760.000000,2018
5.080000,82,NaN,2019
5.080000,82,737502.000000,2020
5.080000,83,NaN,2010
5.080000,83,734530.000000,2011
5.080000,83,734936.000000,2012
5.080000,83,735272.000000,2013
5.080000,83,735636.000000,2014
5.080000,83,736032.000000,2015
5.080000,83,736375.000000,2016
5.080000,83,736698.000000,2017
5.080000,83,737124.000000,2018
5.080000,83,737483.000000,2019
5.080000,84,NaN,2015
5.080000,84,735968.000000,2016
5.080000,84,736439.000000,2017
5.080000,84,736734.000000,2018
5.080000,84,737147.000000,2019
5.080000,85,NaN,2007
5.080000,85,733459.000000,2008
5.080000,85,NaN,2009
5.080000,85,734165.000000,2010
5.080000,85,734520.000000,2011
5.080000,85,734948.000000,2012
5.080000,85,735333.000000,2013
5.080000,85,735669.000000,2014
5.080000,85,NaN,2015
5.080000,85,736464.000000,2016
5.080000,85,NaN,2017
5.080000,85,NaN,2018
5.080000,85,737577.000000,2019
5.080000,86,NaN,2015
5.080000,86,NaN,2016
5.080000,86,736464.000000,2017
5.080000,86,NaN,2018
5.080000,86,NaN,2019
5.080000,86,737577.000000,2020
5.080000,87,734259.000000,2010
5.080000,87,734556.000000,2011
5.080000,87,734909.000000,2012
5.080000,87,735269.000000,2013
5.080000,87,735586.000000,2014
5.080000,87,735986.000000,2015
5.080000,87,736376.000000,2016
5.080000,87,736703.000000,2017
5.080000,87,737210.000000,2018
5.080000,87,737577.000000,2019
5.080000,88,NaN,2010
5.080000,88,734562.000000,2011
5.080000,88,NaN,2012
5.080000,88,735275.000000,2013
5.080000,88,735617.000000,2014
5.080000,88,736045.000000,2015
5.080000,88,736359.000000,2016
5.080000,88,736700.000000,2017
5.080000,88,737154.000000,2018
5.080000,88,737498.000000,2019
5.080000,89,NaN,2007
5.080000,89,733125.000000,2008
5.080000,89,733474.000000,2009
5.080000,89,733780.000000,2010
5.080000,89,734201.000000,2011
5.080000,89,NaN,2012
5.080000,89,735030.000000,2013
5.080000,89,735288.000000,2014
5.080000,89,735696.000000,2015
5.080000,89,736001.000000,2016
5.080000,89,NaN,2017
5.080000,89,736752.000000,2018
5.080000,89,737107.000000,2019
5.080000,89,737529.000000,2020
5.080000,90,730915.000000,2001
5.080000,90,731253.000000,2002
5.080000,90,731653.000000,2003
5.080000,90,NaN,2004
5.080000,90,732360.000000,2005
5.080000,90,732772.000000,2006
5.080000,90,NaN,2007
5.080000,90,733479.000000,2008
5.080000,90,733828.000000,2009
5.080000,90,734155.000000,2010
5.080000,90,NaN,2011
5.080000,90,734859.000000,2012
5.080000,90,NaN,2013
5.080000,90,735465.000000,2014
5.080000,90,NaN,2015
5.080000,90,736352.000000,2016
5.080000,90,736745.000000,2017
5.080000,90,737133.000000,2018
5.080000,90,NaN,2019
5.080000,91,NaN,2005
5.080000,91,732607.000000,2006
5.080000,91,733081.000000,2007
5.080000,91,NaN,2008
5.080000,91,733644.000000,2009
5.080000,91,734216.000000,2010
5.080000,91,734380.000000,2011
5.080000,91,734868.000000,2012
5.080000,91,NaN,2013
5.080000,91,NaN,2014
10.000000,1,730538.000000,2001
10.000000,1,730899.000000,2001
10.000000,1,731319.000000,2002
10.000000,1,731613.000000,2003
10.000000,1,731981.000000,2004
10.000000,1,732360.000000,2005
10.000000,1,NaN,2006
10.000000,1,NaN,2007
10.000000,1,733466.000000,2008
10.000000,1,733774.000000,2009
10.000000,1,734186.000000,2010
10.000000,1,734517.000000,2011
10.000000,1,734922.000000,2012
10.000000,1,735283.000000,2013
10.000000,1,735635.000000,2014
10.000000,1,735980.000000,2015
10.000000,1,736332.000000,2016
10.000000,1,736718.000000,2017
10.000000,1,737138.000000,2018
10.000000,1,737452.000000,2019
