depth,sid,value,WY
5.080000,1,730602.806157,2001
5.080000,1,730929.025879,2001
5.080000,1,NaN,2002
5.080000,1,731589.997023,2003
5.080000,2,732066.219277,2004
5.080000,2,732401.009693,2005
5.080000,2,NaN,2006
5.080000,2,NaN,2007
5.080000,2,NaN,2008
5.080000,2,733775.582728,2009
5.080000,2,734247.937544,2010
5.080000,2,734562.812814,2011
5.080000,2,734969.357042,2012
5.080000,2,735316.537762,2013
5.080000,2,735667.017668,2014
5.080000,2,NaN,2015
5.080000,2,736368.733695,2016
5.080000,2,736747.714728,2017
5.080000,2,NaN,2018
5.080000,2,737468.569717,2019
5.080000,3,736113.000000,2016
5.080000,3,736400.154001,2017
5.080000,3,736871.421108,2018
5.080000,4,732483.130523,2006
5.080000,4,NaN,2007
5.080000,4,733028.000168,2008
5.080000,4,733608.708246,2009
5.080000,4,NaN,2010
5.080000,4,734255.157693,2011
5.080000,4,734577.391788,2012
5.080000,4,734956.499856,2013
5.080000,4,735463.442249,2014
5.080000,4,NaN,2015
5.080000,4,736181.000000,2016
5.080000,4,736339.395444,2017
5.080000,5,730584.194694,2001
5.080000,5,730947.612613,2001
5.080000,5,NaN,2002
5.080000,5,731759.000000,2003
5.080000,5,732055.000000,2004
5.080000,5,732351.989569,2005
5.080000,9,NaN,2008
5.080000,9,733495.190399,2009
5.080000,9,733831.143464,2010
5.080000,9,NaN,2011
5.080000,9,734641.967393,2012
5.080000,9,735115.999753,2013
5.080000,9,NaN,2014
5.080000,9,735700.545101,2015
5.080000,9,736196.007396,2016
5.080000,9,736458.999468,2017
5.080000,9,736742.489944,2018
5.080000,9,737151.000005,2019
5.080000,9,737570.938852,2020
5.080000,10,NaN,2008
5.080000,10,733503.745581,2009
5.080000,10,733899.788674,2010
5.080000,10,734287.919402,2011
5.080000,10,NaN,2012
5.080000,10,734978.088868,2013
5.080000,10,NaN,2014
5.080000,10,735816.988537,2015
5.080000,10,736116.000000,2016
5.080000,10,736457.711521,2017
5.080000,10,736758.872810,2018
5.080000,10,NaN,2019
5.080000,10,737521.645382,2020
5.080000,11,NaN,2015
5.080000,11,735955.000000,2016
5.080000,11,736461.688302,2017
5.080000,11,736749.000000,2018
5.080000,11,737146.999823,2019
5.080000,11,737491.000000,2020
5.080000,12,NaN,2007
5.080000,12,733169.000000,2008
5.080000,12,733576.131583,2009
5.080000,12,733909.999999,2010
5.080000,12,734333.559512,2011
5.080000,12,734683.999999,2012
5.080000,12,NaN,2013
5.080000,12,735409.043572,2014
5.080000,12,NaN,2015
5.080000,13,NaN,2016
5.080000,13,736478.748203,2017
5.080000,13,736815.000000,2018
5.080000,13,NaN,2019
5.080000,14,NaN,2014
5.080000,14,NaN,2015
5.080000,14,736122.286481,2016
5.080000,14,736469.842134,2017
5.080000,14,736845.536013,2018
5.080000,14,737205.000000,2019
5.080000,14,737597.451918,2020
5.080000,15,NaN,2005
5.080000,15,732554.000000,2006
5.080000,15,732930.080223,2007
5.080000,15,733313.494747,2008
5.080000,15,733713.429436,2009
5.080000,15,NaN,2010
5.080000,15,734352.000121,2011
5.080000,15,NaN,2012
5.080000,15,735164.291214,2013
5.080000,15,735466.000000,2014
5.080000,17,NaN,2014
5.080000,17,735700.966782,2015
5.080000,17,736132.385919,2016
5.080000,17,736447.128199,2017
5.080000,17,736745.999524,2018
5.080000,17,737281.000000,2019
5.080000,17,737505.079666,2020
5.080000,19,NaN,2013
5.080000,19,735603.437177,2014
5.080000,21,NaN,2008
5.080000,21,733468.552777,2009
5.080000,21,733876.000000,2010
5.080000,21,734234.857150,2011
5.080000,21,734648.183227,2012
5.080000,21,NaN,2013
5.080000,21,735302.999999,2014
5.080000,21,NaN,2015
5.080000,21,736032.999990,2016
5.080000,21,736389.767904,2017
5.080000,21,736710.000000,2018
5.080000,21,737143.852795,2019
5.080000,21,737509.320427,2020
5.080000,22,NaN,2008
5.080000,22,733478.000000,2009
5.080000,22,733879.200986,2010
5.080000,22,734208.385296,2011
5.080000,22,734569.000000,2012
5.080000,22,734941.140439,2013
5.080000,22,735342.153347,2014
5.080000,22,NaN,2015
5.080000,22,736128.491608,2016
5.080000,22,736416.346119,2017
5.080000,22,736782.000000,2018
5.080000,22,737144.000000,2019
5.080000,22,737519.296473,2020
5.080000,24,734928.998713,2012
5.080000,24,NaN,2013
5.080000,24,735572.999952,2014
5.080000,24,736033.000000,2015
5.080000,24,736355.397127,2016
5.080000,24,736760.842720,2017
5.080000,24,NaN,2018
5.080000,25,NaN,2001
5.080000,25,730644.000000,2001
5.080000,25,730964.000000,2002
5.080000,25,731383.000000,2003
5.080000,25,731718.040203,2004
5.080000,26,NaN,2005
5.080000,26,732487.112540,2006
5.080000,26,732791.601904,2007
5.080000,26,733153.000000,2008
5.080000,26,733576.027646,2009
5.080000,26,733904.342489,2010
5.080000,26,734291.000000,2011
5.080000,26,734614.441509,2012
5.080000,26,735033.181142,2013
5.080000,26,735350.016442,2014
5.080000,26,735723.608313,2015
5.080000,26,NaN,2016
5.080000,26,NaN,2017
5.080000,26,736778.000000,2018
5.080000,26,737173.000000,2019
5.080000,27,734307.485932,2011
5.080000,27,734655.000000,2012
5.080000,27,734944.000000,2013
5.080000,27,735335.020128,2014
5.080000,27,NaN,2015
5.080000,27,736007.499772,2016
5.080000,27,NaN,2017
5.080000,27,736813.849218,2018
5.080000,27,737211.546936,2019
5.080000,27,737592.000000,2020
5.080000,28,NaN,2007
5.080000,28,733475.480425,2008
5.080000,28,733831.967141,2009
5.080000,28,734220.437586,2010
5.080000,28,734653.519401,2011
5.080000,28,734931.602047,2012
5.080000,28,735312.497610,2013
5.080000,28,NaN,2014
5.080000,28,736092.000122,2015
5.080000,28,736413.000000,2016
5.080000,28,736753.581595,2017
5.080000,28,737199.551528,2018
5.080000,28,737513.000000,2019
5.080000,29,NaN,2011
5.080000,29,734650.113727,2012
5.080000,29,734966.159464,2013
5.080000,29,735335.475777,2014
5.080000,29,735720.814548,2015
5.080000,29,736003.851924,2016
5.080000,29,736447.000000,2017
5.080000,29,736813.163087,2018
5.080000,29,737168.975444,2019
5.080000,29,737540.329558,2020
5.080000,30,NaN,2010
5.080000,30,734555.953243,2011
5.080000,30,NaN,2012
5.080000,30,NaN,2013
5.080000,30,735692.499003,2014
5.080000,30,736130.480321,2015
5.080000,30,736400.450673,2016
5.080000,30,736747.175441,2017
5.080000,30,737209.608659,2018
5.080000,30,737577.000000,2019
5.080000,31,734249.484805,2011
5.080000,31,734651.707253,2012
5.080000,31,734943.258627,2013
5.080000,31,735310.973980,2014
5.080000,31,735671.516509,2015
5.080000,31,736158.000000,2016
5.080000,31,736389.000000,2017
5.080000,31,NaN,2018
5.080000,31,NaN,2019
5.080000,31,737514.999962,2020
5.080000,33,NaN,2006
5.080000,33,732971.985857,2007
5.080000,33,733210.000000,2008
5.080000,33,NaN,2009
5.080000,35,NaN,2008
5.080000,35,733575.614873,2009
5.080000,35,733910.072913,2010
5.080000,35,734315.096325,2011
5.080000,35,734680.378379,2012
5.080000,35,735042.340468,2013
5.080000,35,735426.390951,2014
5.080000,35,735863.802580,2015
5.080000,35,736128.653383,2016
5.080000,35,736645.204681,2017
5.080000,35,737029.744011,2018
5.080000,35,737175.223058,2019
5.080000,35,737571.765555,2020
5.080000,36,733840.999999,2010
5.080000,36,734184.999997,2011
5.080000,36,734535.000000,2012
5.080000,36,NaN,2013
5.080000,36,NaN,2014
5.080000,36,NaN,2015
5.080000,36,736005.315357,2016
5.080000,36,736412.894734,2017
5.080000,36,736737.000000,2018
5.080000,36,737096.751382,2019
5.080000,36,737537.002294,2020
5.080000,37,734182.554550,2010
5.080000,37,NaN,2011
5.080000,37,734902.403258,2012
5.080000,37,735126.000000,2013
5.080000,37,735498.000065,2014
5.080000,37,735870.660002,2015
5.080000,37,736357.480548,2016
5.080000,37,736759.093813,2017
5.080000,37,737139.999998,2018
5.080000,37,737369.999929,2019
5.080000,38,734192.463996,2010
5.080000,38,734419.000000,2011
5.080000,38,734885.999976,2012
5.080000,38,735251.548537,2013
5.080000,38,735592.000000,2014
5.080000,38,736005.000000,2015
5.080000,38,736312.000000,2016
5.080000,38,736747.207630,2017
5.080000,38,737123.147331,2018
5.080000,38,737366.597711,2019
5.080000,39,NaN,2010
5.080000,39,734561.999401,2011
5.080000,39,734878.000000,2012
5.080000,39,735251.999994,2013
5.080000,39,735503.998478,2014
5.080000,39,736028.724069,2015
5.080000,39,736338.000000,2016
5.080000,39,736747.321804,2017
5.080000,39,737126.819258,2018
5.080000,39,737421.200372,2019
5.080000,40,NaN,2014
5.080000,40,735669.999991,2015
5.080000,40,736035.000000,2016
5.080000,40,736401.999970,2017
5.080000,40,736747.000000,2018
5.080000,40,NaN,2019
5.080000,40,737493.711442,2020
5.080000,41,NaN,2008
5.080000,41,733830.000000,2009
5.080000,41,734195.102145,2010
5.080000,41,734532.376693,2011
5.080000,41,734987.000000,2012
5.080000,42,NaN,2014
5.080000,42,735677.409130,2015
5.080000,42,NaN,2016
5.080000,42,736400.274593,2017
5.080000,42,736736.000000,2018
5.080000,42,NaN,2019
5.080000,42,737505.000000,2020
5.080000,44,NaN,2007
5.080000,44,733196.914398,2008
5.080000,44,733574.000000,2009
5.080000,44,733908.060903,2010
5.080000,44,734308.959358,2011
5.080000,44,734668.622460,2012
5.080000,44,NaN,2013
5.080000,44,NaN,2014
5.080000,44,735856.838704,2015
5.080000,44,736127.000000,2016
5.080000,46,NaN,2011
5.080000,46,NaN,2012
5.080000,47,NaN,2005
5.080000,47,732476.655328,2006
5.080000,47,732937.033914,2007
5.080000,47,733205.000000,2008
5.080000,47,733671.338467,2009
5.080000,47,733961.489839,2010
5.080000,47,734338.000000,2011
5.080000,48,NaN,2016
5.080000,48,736647.229404,2017
5.080000,48,736981.920784,2018
5.080000,48,737437.625930,2019
5.080000,49,730562.140527,2001
5.080000,49,730959.666316,2002
5.080000,49,731257.002227,2003
5.080000,49,731616.760363,2004
5.080000,49,732008.187913,2005
5.080000,49,732405.000082,2006
5.080000,49,732716.905481,2007
5.080000,50,NaN,2008
5.080000,50,733500.390573,2009
5.080000,50,733867.000001,2010
5.080000,50,734179.722204,2011
5.080000,50,734610.237013,2012
5.080000,50,734990.948859,2013
5.080000,50,735315.710227,2014
5.080000,50,735685.646738,2015
5.080000,50,736061.072705,2016
5.080000,50,736399.999949,2017
5.080000,50,736798.291857,2018
5.080000,50,737169.391827,2019
5.080000,50,737536.000685,2020
5.080000,51,734220.124554,2010
5.080000,51,NaN,2011
5.080000,51,NaN,2012
5.080000,51,735351.000000,2013
5.080000,51,NaN,2014
5.080000,51,NaN,2015
5.080000,51,736398.356148,2016
5.080000,51,736787.425435,2017
5.080000,51,737168.000061,2018
5.080000,51,737504.179953,2019
5.080000,52,NaN,2010
5.080000,52,NaN,2011
5.080000,52,NaN,2012
5.080000,52,NaN,2013
5.080000,52,NaN,2014
5.080000,52,NaN,2015
5.080000,52,736372.190262,2016
5.080000,52,736763.160991,2017
5.080000,52,NaN,2018
5.080000,52,737543.825730,2019
5.080000,53,733390.000000,2008
5.080000,53,733828.000000,2009
5.080000,53,734202.319306,2010
5.080000,53,734606.444265,2011
5.080000,53,734982.494991,2012
5.080000,54,NaN,2014
5.080000,54,735678.080773,2015
5.080000,54,736033.037183,2016
5.080000,54,736468.246735,2017
5.080000,54,736745.895425,2018
5.080000,54,737184.427364,2019
5.080000,54,737500.642369,2020
5.080000,55,NaN,2007
5.080000,55,733172.000000,2008
5.080000,55,733415.999948,2009
5.080000,55,733842.439081,2010
5.080000,55,734297.400317,2011
5.080000,55,734580.834059,2012
5.080000,55,734963.784075,2013
5.080000,55,735292.759199,2014
5.080000,55,735749.999653,2015
5.080000,55,736129.599865,2016
5.080000,55,736387.729325,2017
5.080000,55,736757.172820,2018
5.080000,55,737174.313177,2019
5.080000,55,737507.258424,2020
5.080000,56,NaN,2010
5.080000,56,734200.474026,2011
5.080000,56,734604.000037,2012
5.080000,56,NaN,2013
5.080000,56,735375.810708,2014
5.080000,56,735693.721676,2015
5.080000,56,NaN,2016
5.080000,56,736445.997584,2017
5.080000,56,736928.000000,2018
5.080000,56,737215.909385,2019
5.080000,56,737506.999999,2020
5.080000,57,NaN,2007
5.080000,57,733474.677061,2008
5.080000,57,733830.875782,2009
5.080000,57,734229.392401,2010
5.080000,57,NaN,2011
5.080000,57,NaN,2012
5.080000,57,735339.955264,2013
5.080000,57,NaN,2014
5.080000,57,736044.700477,2015
5.080000,57,736399.619454,2016
5.080000,57,NaN,2017
5.080000,57,737190.000000,2018
5.080000,57,737515.553242,2019
5.080000,58,NaN,2008
5.080000,58,733569.420419,2009
5.080000,58,733821.000000,2010
5.080000,58,734251.172968,2011
5.080000,58,734603.876435,2012
5.080000,58,734981.967426,2013
5.080000,58,735303.000000,2014
5.080000,58,735749.006182,2015
5.080000,58,736112.381355,2016
5.080000,58,736388.905543,2017
5.080000,58,736820.753518,2018
5.080000,58,737176.999926,2019
5.080000,58,737504.115236,2020
5.080000,59,NaN,2007
5.080000,59,733207.789096,2008
5.080000,59,733575.000000,2009
5.080000,59,733906.177695,2010
5.080000,59,734311.998462,2011
5.080000,59,734669.395309,2012
5.080000,59,734992.000000,2013
5.080000,59,735409.000000,2014
5.080000,59,735716.894016,2015
5.080000,59,736124.000000,2016
5.080000,59,736493.224523,2017
5.080000,59,736832.706317,2018
5.080000,59,737175.702448,2019
5.080000,59,737572.000000,2020
5.080000,60,NaN,2015
5.080000,60,735955.000223,2016
5.080000,60,736470.000000,2017
5.080000,60,736747.918020,2018
5.080000,60,737147.000000,2019
5.080000,60,737490.647393,2020
5.080000,61,NaN,2008
5.080000,61,733507.825617,2009
5.080000,61,NaN,2010
5.080000,61,734255.000000,2011
5.080000,61,734647.000000,2012
5.080000,61,735070.000000,2013
5.080000,61,735503.000000,2014
5.080000,61,735877.000000,2015
5.080000,61,736115.157664,2016
5.080000,61,NaN,2017
5.080000,61,736787.211504,2018
5.080000,61,NaN,2019
5.080000,61,737572.908464,2020
5.080000,62,NaN,2008
5.080000,62,733670.987520,2009
5.080000,62,NaN,2010
5.080000,62,734332.221057,2011
5.080000,62,734667.000003,2012
5.080000,62,735080.422021,2013
5.080000,62,NaN,2014
5.080000,62,735817.143620,2015
5.080000,62,736129.074684,2016
5.080000,62,736465.163521,2017
5.080000,62,736844.255592,2018
5.080000,62,737209.258498,2019
5.080000,63,NaN,2001
5.080000,63,NaN,2001
5.080000,63,731047.000000,2002
5.080000,63,731481.000000,2003
5.080000,63,NaN,2004
5.080000,63,732155.000000,2005
5.080000,63,732481.000000,2006
5.080000,63,NaN,2007
5.080000,65,734255.164790,2011
5.080000,65,734605.000275,2012
5.080000,65,734963.929454,2013
5.080000,65,NaN,2014
5.080000,65,NaN,2015
5.080000,65,736049.000000,2016
5.080000,65,736455.433858,2017
5.080000,65,736770.731738,2018
5.080000,65,737281.873643,2019
5.080000,65,737550.886424,2020
5.080000,66,734211.636712,2011
5.080000,66,NaN,2012
5.080000,66,734960.400093,2013
5.080000,66,735344.580726,2014
5.080000,66,735692.999999,2015
5.080000,66,736006.999935,2016
5.080000,66,736456.000160,2017
5.080000,66,736805.478458,2018
5.080000,66,737170.326951,2019
5.080000,66,737537.718563,2020
5.080000,67,NaN,2008
5.080000,67,733484.148145,2009
5.080000,67,733830.000000,2010
5.080000,67,734203.405193,2011
5.080000,67,734592.464348,2012
5.080000,67,NaN,2013
5.080000,67,735310.000000,2014
5.080000,67,735699.866102,2015
5.080000,67,736038.399138,2016
5.080000,67,736382.985602,2017
5.080000,67,736738.880247,2018
5.080000,67,737152.000038,2019
5.080000,68,NaN,2010
5.080000,68,734288.968939,2011
5.080000,68,734662.849366,2012
5.080000,68,734990.101071,2013
5.080000,68,735348.396992,2014
5.080000,68,NaN,2015
5.080000,68,736041.620610,2016
5.080000,68,736461.055261,2017
5.080000,68,736825.448756,2018
5.080000,68,737210.395297,2019
5.080000,68,737601.868964,2020
5.080000,69,732612.852006,2006
5.080000,69,732938.089061,2007
5.080000,69,733204.121161,2008
5.080000,69,733703.373131,2009
5.080000,69,733954.999760,2010
5.080000,69,734337.000000,2011
5.080000,71,NaN,2009
5.080000,71,733949.334392,2010
5.080000,71,734294.464982,2011
5.080000,71,734666.338581,2012
5.080000,71,734997.000000,2013
5.080000,71,735340.890956,2014
5.080000,71,735708.000000,2015
5.080000,71,736170.000000,2016
5.080000,71,736478.387332,2017
5.080000,71,736806.233699,2018
5.080000,71,737169.406607,2019
5.080000,72,NaN,2009
5.080000,72,NaN,2010
5.080000,72,734295.722009,2011
5.080000,72,734665.422969,2012
5.080000,72,734988.000000,2013
5.080000,72,735346.000000,2014
5.080000,72,735705.999943,2015
5.080000,72,736172.353061,2016
5.080000,72,736477.564065,2017
5.080000,72,736803.707997,2018
5.080000,72,737165.000000,2019
5.080000,76,NaN,2015
5.080000,76,736165.550729,2016
5.080000,76,736516.668477,2017
5.080000,76,NaN,2018
5.080000,76,NaN,2019
5.080000,76,737581.238481,2020
5.080000,77,NaN,2010
5.080000,77,734522.770851,2011
5.080000,77,NaN,2012
5.080000,77,NaN,2013
5.080000,77,735597.999208,2014
5.080000,77,736033.197230,2015
5.080000,77,736381.411733,2016
5.080000,77,736749.557293,2017
5.080000,77,737143.471563,2018
5.080000,77,737510.112482,2019
5.080000,78,734255.000015,2010
5.080000,78,734436.104145,2011
5.080000,78,734916.528248,2012
5.080000,78,735308.481646,2013
5.080000,78,735599.768437,2014
5.080000,78,735885.000000,2015
5.080000,78,736336.000000,2016
5.080000,78,NaN,2017
5.080000,78,737099.958602,2018
5.080000,79,734994.810464,2012
5.080000,79,735304.204681,2013
5.080000,79,735598.267838,2014
5.080000,79,736030.790563,2015
5.080000,79,NaN,2016
5.080000,79,736727.000000,2017
5.080000,80,NaN,2008
5.080000,80,733733.000000,2009
5.080000,80,733899.888373,2010
5.080000,80,734314.285114,2011
5.080000,80,734654.000000,2012
5.080000,80,735025.000000,2013
5.080000,80,735411.696959,2014
5.080000,80,735846.646775,2015
5.080000,81,NaN,2016
5.080000,82,734274.205972,2011
5.080000,82,734590.022631,2012
5.080000,82,734935.000000,2013
5.080000,82,735342.000940,2014
5.080000,82,735669.000000,2015
5.080000,82,736119.351620,2016
5.080000,82,736406.000050,2017
5.080000,82,736759.999999,2018
5.080000,82,737145.001110,2019
5.080000,82,737573.901527,2020
5.080000,83,NaN,2010
5.080000,83,734593.459393,2011
5.080000,83,734945.089715,2012
5.080000,83,NaN,2013
5.080000,83,735664.508202,2014
5.080000,83,NaN,2015
5.080000,83,736386.432790,2016
5.080000,83,NaN,2017
5.080000,83,NaN,2018
5.080000,83,737513.701030,2019
5.080000,84,NaN,2015
5.080000,84,735980.000000,2016
5.080000,84,736479.000000,2017
5.080000,84,736750.330397,2018
5.080000,84,737145.000000,2019
5.080000,85,NaN,2008
5.080000,85,733499.451963,2009
5.080000,85,733882.271901,2010
5.080000,85,734245.191921,2011
5.080000,85,734594.006406,2012
5.080000,85,734990.197730,2013
5.080000,85,735339.386121,2014
5.080000,85,NaN,2015
5.080000,85,736038.679667,2016
5.080000,85,736453.001972,2017
5.080000,85,736787.383738,2018
5.080000,85,737292.639450,2019
5.080000,85,737579.252990,2020
5.080000,86,NaN,2015
5.080000,86,NaN,2016
5.080000,86,736456.755070,2017
5.080000,86,736766.685433,2018
5.080000,86,737288.865778,2019
5.080000,86,737496.320782,2020
5.080000,87,734252.074586,2011
5.080000,87,NaN,2012
5.080000,87,734930.647407,2013
5.080000,87,735347.726658,2014
5.080000,87,735687.503131,2015
5.080000,87,736123.248929,2016
5.080000,87,736382.000000,2017
5.080000,87,736807.999999,2018
5.080000,87,737211.000000,2019
5.080000,87,737581.000000,2020
5.080000,88,NaN,2011
5.080000,88,734590.563083,2012
5.080000,88,NaN,2013
5.080000,88,735309.000000,2014
5.080000,88,735661.764095,2015
5.080000,88,NaN,2016
5.080000,88,736382.000005,2017
5.080000,88,736738.210736,2018
5.080000,88,NaN,2019
5.080000,88,737494.308727,2020
5.080000,89,NaN,2007
5.080000,89,733162.219868,2008
5.080000,89,733578.430102,2009
5.080000,89,733902.336293,2010
5.080000,89,734314.567026,2011
5.080000,89,734613.302635,2012
5.080000,89,735045.949911,2013
5.080000,89,735408.000000,2014
5.080000,89,735862.264593,2015
5.080000,89,736124.000011,2016
5.080000,89,736494.320310,2017
5.080000,89,736814.349629,2018
5.080000,89,737239.197234,2019
5.080000,89,737535.679349,2020
5.080000,90,730915.999996,2001
5.080000,90,731273.000000,2002
5.080000,90,731661.417027,2003
5.080000,90,731855.525348,2004
5.080000,90,732366.250587,2005
5.080000,90,732570.400960,2006
5.080000,90,733168.874322,2007
5.080000,90,733407.093902,2008
5.080000,90,733854.218093,2009
5.080000,90,734003.000000,2010
5.080000,90,734406.940617,2011
5.080000,90,734871.000016,2012
5.080000,90,735166.727364,2013
5.080000,90,NaN,2014
5.080000,90,735845.411361,2015
5.080000,90,736367.925456,2016
5.080000,90,736718.571070,2017
5.080000,90,737141.864944,2018
5.080000,90,737369.962156,2019
5.080000,91,NaN,2005
5.080000,91,732560.346457,2006
5.080000,91,732932.657745,2007
5.080000,91,NaN,2008
5.080000,91,NaN,2009
5.080000,91,NaN,2010
5.080000,91,NaN,2011
5.080000,91,734822.395430,2012
5.080000,91,NaN,2013
5.080000,91,735503.002768,2014
10.000000,1,730581.995831,2001
10.000000,1,730949.551943,2002
10.000000,1,NaN,2003
10.000000,1,731668.974479,2004
10.000000,1,732051.284205,2005
10.000000,1,732401.328872,2006
10.000000,1,NaN,2007
10.000000,1,733166.000079,2008
10.000000,1,733509.999566,2009
10.000000,1,733882.000403,2010
10.000000,1,734221.990053,2011
10.000000,1,734649.000867,2012
10.000000,1,734958.231831,2013
10.000000,1,735344.418461,2014
10.000000,1,735681.055753,2015
10.000000,1,736042.079560,2016
10.000000,1,736462.031852,2017
10.000000,1,736763.244856,2018
10.000000,1,737160.999989,2019
10.000000,1,737569.767614,2020
