5.080000e+00 1 241.000000 2001 
5.080000e+00 1 199.000000 2001 
5.080000e+00 1 NaN 2002 
5.080000e+00 1 129.000000 2003 
5.080000e+00 2 242.000000 2004 
5.080000e+00 2 213.000000 2005 
5.080000e+00 2 NaN 2006 
5.080000e+00 2 274.000000 2007 
5.080000e+00 2 NaN 2008 
5.080000e+00 2 129.000000 2009 
5.080000e+00 2 235.000000 2010 
5.080000e+00 2 185.000000 2011 
5.080000e+00 2 227.000000 2012 
5.080000e+00 2 209.000000 2013 
5.080000e+00 2 196.000000 2014 
5.080000e+00 2 NaN 2015 
5.080000e+00 2 148.000000 2016 
5.080000e+00 2 181.000000 2017 
5.080000e+00 2 NaN 2018 
5.080000e+00 2 183.000000 2019 
5.080000e+00 3 -90.000000 2016 
5.080000e+00 3 NaN 2017 
5.080000e+00 3 -60.000000 2018 
5.080000e+00 4 296.000000 2005 
5.080000e+00 4 NaN 2006 
5.080000e+00 4 NaN 2007 
5.080000e+00 4 NaN 2008 
5.080000e+00 4 NaN 2009 
5.080000e+00 4 202.000000 2010 
5.080000e+00 4 200.000000 2011 
5.080000e+00 4 178.000000 2012 
5.080000e+00 4 333.000000 2013 
5.080000e+00 4 NaN 2014 
5.080000e+00 4 333.000000 2015 
5.080000e+00 4 122.000000 2016 
5.080000e+00 5 222.000000 2001 
5.080000e+00 5 185.000000 2001 
5.080000e+00 5 NaN 2002 
5.080000e+00 5 303.000000 2003 
5.080000e+00 5 233.000000 2004 
5.080000e+00 5 142.000000 2005 
5.080000e+00 9 NaN 2007 
5.080000e+00 9 214.000000 2008 
5.080000e+00 9 166.000000 2009 
5.080000e+00 9 NaN 2010 
5.080000e+00 9 285.000000 2011 
5.080000e+00 9 375.000000 2012 
5.080000e+00 9 NaN 2013 
5.080000e+00 9 230.000000 2014 
5.080000e+00 9 359.000000 2015 
5.080000e+00 9 222.000000 2016 
5.080000e+00 9 172.000000 2017 
5.080000e+00 9 254.000000 2018 
5.080000e+00 9 184.000000 2019 
5.080000e+00 10 NaN 2007 
5.080000e+00 10 223.000000 2008 
5.080000e+00 10 252.000000 2009 
5.080000e+00 10 279.000000 2010 
5.080000e+00 10 NaN 2011 
5.080000e+00 10 231.000000 2012 
5.080000e+00 10 NaN 2013 
5.080000e+00 10 344.000000 2014 
5.080000e+00 10 279.000000 2015 
5.080000e+00 10 256.000000 2016 
5.080000e+00 10 186.000000 2017 
5.080000e+00 10 264.000000 2018 
5.080000e+00 10 223.000000 2019 
5.080000e+00 11 NaN 2014 
5.080000e+00 11 112.000000 2015 
5.080000e+00 11 257.000000 2016 
5.080000e+00 11 147.000000 2017 
5.080000e+00 11 215.000000 2018 
5.080000e+00 11 163.000000 2019 
5.080000e+00 12 NaN 2007 
5.080000e+00 12 -114.000000 2008 
5.080000e+00 12 -71.000000 2009 
5.080000e+00 12 -100.000000 2010 
5.080000e+00 12 NaN 2011 
5.080000e+00 12 -60.000000 2012 
5.080000e+00 12 -58.000000 2013 
5.080000e+00 12 -63.000000 2014 
5.080000e+00 12 -57.000000 2015 
5.080000e+00 13 NaN 2016 
5.080000e+00 13 -88.000000 2017 
5.080000e+00 13 -116.000000 2018 
5.080000e+00 13 -93.000000 2019 
5.080000e+00 14 NaN 2014 
5.080000e+00 14 NaN 2015 
5.080000e+00 14 -86.000000 2016 
5.080000e+00 14 -100.000000 2017 
5.080000e+00 14 -87.000000 2018 
5.080000e+00 14 -92.000000 2019 
5.080000e+00 14 -90.000000 2020 
5.080000e+00 15 NaN 2005 
5.080000e+00 15 -34.000000 2006 
5.080000e+00 15 14.000000 2007 
5.080000e+00 15 32.000000 2008 
5.080000e+00 15 66.000000 2009 
5.080000e+00 15 NaN 2010 
5.080000e+00 15 -25.000000 2011 
5.080000e+00 15 NaN 2012 
5.080000e+00 15 57.000000 2013 
5.080000e+00 15 -6.000000 2014 
5.080000e+00 17 NaN 2014 
5.080000e+00 17 -137.000000 2015 
5.080000e+00 17 -70.000000 2016 
5.080000e+00 17 -118.000000 2017 
5.080000e+00 17 -217.000000 2018 
5.080000e+00 17 -16.000000 2019 
5.080000e+00 17 -164.000000 2020 
5.080000e+00 19 NaN 2013 
5.080000e+00 19 NaN 2014 
5.080000e+00 21 NaN 2007 
5.080000e+00 21 190.000000 2008 
5.080000e+00 21 231.000000 2009 
5.080000e+00 21 220.000000 2010 
5.080000e+00 21 244.000000 2011 
5.080000e+00 21 NaN 2012 
5.080000e+00 21 197.000000 2013 
5.080000e+00 21 NaN 2014 
5.080000e+00 21 NaN 2015 
5.080000e+00 21 171.000000 2016 
5.080000e+00 21 109.000000 2017 
5.080000e+00 21 202.000000 2018 
5.080000e+00 21 209.000000 2019 
5.080000e+00 22 NaN 2007 
5.080000e+00 22 179.000000 2008 
5.080000e+00 22 213.000000 2009 
5.080000e+00 22 182.000000 2010 
5.080000e+00 22 190.000000 2011 
5.080000e+00 22 198.000000 2012 
5.080000e+00 22 232.000000 2013 
5.080000e+00 22 NaN 2014 
5.080000e+00 22 288.000000 2015 
5.080000e+00 22 203.000000 2016 
5.080000e+00 22 194.000000 2017 
5.080000e+00 22 209.000000 2018 
5.080000e+00 22 227.000000 2019 
5.080000e+00 24 212.000000 2012 
5.080000e+00 24 NaN 2013 
5.080000e+00 24 83.000000 2014 
5.080000e+00 24 196.000000 2015 
5.080000e+00 24 NaN 2016 
5.080000e+00 24 NaN 2017 
5.080000e+00 24 NaN 2018 
5.080000e+00 25 NaN 2001 
5.080000e+00 25 -139.000000 2001 
5.080000e+00 25 -128.000000 2002 
5.080000e+00 25 -74.000000 2003 
5.080000e+00 25 -137.000000 2004 
5.080000e+00 26 NaN 2005 
5.080000e+00 26 -64.000000 2006 
5.080000e+00 26 -132.000000 2007 
5.080000e+00 26 -129.000000 2008 
5.080000e+00 26 -71.000000 2009 
5.080000e+00 26 -105.000000 2010 
5.080000e+00 26 -64.000000 2011 
5.080000e+00 26 -73.000000 2012 
5.080000e+00 26 -76.000000 2013 
5.080000e+00 26 -89.000000 2014 
5.080000e+00 26 -113.000000 2015 
5.080000e+00 26 NaN 2016 
5.080000e+00 26 NaN 2017 
5.080000e+00 26 -159.000000 2018 
5.080000e+00 26 -124.000000 2019 
5.080000e+00 27 -70.000000 2011 
5.080000e+00 27 -87.000000 2012 
5.080000e+00 27 -152.000000 2013 
5.080000e+00 27 -172.000000 2014 
5.080000e+00 27 NaN 2015 
5.080000e+00 27 -162.000000 2016 
5.080000e+00 27 NaN 2017 
5.080000e+00 27 -119.000000 2018 
5.080000e+00 27 -86.000000 2019 
5.080000e+00 27 -71.000000 2020 
5.080000e+00 28 NaN 2007 
5.080000e+00 28 193.000000 2008 
5.080000e+00 28 NaN 2009 
5.080000e+00 28 210.000000 2010 
5.080000e+00 28 277.000000 2011 
5.080000e+00 28 189.000000 2012 
5.080000e+00 28 264.000000 2013 
5.080000e+00 28 NaN 2014 
5.080000e+00 28 242.000000 2015 
5.080000e+00 28 217.000000 2016 
5.080000e+00 28 183.000000 2017 
5.080000e+00 28 268.000000 2018 
5.080000e+00 28 NaN 2019 
5.080000e+00 29 NaN 2010 
5.080000e+00 29 272.000000 2011 
5.080000e+00 29 221.000000 2012 
5.080000e+00 29 226.000000 2013 
5.080000e+00 29 251.000000 2014 
5.080000e+00 29 NaN 2015 
5.080000e+00 29 240.000000 2016 
5.080000e+00 29 240.000000 2017 
5.080000e+00 29 222.000000 2018 
5.080000e+00 29 280.000000 2019 
5.080000e+00 30 NaN 2010 
5.080000e+00 30 181.000000 2011 
5.080000e+00 30 NaN 2012 
5.080000e+00 30 NaN 2013 
5.080000e+00 30 220.000000 2014 
5.080000e+00 30 293.000000 2015 
5.080000e+00 30 198.000000 2016 
5.080000e+00 30 224.000000 2017 
5.080000e+00 30 276.000000 2018 
5.080000e+00 30 278.000000 2019 
5.080000e+00 31 234.000000 2010 
5.080000e+00 31 273.000000 2011 
5.080000e+00 31 200.000000 2012 
5.080000e+00 31 206.000000 2013 
5.080000e+00 31 203.000000 2014 
5.080000e+00 31 259.000000 2015 
5.080000e+00 31 170.000000 2016 
5.080000e+00 31 NaN 2017 
5.080000e+00 31 NaN 2018 
5.080000e+00 31 219.000000 2019 
5.080000e+00 33 NaN 2006 
5.080000e+00 33 57.000000 2007 
5.080000e+00 33 NaN 2008 
5.080000e+00 33 -81.000000 2009 
5.080000e+00 35 -107.000000 2008 
5.080000e+00 35 -72.000000 2009 
5.080000e+00 35 -102.000000 2010 
5.080000e+00 35 -61.000000 2011 
5.080000e+00 35 -62.000000 2012 
5.080000e+00 35 -65.000000 2013 
5.080000e+00 35 -45.000000 2014 
5.080000e+00 35 27.000000 2015 
5.080000e+00 35 -73.000000 2016 
5.080000e+00 35 77.000000 2017 
5.080000e+00 35 101.000000 2018 
5.080000e+00 35 -134.000000 2019 
5.080000e+00 35 NaN 2020 
5.080000e+00 36 194.000000 2009 
5.080000e+00 36 173.000000 2010 
5.080000e+00 36 241.000000 2011 
5.080000e+00 36 289.000000 2012 
5.080000e+00 36 NaN 2013 
5.080000e+00 36 NaN 2014 
5.080000e+00 36 114.000000 2015 
5.080000e+00 36 207.000000 2016 
5.080000e+00 36 168.000000 2017 
5.080000e+00 36 233.000000 2018 
5.080000e+00 36 286.000000 2019 
5.080000e+00 37 NaN 2010 
5.080000e+00 37 NaN 2011 
5.080000e+00 37 164.000000 2012 
5.080000e+00 37 13.000000 2013 
5.080000e+00 37 27.000000 2014 
5.080000e+00 37 34.000000 2015 
5.080000e+00 37 158.000000 2016 
5.080000e+00 37 192.000000 2017 
5.080000e+00 37 209.000000 2018 
5.080000e+00 37 73.000000 2019 
5.080000e+00 38 182.000000 2010 
5.080000e+00 38 37.000000 2011 
5.080000e+00 38 145.000000 2012 
5.080000e+00 38 149.000000 2013 
5.080000e+00 38 120.000000 2014 
5.080000e+00 38 191.000000 2015 
5.080000e+00 38 138.000000 2016 
5.080000e+00 38 180.000000 2017 
5.080000e+00 38 195.000000 2018 
5.080000e+00 38 69.000000 2019 
5.080000e+00 39 195.000000 2010 
5.080000e+00 39 NaN 2011 
5.080000e+00 39 121.000000 2012 
5.080000e+00 39 147.000000 2013 
5.080000e+00 39 NaN 2014 
5.080000e+00 39 184.000000 2015 
5.080000e+00 39 140.000000 2016 
5.080000e+00 39 179.000000 2017 
5.080000e+00 39 196.000000 2018 
5.080000e+00 39 114.000000 2019 
5.080000e+00 40 NaN 2013 
5.080000e+00 40 199.000000 2014 
5.080000e+00 40 198.000000 2015 
5.080000e+00 40 NaN 2016 
5.080000e+00 40 178.000000 2017 
5.080000e+00 40 NaN 2018 
5.080000e+00 40 NaN 2019 
5.080000e+00 41 NaN 2008 
5.080000e+00 41 165.000000 2009 
5.080000e+00 41 182.000000 2010 
5.080000e+00 41 202.000000 2011 
5.080000e+00 41 244.000000 2012 
5.080000e+00 42 NaN 2013 
5.080000e+00 42 206.000000 2014 
5.080000e+00 42 NaN 2015 
5.080000e+00 42 NaN 2016 
5.080000e+00 42 141.000000 2017 
5.080000e+00 42 NaN 2018 
5.080000e+00 42 NaN 2019 
5.080000e+00 44 NaN 2007 
5.080000e+00 44 -87.000000 2008 
5.080000e+00 44 -73.000000 2009 
5.080000e+00 44 -105.000000 2010 
5.080000e+00 44 -77.000000 2011 
5.080000e+00 44 -98.000000 2012 
5.080000e+00 44 NaN 2013 
5.080000e+00 44 -61.000000 2014 
5.080000e+00 44 20.000000 2015 
5.080000e+00 44 -82.000000 2016 
5.080000e+00 46 NaN 2011 
5.080000e+00 46 NaN 2012 
5.080000e+00 47 NaN 2005 
5.080000e+00 47 NaN 2006 
5.080000e+00 47 20.000000 2007 
5.080000e+00 47 -78.000000 2008 
5.080000e+00 47 62.000000 2009 
5.080000e+00 47 -32.000000 2010 
5.080000e+00 47 66.000000 2011 
5.080000e+00 48 NaN 2016 
5.080000e+00 48 20.000000 2017 
5.080000e+00 48 49.000000 2018 
5.080000e+00 48 121.000000 2019 
5.080000e+00 49 196.000000 2001 
5.080000e+00 49 235.000000 2001 
5.080000e+00 49 NaN 2002 
5.080000e+00 49 163.000000 2003 
5.080000e+00 49 181.000000 2004 
5.080000e+00 49 209.000000 2005 
5.080000e+00 49 NaN 2006 
5.080000e+00 50 NaN 2007 
5.080000e+00 50 216.000000 2008 
5.080000e+00 50 218.000000 2009 
5.080000e+00 50 NaN 2010 
5.080000e+00 50 238.000000 2011 
5.080000e+00 50 NaN 2012 
5.080000e+00 50 210.000000 2013 
5.080000e+00 50 216.000000 2014 
5.080000e+00 50 232.000000 2015 
5.080000e+00 50 175.000000 2016 
5.080000e+00 50 227.000000 2017 
5.080000e+00 50 235.000000 2018 
5.080000e+00 50 239.000000 2019 
5.080000e+00 51 208.000000 2010 
5.080000e+00 51 NaN 2011 
5.080000e+00 51 NaN 2012 
5.080000e+00 51 239.000000 2013 
5.080000e+00 51 NaN 2014 
5.080000e+00 51 NaN 2015 
5.080000e+00 51 171.000000 2016 
5.080000e+00 51 220.000000 2017 
5.080000e+00 51 244.000000 2018 
5.080000e+00 51 190.000000 2019 
5.080000e+00 52 NaN 2010 
5.080000e+00 52 NaN 2011 
5.080000e+00 52 236.000000 2012 
5.080000e+00 52 NaN 2013 
5.080000e+00 52 NaN 2014 
5.080000e+00 52 NaN 2015 
5.080000e+00 52 169.000000 2016 
5.080000e+00 52 169.000000 2017 
5.080000e+00 52 NaN 2018 
5.080000e+00 52 245.000000 2019 
5.080000e+00 53 189.000000 2008 
5.080000e+00 53 172.000000 2009 
5.080000e+00 53 173.000000 2010 
5.080000e+00 53 220.000000 2011 
5.080000e+00 53 241.000000 2012 
5.080000e+00 54 NaN 2014 
5.080000e+00 54 -158.000000 2015 
5.080000e+00 54 -189.000000 2016 
5.080000e+00 54 -105.000000 2017 
5.080000e+00 54 -193.000000 2018 
5.080000e+00 54 -124.000000 2019 
5.080000e+00 54 NaN 2020 
5.080000e+00 55 NaN 2006 
5.080000e+00 55 255.000000 2007 
5.080000e+00 55 NaN 2008 
5.080000e+00 55 NaN 2009 
5.080000e+00 55 286.000000 2010 
5.080000e+00 55 186.000000 2011 
5.080000e+00 55 224.000000 2012 
5.080000e+00 55 179.000000 2013 
5.080000e+00 55 278.000000 2014 
5.080000e+00 55 292.000000 2015 
5.080000e+00 55 176.000000 2016 
5.080000e+00 55 170.000000 2017 
5.080000e+00 55 236.000000 2018 
5.080000e+00 55 178.000000 2019 
5.080000e+00 56 NaN 2010 
5.080000e+00 56 -178.000000 2011 
5.080000e+00 56 -145.000000 2012 
5.080000e+00 56 NaN 2013 
5.080000e+00 56 -96.000000 2014 
5.080000e+00 56 -143.000000 2015 
5.080000e+00 56 -78.000000 2016 
5.080000e+00 56 -66.000000 2017 
5.080000e+00 56 NaN 2018 
5.080000e+00 56 -81.000000 2019 
5.080000e+00 56 -221.000000 2020 
5.080000e+00 57 NaN 2007 
5.080000e+00 57 192.000000 2008 
5.080000e+00 57 120.000000 2009 
5.080000e+00 57 214.000000 2010 
5.080000e+00 57 NaN 2011 
5.080000e+00 57 NaN 2012 
5.080000e+00 57 230.000000 2013 
5.080000e+00 57 280.000000 2014 
5.080000e+00 57 207.000000 2015 
5.080000e+00 57 197.000000 2016 
5.080000e+00 57 NaN 2017 
5.080000e+00 57 258.000000 2018 
5.080000e+00 57 198.000000 2019 
5.080000e+00 58 NaN 2008 
5.080000e+00 58 -145.000000 2009 
5.080000e+00 58 -221.000000 2010 
5.080000e+00 58 -131.000000 2011 
5.080000e+00 58 -141.000000 2012 
5.080000e+00 58 -127.000000 2013 
5.080000e+00 58 -198.000000 2014 
5.080000e+00 58 -88.000000 2015 
5.080000e+00 58 -93.000000 2016 
5.080000e+00 58 NaN 2017 
5.080000e+00 58 -104.000000 2018 
5.080000e+00 58 -122.000000 2019 
5.080000e+00 58 -170.000000 2020 
5.080000e+00 59 NaN 2007 
5.080000e+00 59 -74.000000 2008 
5.080000e+00 59 -72.000000 2009 
5.080000e+00 59 -107.000000 2010 
5.080000e+00 59 -66.000000 2011 
5.080000e+00 59 -76.000000 2012 
5.080000e+00 59 -72.000000 2013 
5.080000e+00 59 -63.000000 2014 
5.080000e+00 59 -96.000000 2015 
5.080000e+00 59 -79.000000 2016 
5.080000e+00 59 -90.000000 2017 
5.080000e+00 59 -105.000000 2018 
5.080000e+00 59 -51.000000 2019 
5.080000e+00 59 -45.000000 2020 
5.080000e+00 60 NaN 2014 
5.080000e+00 60 110.000000 2015 
5.080000e+00 60 268.000000 2016 
5.080000e+00 60 175.000000 2017 
5.080000e+00 60 212.000000 2018 
5.080000e+00 60 187.000000 2019 
5.080000e+00 61 NaN 2008 
5.080000e+00 61 -174.000000 2009 
5.080000e+00 61 -59.000000 2010 
5.080000e+00 61 -122.000000 2011 
5.080000e+00 61 -96.000000 2012 
5.080000e+00 61 -62.000000 2013 
5.080000e+00 61 32.000000 2014 
5.080000e+00 61 39.000000 2015 
5.080000e+00 61 -86.000000 2016 
5.080000e+00 61 NaN 2017 
5.080000e+00 61 -149.000000 2018 
5.080000e+00 61 NaN 2019 
5.080000e+00 61 -98.000000 2020 
5.080000e+00 62 NaN 2008 
5.080000e+00 62 52.000000 2009 
5.080000e+00 62 -54.000000 2010 
5.080000e+00 62 -92.000000 2011 
5.080000e+00 62 -75.000000 2012 
5.080000e+00 62 -26.000000 2013 
5.080000e+00 62 NaN 2014 
5.080000e+00 62 NaN 2015 
5.080000e+00 62 -73.000000 2016 
5.080000e+00 62 -127.000000 2017 
5.080000e+00 62 -88.000000 2018 
5.080000e+00 62 -88.000000 2019 
5.080000e+00 63 NaN 2001 
5.080000e+00 63 43.000000 2001 
5.080000e+00 63 -76.000000 2002 
5.080000e+00 63 25.000000 2003 
5.080000e+00 63 NaN 2004 
5.080000e+00 63 -32.000000 2005 
5.080000e+00 63 -71.000000 2006 
5.080000e+00 63 NaN 2007 
5.080000e+00 65 244.000000 2010 
5.080000e+00 65 227.000000 2011 
5.080000e+00 65 224.000000 2012 
5.080000e+00 65 NaN 2013 
5.080000e+00 65 NaN 2014 
5.080000e+00 65 205.000000 2015 
5.080000e+00 65 254.000000 2016 
5.080000e+00 65 203.000000 2017 
5.080000e+00 65 350.000000 2018 
5.080000e+00 65 255.000000 2019 
5.080000e+00 66 210.000000 2010 
5.080000e+00 66 NaN 2011 
5.080000e+00 66 229.000000 2012 
5.080000e+00 66 227.000000 2013 
5.080000e+00 66 222.000000 2014 
5.080000e+00 66 170.000000 2015 
5.080000e+00 66 257.000000 2016 
5.080000e+00 66 235.000000 2017 
5.080000e+00 66 224.000000 2018 
5.080000e+00 66 222.000000 2019 
5.080000e+00 67 NaN 2007 
5.080000e+00 67 198.000000 2008 
5.080000e+00 67 175.000000 2009 
5.080000e+00 67 182.000000 2010 
5.080000e+00 67 211.000000 2011 
5.080000e+00 67 NaN 2012 
5.080000e+00 67 203.000000 2013 
5.080000e+00 67 228.000000 2014 
5.080000e+00 67 202.000000 2015 
5.080000e+00 67 268.000000 2016 
5.080000e+00 67 159.000000 2017 
5.080000e+00 67 260.000000 2018 
5.080000e+00 68 NaN 2010 
5.080000e+00 68 -90.000000 2011 
5.080000e+00 68 -79.000000 2012 
5.080000e+00 68 -117.000000 2013 
5.080000e+00 68 -130.000000 2014 
5.080000e+00 68 NaN 2015 
5.080000e+00 68 -200.000000 2016 
5.080000e+00 68 -104.000000 2017 
5.080000e+00 68 -101.000000 2018 
5.080000e+00 68 -87.000000 2019 
5.080000e+00 68 -61.000000 2020 
5.080000e+00 69 61.000000 2006 
5.080000e+00 69 -24.000000 2007 
5.080000e+00 69 -89.000000 2008 
5.080000e+00 69 57.000000 2009 
5.080000e+00 69 -76.000000 2010 
5.080000e+00 69 -40.000000 2011 
5.080000e+00 71 NaN 2009 
5.080000e+00 71 -63.000000 2010 
5.080000e+00 71 -84.000000 2011 
5.080000e+00 71 -79.000000 2012 
5.080000e+00 71 -116.000000 2013 
5.080000e+00 71 -135.000000 2014 
5.080000e+00 71 -128.000000 2015 
5.080000e+00 71 -30.000000 2016 
5.080000e+00 71 -91.000000 2017 
5.080000e+00 71 -167.000000 2018 
5.080000e+00 71 -129.000000 2019 
5.080000e+00 72 NaN 2009 
5.080000e+00 72 -63.000000 2010 
5.080000e+00 72 -83.000000 2011 
5.080000e+00 72 -79.000000 2012 
5.080000e+00 72 -126.000000 2013 
5.080000e+00 72 -127.000000 2014 
5.080000e+00 72 -129.000000 2015 
5.080000e+00 72 -27.000000 2016 
5.080000e+00 72 -92.000000 2017 
5.080000e+00 72 -136.000000 2018 
5.080000e+00 72 -135.000000 2019 
5.080000e+00 76 NaN 2014 
5.080000e+00 76 329.000000 2015 
5.080000e+00 76 315.000000 2016 
5.080000e+00 76 NaN 2017 
5.080000e+00 76 291.000000 2018 
5.080000e+00 76 277.000000 2019 
5.080000e+00 77 NaN 2010 
5.080000e+00 77 189.000000 2011 
5.080000e+00 77 NaN 2012 
5.080000e+00 77 202.000000 2013 
5.080000e+00 77 NaN 2014 
5.080000e+00 77 196.000000 2015 
5.080000e+00 77 255.000000 2016 
5.080000e+00 77 184.000000 2017 
5.080000e+00 77 213.000000 2018 
5.080000e+00 77 213.000000 2019 
5.080000e+00 78 244.000000 2010 
5.080000e+00 78 NaN 2011 
5.080000e+00 78 174.000000 2012 
5.080000e+00 78 208.000000 2013 
5.080000e+00 78 130.000000 2014 
5.080000e+00 78 170.000000 2015 
5.080000e+00 78 131.000000 2016 
5.080000e+00 78 NaN 2017 
5.080000e+00 78 NaN 2018 
5.080000e+00 79 252.000000 2012 
5.080000e+00 79 183.000000 2013 
5.080000e+00 79 203.000000 2014 
5.080000e+00 79 192.000000 2015 
5.080000e+00 79 NaN 2016 
5.080000e+00 79 155.000000 2017 
5.080000e+00 80 NaN 2008 
5.080000e+00 80 87.000000 2009 
5.080000e+00 80 -112.000000 2010 
5.080000e+00 80 -63.000000 2011 
5.080000e+00 80 -94.000000 2012 
5.080000e+00 80 -81.000000 2013 
5.080000e+00 80 -62.000000 2014 
5.080000e+00 80 1.000000 2015 
5.080000e+00 81 NaN 2016 
5.080000e+00 82 218.000000 2010 
5.080000e+00 82 335.000000 2011 
5.080000e+00 82 191.000000 2012 
5.080000e+00 82 233.000000 2013 
5.080000e+00 82 201.000000 2014 
5.080000e+00 82 284.000000 2015 
5.080000e+00 82 280.000000 2016 
5.080000e+00 82 198.000000 2017 
5.080000e+00 82 223.000000 2018 
5.080000e+00 82 217.000000 2019 
5.080000e+00 83 NaN 2010 
5.080000e+00 83 213.000000 2011 
5.080000e+00 83 201.000000 2012 
5.080000e+00 83 NaN 2013 
5.080000e+00 83 187.000000 2014 
5.080000e+00 83 296.000000 2015 
5.080000e+00 83 184.000000 2016 
5.080000e+00 83 NaN 2017 
5.080000e+00 83 NaN 2018 
5.080000e+00 83 216.000000 2019 
5.080000e+00 84 NaN 2015 
5.080000e+00 84 -237.000000 2016 
5.080000e+00 84 -91.000000 2017 
5.080000e+00 84 -218.000000 2018 
5.080000e+00 84 -162.000000 2019 
5.080000e+00 85 NaN 2008 
5.080000e+00 85 -149.000000 2009 
5.080000e+00 85 -137.000000 2010 
5.080000e+00 85 -148.000000 2011 
5.080000e+00 85 -148.000000 2012 
5.080000e+00 85 -116.000000 2013 
5.080000e+00 85 -144.000000 2014 
5.080000e+00 85 NaN 2015 
5.080000e+00 85 -163.000000 2016 
5.080000e+00 85 -133.000000 2017 
5.080000e+00 85 -159.000000 2018 
5.080000e+00 85 -1.000000 2019 
5.080000e+00 85 -84.000000 2020 
5.080000e+00 86 NaN 2015 
5.080000e+00 86 NaN 2016 
5.080000e+00 86 -131.000000 2017 
5.080000e+00 86 -168.000000 2018 
5.080000e+00 86 -8.000000 2019 
5.080000e+00 86 -166.000000 2020 
5.080000e+00 87 233.000000 2010 
5.080000e+00 87 NaN 2011 
5.080000e+00 87 187.000000 2012 
5.080000e+00 87 242.000000 2013 
5.080000e+00 87 191.000000 2014 
5.080000e+00 87 281.000000 2015 
5.080000e+00 87 169.000000 2016 
5.080000e+00 87 240.000000 2017 
5.080000e+00 87 276.000000 2018 
5.080000e+00 87 283.000000 2019 
5.080000e+00 88 NaN 2010 
5.080000e+00 88 213.000000 2011 
5.080000e+00 88 NaN 2012 
5.080000e+00 88 202.000000 2013 
5.080000e+00 88 190.000000 2014 
5.080000e+00 88 209.000000 2015 
5.080000e+00 88 180.000000 2016 
5.080000e+00 88 140.000000 2017 
5.080000e+00 88 NaN 2018 
5.080000e+00 88 164.000000 2019 
5.080000e+00 89 NaN 2007 
5.080000e+00 89 -127.000000 2008 
5.080000e+00 89 -69.000000 2009 
5.080000e+00 89 -149.000000 2010 
5.080000e+00 89 NaN 2011 
5.080000e+00 89 -74.000000 2012 
5.080000e+00 89 -62.000000 2013 
5.080000e+00 89 -65.000000 2014 
5.080000e+00 89 25.000000 2015 
5.080000e+00 89 -78.000000 2016 
5.080000e+00 89 -113.000000 2017 
5.080000e+00 89 -122.000000 2018 
5.080000e+00 89 -57.000000 2019 
5.080000e+00 89 -86.000000 2020 
5.080000e+00 90 175.000000 2001 
5.080000e+00 90 182.000000 2002 
5.080000e+00 90 204.000000 2003 
5.080000e+00 90 NaN 2004 
5.080000e+00 90 182.000000 2005 
5.080000e+00 90 18.000000 2006 
5.080000e+00 90 253.000000 2007 
5.080000e+00 90 NaN 2008 
5.080000e+00 90 207.000000 2009 
5.080000e+00 90 -10.000000 2010 
5.080000e+00 90 18.000000 2011 
5.080000e+00 90 132.000000 2012 
5.080000e+00 90 NaN 2013 
5.080000e+00 90 NaN 2014 
5.080000e+00 90 NaN 2015 
5.080000e+00 90 163.000000 2016 
5.080000e+00 90 142.000000 2017 
5.080000e+00 90 210.000000 2018 
5.080000e+00 90 NaN 2019 
5.080000e+00 91 NaN 2005 
5.080000e+00 91 -20.000000 2006 
5.080000e+00 91 16.000000 2007 
5.080000e+00 91 38.000000 2008 
5.080000e+00 91 65.000000 2009 
5.080000e+00 91 NaN 2010 
5.080000e+00 91 84.000000 2011 
5.080000e+00 91 NaN 2012 
5.080000e+00 91 56.000000 2013 
5.080000e+00 91 31.000000 2014 
10 1 219.000000 2001 
10 1 219.000000 2001 
10 1 NaN 2002 
10 1 192.000000 2003 
10 1 212.000000 2004 
10 1 213.000000 2005 
10 1 NaN 2006 
10 1 247.000000 2007 
10 1 290.000000 2008 
10 1 175.000000 2009 
10 1 206.000000 2010 
10 1 263.000000 2011 
10 1 217.000000 2012 
10 1 235.000000 2013 
10 1 202.000000 2014 
10 1 NaN 2015 
10 1 261.000000 2016 
10 1 199.000000 2017 
10 1 230.000000 2018 
10 1 216.000000 2019 
