5.080000e+00 1 NaN 2001 
5.080000e+00 1 175.000000 2001 
5.080000e+00 1 175.000000 2002 
5.080000e+00 1 118.000000 2003 
5.080000e+00 2 NaN 2004 
5.080000e+00 2 205.000000 2005 
5.080000e+00 2 46.000000 2006 
5.080000e+00 2 165.000000 2007 
5.080000e+00 2 NaN 2008 
5.080000e+00 2 NaN 2009 
5.080000e+00 2 211.000000 2010 
5.080000e+00 2 NaN 2011 
5.080000e+00 2 NaN 2012 
5.080000e+00 2 9.000000 2013 
5.080000e+00 2 NaN 2014 
5.080000e+00 2 NaN 2015 
5.080000e+00 2 146.000000 2016 
5.080000e+00 2 -24.000000 2017 
5.080000e+00 2 55.000000 2018 
5.080000e+00 2 33.000000 2019 
5.080000e+00 3 NaN 2016 
5.080000e+00 3 NaN 2017 
5.080000e+00 3 -42.000000 2018 
5.080000e+00 4 NaN 2005 
5.080000e+00 4 54.000000 2006 
5.080000e+00 4 NaN 2007 
5.080000e+00 4 NaN 2008 
5.080000e+00 4 NaN 2009 
5.080000e+00 4 178.000000 2010 
5.080000e+00 4 NaN 2011 
5.080000e+00 4 128.000000 2012 
5.080000e+00 4 192.000000 2013 
5.080000e+00 4 NaN 2014 
5.080000e+00 4 156.000000 2015 
5.080000e+00 4 149.000000 2016 
5.080000e+00 4 NaN 2017 
5.080000e+00 5 323.000000 2001 
5.080000e+00 5 212.000000 2001 
5.080000e+00 5 NaN 2002 
5.080000e+00 5 308.000000 2003 
5.080000e+00 5 241.000000 2004 
5.080000e+00 5 181.000000 2005 
5.080000e+00 9 NaN 2007 
5.080000e+00 9 176.000000 2008 
5.080000e+00 9 130.000000 2009 
5.080000e+00 9 NaN 2010 
5.080000e+00 9 305.000000 2011 
5.080000e+00 9 199.000000 2012 
5.080000e+00 9 225.000000 2013 
5.080000e+00 9 183.000000 2014 
5.080000e+00 9 133.000000 2015 
5.080000e+00 9 260.000000 2016 
5.080000e+00 9 NaN 2017 
5.080000e+00 9 NaN 2018 
5.080000e+00 9 279.000000 2019 
5.080000e+00 10 NaN 2007 
5.080000e+00 10 180.000000 2008 
5.080000e+00 10 172.000000 2009 
5.080000e+00 10 195.000000 2010 
5.080000e+00 10 165.000000 2011 
5.080000e+00 10 184.000000 2012 
5.080000e+00 10 194.000000 2013 
5.080000e+00 10 143.000000 2014 
5.080000e+00 10 NaN 2015 
5.080000e+00 10 141.000000 2016 
5.080000e+00 10 169.000000 2017 
5.080000e+00 10 179.000000 2018 
5.080000e+00 10 NaN 2019 
5.080000e+00 11 NaN 2015 
5.080000e+00 11 -207.000000 2016 
5.080000e+00 11 -90.000000 2017 
5.080000e+00 11 -167.000000 2018 
5.080000e+00 11 -119.000000 2019 
5.080000e+00 11 -69.000000 2020 
5.080000e+00 12 NaN 2006 
5.080000e+00 12 NaN 2007 
5.080000e+00 12 190.000000 2008 
5.080000e+00 12 147.000000 2009 
5.080000e+00 12 191.000000 2010 
5.080000e+00 12 NaN 2011 
5.080000e+00 12 286.000000 2012 
5.080000e+00 12 306.000000 2013 
5.080000e+00 12 215.000000 2014 
5.080000e+00 12 155.000000 2015 
5.080000e+00 13 -178.000000 2017 
5.080000e+00 13 -169.000000 2018 
5.080000e+00 13 -163.000000 2019 
5.080000e+00 14 74.000000 2014 
5.080000e+00 14 -68.000000 2015 
5.080000e+00 14 -67.000000 2016 
5.080000e+00 14 -115.000000 2017 
5.080000e+00 14 NaN 2018 
5.080000e+00 14 13.000000 2019 
5.080000e+00 14 -16.000000 2020 
5.080000e+00 15 NaN 2005 
5.080000e+00 15 55.000000 2006 
5.080000e+00 15 161.000000 2007 
5.080000e+00 15 33.000000 2008 
5.080000e+00 15 52.000000 2009 
5.080000e+00 15 NaN 2010 
5.080000e+00 15 NaN 2011 
5.080000e+00 15 125.000000 2012 
5.080000e+00 15 57.000000 2013 
5.080000e+00 15 NaN 2014 
5.080000e+00 17 -155.000000 2015 
5.080000e+00 17 NaN 2016 
5.080000e+00 17 -206.000000 2017 
5.080000e+00 17 -180.000000 2018 
5.080000e+00 17 -126.000000 2019 
5.080000e+00 17 NaN 2020 
5.080000e+00 19 NaN 2013 
5.080000e+00 19 128.000000 2014 
5.080000e+00 21 NaN 2007 
5.080000e+00 21 166.000000 2008 
5.080000e+00 21 124.000000 2009 
5.080000e+00 21 144.000000 2010 
5.080000e+00 21 156.000000 2011 
5.080000e+00 21 200.000000 2012 
5.080000e+00 21 151.000000 2013 
5.080000e+00 21 165.000000 2014 
5.080000e+00 21 133.000000 2015 
5.080000e+00 21 166.000000 2016 
5.080000e+00 21 132.000000 2017 
5.080000e+00 21 NaN 2018 
5.080000e+00 21 NaN 2019 
5.080000e+00 22 NaN 2007 
5.080000e+00 22 136.000000 2008 
5.080000e+00 22 109.000000 2009 
5.080000e+00 22 138.000000 2010 
5.080000e+00 22 147.000000 2011 
5.080000e+00 22 182.000000 2012 
5.080000e+00 22 185.000000 2013 
5.080000e+00 22 143.000000 2014 
5.080000e+00 22 NaN 2015 
5.080000e+00 22 121.000000 2016 
5.080000e+00 22 143.000000 2017 
5.080000e+00 22 254.000000 2018 
5.080000e+00 22 135.000000 2019 
5.080000e+00 24 190.000000 2012 
5.080000e+00 24 180.000000 2013 
5.080000e+00 24 159.000000 2014 
5.080000e+00 24 210.000000 2015 
5.080000e+00 24 161.000000 2016 
5.080000e+00 24 184.000000 2017 
5.080000e+00 24 NaN 2018 
5.080000e+00 25 -162.000000 2001 
5.080000e+00 25 -163.000000 2002 
5.080000e+00 25 -115.000000 2003 
5.080000e+00 25 NaN 2004 
5.080000e+00 26 NaN 2005 
5.080000e+00 26 -129.000000 2006 
5.080000e+00 26 -154.000000 2007 
5.080000e+00 26 -61.000000 2008 
5.080000e+00 26 -149.000000 2009 
5.080000e+00 26 -212.000000 2010 
5.080000e+00 26 -156.000000 2011 
5.080000e+00 26 NaN 2012 
5.080000e+00 26 -69.000000 2013 
5.080000e+00 26 -145.000000 2014 
5.080000e+00 26 -136.000000 2015 
5.080000e+00 26 -186.000000 2016 
5.080000e+00 26 -65.000000 2017 
5.080000e+00 26 NaN 2018 
5.080000e+00 26 -172.000000 2019 
5.080000e+00 27 163.000000 2010 
5.080000e+00 27 115.000000 2011 
5.080000e+00 27 190.000000 2012 
5.080000e+00 27 159.000000 2013 
5.080000e+00 27 113.000000 2014 
5.080000e+00 27 NaN 2015 
5.080000e+00 27 105.000000 2016 
5.080000e+00 27 166.000000 2017 
5.080000e+00 27 188.000000 2018 
5.080000e+00 27 182.000000 2019 
5.080000e+00 28 NaN 2007 
5.080000e+00 28 138.000000 2008 
5.080000e+00 28 109.000000 2009 
5.080000e+00 28 161.000000 2010 
5.080000e+00 28 136.000000 2011 
5.080000e+00 28 183.000000 2012 
5.080000e+00 28 153.000000 2013 
5.080000e+00 28 134.000000 2014 
5.080000e+00 28 264.000000 2015 
5.080000e+00 28 105.000000 2016 
5.080000e+00 28 152.000000 2017 
5.080000e+00 28 255.000000 2018 
5.080000e+00 28 154.000000 2019 
5.080000e+00 29 258.000000 2010 
5.080000e+00 29 140.000000 2011 
5.080000e+00 29 182.000000 2012 
5.080000e+00 29 169.000000 2013 
5.080000e+00 29 169.000000 2014 
5.080000e+00 29 132.000000 2015 
5.080000e+00 29 114.000000 2016 
5.080000e+00 29 166.000000 2017 
5.080000e+00 29 248.000000 2018 
5.080000e+00 29 NaN 2019 
5.080000e+00 30 164.000000 2010 
5.080000e+00 30 139.000000 2011 
5.080000e+00 30 172.000000 2012 
5.080000e+00 30 195.000000 2013 
5.080000e+00 30 101.000000 2014 
5.080000e+00 30 287.000000 2015 
5.080000e+00 30 169.000000 2016 
5.080000e+00 30 133.000000 2017 
5.080000e+00 30 261.000000 2018 
5.080000e+00 30 275.000000 2019 
5.080000e+00 31 183.000000 2010 
5.080000e+00 31 146.000000 2011 
5.080000e+00 31 172.000000 2012 
5.080000e+00 31 151.000000 2013 
5.080000e+00 31 144.000000 2014 
5.080000e+00 31 136.000000 2015 
5.080000e+00 31 202.000000 2016 
5.080000e+00 31 233.000000 2017 
5.080000e+00 31 213.000000 2018 
5.080000e+00 31 193.000000 2019 
5.080000e+00 33 NaN 2006 
5.080000e+00 33 NaN 2007 
5.080000e+00 33 NaN 2008 
5.080000e+00 33 -24.000000 2009 
5.080000e+00 35 -71.000000 2008 
5.080000e+00 35 -148.000000 2009 
5.080000e+00 35 -177.000000 2010 
5.080000e+00 35 -142.000000 2011 
5.080000e+00 35 NaN 2012 
5.080000e+00 35 -89.000000 2013 
5.080000e+00 35 -46.000000 2014 
5.080000e+00 35 -141.000000 2015 
5.080000e+00 35 -170.000000 2016 
5.080000e+00 35 -161.000000 2017 
5.080000e+00 35 -93.000000 2018 
5.080000e+00 35 -168.000000 2019 
5.080000e+00 35 -126.000000 2020 
5.080000e+00 36 170.000000 2009 
5.080000e+00 36 NaN 2010 
5.080000e+00 36 NaN 2011 
5.080000e+00 36 256.000000 2012 
5.080000e+00 36 NaN 2013 
5.080000e+00 36 NaN 2014 
5.080000e+00 36 NaN 2015 
5.080000e+00 36 106.000000 2016 
5.080000e+00 36 NaN 2017 
5.080000e+00 36 NaN 2018 
5.080000e+00 36 178.000000 2019 
5.080000e+00 37 187.000000 2010 
5.080000e+00 37 NaN 2011 
5.080000e+00 37 150.000000 2012 
5.080000e+00 37 NaN 2013 
5.080000e+00 37 101.000000 2014 
5.080000e+00 37 NaN 2015 
5.080000e+00 37 143.000000 2016 
5.080000e+00 37 NaN 2017 
5.080000e+00 37 NaN 2018 
5.080000e+00 37 NaN 2019 
5.080000e+00 38 187.000000 2010 
5.080000e+00 38 NaN 2011 
5.080000e+00 38 150.000000 2012 
5.080000e+00 38 NaN 2013 
5.080000e+00 38 101.000000 2014 
5.080000e+00 38 NaN 2015 
5.080000e+00 38 143.000000 2016 
5.080000e+00 38 NaN 2017 
5.080000e+00 38 NaN 2018 
5.080000e+00 38 NaN 2019 
5.080000e+00 39 187.000000 2010 
5.080000e+00 39 NaN 2011 
5.080000e+00 39 150.000000 2012 
5.080000e+00 39 NaN 2013 
5.080000e+00 39 101.000000 2014 
5.080000e+00 39 NaN 2015 
5.080000e+00 39 143.000000 2016 
5.080000e+00 39 NaN 2017 
5.080000e+00 39 NaN 2018 
5.080000e+00 39 NaN 2019 
5.080000e+00 40 NaN 2013 
5.080000e+00 40 180.000000 2014 
5.080000e+00 40 NaN 2015 
5.080000e+00 40 166.000000 2016 
5.080000e+00 40 177.000000 2017 
5.080000e+00 40 NaN 2018 
5.080000e+00 40 284.000000 2019 
5.080000e+00 41 NaN 2008 
5.080000e+00 41 104.000000 2009 
5.080000e+00 41 174.000000 2010 
5.080000e+00 41 134.000000 2011 
5.080000e+00 41 250.000000 2012 
5.080000e+00 42 NaN 2013 
5.080000e+00 42 180.000000 2014 
5.080000e+00 42 NaN 2015 
5.080000e+00 42 167.000000 2016 
5.080000e+00 42 NaN 2017 
5.080000e+00 42 NaN 2018 
5.080000e+00 42 284.000000 2019 
5.080000e+00 44 NaN 2007 
5.080000e+00 44 -51.000000 2008 
5.080000e+00 44 NaN 2009 
5.080000e+00 44 -196.000000 2010 
5.080000e+00 44 -147.000000 2011 
5.080000e+00 44 NaN 2012 
5.080000e+00 44 -97.000000 2013 
5.080000e+00 44 -40.000000 2014 
5.080000e+00 44 -83.000000 2015 
5.080000e+00 44 -205.000000 2016 
5.080000e+00 46 NaN 2012 
5.080000e+00 46 77.000000 2013 
5.080000e+00 47 NaN 2005 
5.080000e+00 47 78.000000 2006 
5.080000e+00 47 NaN 2007 
5.080000e+00 47 52.000000 2008 
5.080000e+00 47 73.000000 2009 
5.080000e+00 47 NaN 2010 
5.080000e+00 47 -6.000000 2011 
5.080000e+00 48 NaN 2016 
5.080000e+00 48 -7.000000 2017 
5.080000e+00 48 46.000000 2018 
5.080000e+00 48 57.000000 2019 
5.080000e+00 49 129.000000 2001 
5.080000e+00 49 126.000000 2001 
5.080000e+00 49 184.000000 2002 
5.080000e+00 49 222.000000 2003 
5.080000e+00 49 122.000000 2004 
5.080000e+00 49 NaN 2005 
5.080000e+00 49 NaN 2006 
5.080000e+00 50 271.000000 2007 
5.080000e+00 50 106.000000 2008 
5.080000e+00 50 141.000000 2009 
5.080000e+00 50 NaN 2010 
5.080000e+00 50 NaN 2011 
5.080000e+00 50 NaN 2012 
5.080000e+00 50 133.000000 2013 
5.080000e+00 50 NaN 2014 
5.080000e+00 50 115.000000 2015 
5.080000e+00 50 NaN 2016 
5.080000e+00 50 NaN 2017 
5.080000e+00 50 NaN 2018 
5.080000e+00 50 172.000000 2019 
5.080000e+00 51 126.000000 2010 
5.080000e+00 51 125.000000 2011 
5.080000e+00 51 249.000000 2012 
5.080000e+00 51 207.000000 2013 
5.080000e+00 51 220.000000 2014 
5.080000e+00 51 NaN 2015 
5.080000e+00 51 175.000000 2016 
5.080000e+00 51 164.000000 2017 
5.080000e+00 51 221.000000 2018 
5.080000e+00 51 168.000000 2019 
5.080000e+00 52 187.000000 2010 
5.080000e+00 52 173.000000 2011 
5.080000e+00 52 NaN 2012 
5.080000e+00 52 NaN 2013 
5.080000e+00 52 131.000000 2014 
5.080000e+00 52 195.000000 2015 
5.080000e+00 52 151.000000 2016 
5.080000e+00 52 NaN 2017 
5.080000e+00 52 219.000000 2018 
5.080000e+00 52 147.000000 2019 
5.080000e+00 53 NaN 2007 
5.080000e+00 53 179.000000 2008 
5.080000e+00 53 99.000000 2009 
5.080000e+00 53 154.000000 2010 
5.080000e+00 53 175.000000 2011 
5.080000e+00 53 204.000000 2012 
5.080000e+00 54 NaN 2013 
5.080000e+00 54 176.000000 2014 
5.080000e+00 54 NaN 2015 
5.080000e+00 54 281.000000 2016 
5.080000e+00 54 184.000000 2017 
5.080000e+00 54 NaN 2018 
5.080000e+00 54 277.000000 2019 
5.080000e+00 55 NaN 2006 
5.080000e+00 55 NaN 2007 
5.080000e+00 55 134.000000 2008 
5.080000e+00 55 NaN 2009 
5.080000e+00 55 122.000000 2010 
5.080000e+00 55 NaN 2011 
5.080000e+00 55 224.000000 2012 
5.080000e+00 55 123.000000 2013 
5.080000e+00 55 223.000000 2014 
5.080000e+00 55 NaN 2015 
5.080000e+00 55 NaN 2016 
5.080000e+00 55 135.000000 2017 
5.080000e+00 55 232.000000 2018 
5.080000e+00 55 208.000000 2019 
5.080000e+00 56 297.000000 2009 
5.080000e+00 56 137.000000 2010 
5.080000e+00 56 160.000000 2011 
5.080000e+00 56 247.000000 2012 
5.080000e+00 56 128.000000 2013 
5.080000e+00 56 137.000000 2014 
5.080000e+00 56 NaN 2015 
5.080000e+00 56 163.000000 2016 
5.080000e+00 56 175.000000 2017 
5.080000e+00 56 361.000000 2018 
5.080000e+00 56 NaN 2019 
5.080000e+00 57 NaN 2007 
5.080000e+00 57 164.000000 2008 
5.080000e+00 57 109.000000 2009 
5.080000e+00 57 163.000000 2010 
5.080000e+00 57 136.000000 2011 
5.080000e+00 57 154.000000 2012 
5.080000e+00 57 162.000000 2013 
5.080000e+00 57 144.000000 2014 
5.080000e+00 57 196.000000 2015 
5.080000e+00 57 114.000000 2016 
5.080000e+00 57 138.000000 2017 
5.080000e+00 57 209.000000 2018 
5.080000e+00 57 193.000000 2019 
5.080000e+00 58 NaN 2007 
5.080000e+00 58 166.000000 2008 
5.080000e+00 58 134.000000 2009 
5.080000e+00 58 156.000000 2010 
5.080000e+00 58 124.000000 2011 
5.080000e+00 58 187.000000 2012 
5.080000e+00 58 192.000000 2013 
5.080000e+00 58 98.000000 2014 
5.080000e+00 58 152.000000 2015 
5.080000e+00 58 167.000000 2016 
5.080000e+00 58 132.000000 2017 
5.080000e+00 58 256.000000 2018 
5.080000e+00 58 160.000000 2019 
5.080000e+00 59 NaN 2007 
5.080000e+00 59 -56.000000 2008 
5.080000e+00 59 -149.000000 2009 
5.080000e+00 59 -226.000000 2010 
5.080000e+00 59 -157.000000 2011 
5.080000e+00 59 NaN 2012 
5.080000e+00 59 -79.000000 2013 
5.080000e+00 59 -36.000000 2014 
5.080000e+00 59 -134.000000 2015 
5.080000e+00 59 -177.000000 2016 
5.080000e+00 59 NaN 2017 
5.080000e+00 59 -131.000000 2018 
5.080000e+00 59 NaN 2019 
5.080000e+00 59 -109.000000 2020 
5.080000e+00 60 NaN 2014 
5.080000e+00 60 134.000000 2015 
5.080000e+00 60 128.000000 2016 
5.080000e+00 60 139.000000 2017 
5.080000e+00 60 209.000000 2018 
5.080000e+00 60 165.000000 2019 
5.080000e+00 61 NaN 2007 
5.080000e+00 61 167.000000 2008 
5.080000e+00 61 152.000000 2009 
5.080000e+00 61 162.000000 2010 
5.080000e+00 61 141.000000 2011 
5.080000e+00 61 178.000000 2012 
5.080000e+00 61 198.000000 2013 
5.080000e+00 61 214.000000 2014 
5.080000e+00 61 NaN 2015 
5.080000e+00 61 258.000000 2016 
5.080000e+00 61 165.000000 2017 
5.080000e+00 61 232.000000 2018 
5.080000e+00 61 204.000000 2019 
5.080000e+00 62 -146.000000 2008 
5.080000e+00 62 NaN 2009 
5.080000e+00 62 4.000000 2010 
5.080000e+00 62 NaN 2011 
5.080000e+00 62 -17.000000 2012 
5.080000e+00 62 NaN 2013 
5.080000e+00 62 NaN 2014 
5.080000e+00 62 -72.000000 2015 
5.080000e+00 62 -69.000000 2016 
5.080000e+00 62 -96.000000 2017 
5.080000e+00 62 -63.000000 2018 
5.080000e+00 62 13.000000 2019 
5.080000e+00 63 218.000000 2001 
5.080000e+00 63 154.000000 2001 
5.080000e+00 63 226.000000 2002 
5.080000e+00 63 NaN 2003 
5.080000e+00 63 NaN 2004 
5.080000e+00 63 301.000000 2005 
5.080000e+00 63 218.000000 2006 
5.080000e+00 65 144.000000 2010 
5.080000e+00 65 184.000000 2011 
5.080000e+00 65 187.000000 2012 
5.080000e+00 65 180.000000 2013 
5.080000e+00 65 143.000000 2014 
5.080000e+00 65 205.000000 2015 
5.080000e+00 65 171.000000 2016 
5.080000e+00 65 153.000000 2017 
5.080000e+00 65 177.000000 2018 
5.080000e+00 65 153.000000 2019 
5.080000e+00 66 214.000000 2010 
5.080000e+00 66 149.000000 2011 
5.080000e+00 66 195.000000 2012 
5.080000e+00 66 170.000000 2013 
5.080000e+00 66 182.000000 2014 
5.080000e+00 66 127.000000 2015 
5.080000e+00 66 NaN 2016 
5.080000e+00 66 198.000000 2017 
5.080000e+00 66 278.000000 2018 
5.080000e+00 66 NaN 2019 
5.080000e+00 67 NaN 2007 
5.080000e+00 67 173.000000 2008 
5.080000e+00 67 111.000000 2009 
5.080000e+00 67 123.000000 2010 
5.080000e+00 67 170.000000 2011 
5.080000e+00 67 201.000000 2012 
5.080000e+00 67 222.000000 2013 
5.080000e+00 67 183.000000 2014 
5.080000e+00 67 NaN 2015 
5.080000e+00 67 162.000000 2016 
5.080000e+00 67 154.000000 2017 
5.080000e+00 67 NaN 2018 
5.080000e+00 68 NaN 2009 
5.080000e+00 68 168.000000 2010 
5.080000e+00 68 183.000000 2011 
5.080000e+00 68 183.000000 2012 
5.080000e+00 68 142.000000 2013 
5.080000e+00 68 217.000000 2014 
5.080000e+00 68 NaN 2015 
5.080000e+00 68 NaN 2016 
5.080000e+00 68 NaN 2017 
5.080000e+00 68 276.000000 2018 
5.080000e+00 68 NaN 2019 
5.080000e+00 69 NaN 2005 
5.080000e+00 69 79.000000 2006 
5.080000e+00 69 NaN 2007 
5.080000e+00 69 49.000000 2008 
5.080000e+00 69 75.000000 2009 
5.080000e+00 69 NaN 2010 
5.080000e+00 71 NaN 2008 
5.080000e+00 71 187.000000 2009 
5.080000e+00 71 144.000000 2010 
5.080000e+00 71 190.000000 2011 
5.080000e+00 71 150.000000 2012 
5.080000e+00 71 180.000000 2013 
5.080000e+00 71 226.000000 2014 
5.080000e+00 71 NaN 2015 
5.080000e+00 71 NaN 2016 
5.080000e+00 71 137.000000 2017 
5.080000e+00 71 264.000000 2018 
5.080000e+00 71 174.000000 2019 
5.080000e+00 72 NaN 2008 
5.080000e+00 72 187.000000 2009 
5.080000e+00 72 144.000000 2010 
5.080000e+00 72 187.000000 2011 
5.080000e+00 72 150.000000 2012 
5.080000e+00 72 180.000000 2013 
5.080000e+00 72 226.000000 2014 
5.080000e+00 72 NaN 2015 
5.080000e+00 72 NaN 2016 
5.080000e+00 72 137.000000 2017 
5.080000e+00 72 265.000000 2018 
5.080000e+00 72 174.000000 2019 
5.080000e+00 76 NaN 2015 
5.080000e+00 76 140.000000 2016 
5.080000e+00 76 NaN 2017 
5.080000e+00 76 123.000000 2018 
5.080000e+00 76 NaN 2019 
5.080000e+00 77 191.000000 2010 
5.080000e+00 77 198.000000 2011 
5.080000e+00 77 NaN 2012 
5.080000e+00 77 166.000000 2013 
5.080000e+00 77 180.000000 2014 
5.080000e+00 77 169.000000 2015 
5.080000e+00 77 129.000000 2016 
5.080000e+00 77 121.000000 2017 
5.080000e+00 77 214.000000 2018 
5.080000e+00 77 192.000000 2019 
5.080000e+00 78 NaN 2010 
5.080000e+00 78 147.000000 2011 
5.080000e+00 78 181.000000 2012 
5.080000e+00 78 172.000000 2013 
5.080000e+00 78 103.000000 2014 
5.080000e+00 78 158.000000 2015 
5.080000e+00 78 148.000000 2016 
5.080000e+00 78 NaN 2017 
5.080000e+00 78 NaN 2018 
5.080000e+00 79 214.000000 2012 
5.080000e+00 79 218.000000 2013 
5.080000e+00 79 NaN 2014 
5.080000e+00 79 203.000000 2015 
5.080000e+00 79 NaN 2016 
5.080000e+00 80 -145.000000 2009 
5.080000e+00 80 -153.000000 2010 
5.080000e+00 80 -145.000000 2011 
5.080000e+00 80 -171.000000 2012 
5.080000e+00 80 -97.000000 2013 
5.080000e+00 80 -38.000000 2014 
5.080000e+00 80 -82.000000 2015 
5.080000e+00 80 -147.000000 2016 
5.080000e+00 81 NaN 2016 
5.080000e+00 81 -157.000000 2017 
5.080000e+00 82 145.000000 2010 
5.080000e+00 82 126.000000 2011 
5.080000e+00 82 170.000000 2012 
5.080000e+00 82 168.000000 2013 
5.080000e+00 82 144.000000 2014 
5.080000e+00 82 159.000000 2015 
5.080000e+00 82 184.000000 2016 
5.080000e+00 82 192.000000 2017 
5.080000e+00 82 NaN 2018 
5.080000e+00 82 204.000000 2019 
5.080000e+00 83 NaN 2010 
5.080000e+00 83 152.000000 2011 
5.080000e+00 83 193.000000 2012 
5.080000e+00 83 164.000000 2013 
5.080000e+00 83 163.000000 2014 
5.080000e+00 83 194.000000 2015 
5.080000e+00 83 172.000000 2016 
5.080000e+00 83 130.000000 2017 
5.080000e+00 83 191.000000 2018 
5.080000e+00 83 185.000000 2019 
5.080000e+00 84 NaN 2015 
5.080000e+00 84 -211.000000 2016 
5.080000e+00 84 -105.000000 2017 
5.080000e+00 84 -175.000000 2018 
5.080000e+00 84 -127.000000 2019 
5.080000e+00 85 NaN 2007 
5.080000e+00 85 176.000000 2008 
5.080000e+00 85 NaN 2009 
5.080000e+00 85 152.000000 2010 
5.080000e+00 85 142.000000 2011 
5.080000e+00 85 205.000000 2012 
5.080000e+00 85 225.000000 2013 
5.080000e+00 85 196.000000 2014 
5.080000e+00 85 NaN 2015 
5.080000e+00 85 261.000000 2016 
5.080000e+00 85 NaN 2017 
5.080000e+00 85 NaN 2018 
5.080000e+00 85 279.000000 2019 
5.080000e+00 86 NaN 2014 
5.080000e+00 86 NaN 2015 
5.080000e+00 86 261.000000 2016 
5.080000e+00 86 NaN 2017 
5.080000e+00 86 NaN 2018 
5.080000e+00 86 279.000000 2019 
5.080000e+00 87 246.000000 2010 
5.080000e+00 87 178.000000 2011 
5.080000e+00 87 166.000000 2012 
5.080000e+00 87 161.000000 2013 
5.080000e+00 87 113.000000 2014 
5.080000e+00 87 148.000000 2015 
5.080000e+00 87 173.000000 2016 
5.080000e+00 87 135.000000 2017 
5.080000e+00 87 277.000000 2018 
5.080000e+00 87 279.000000 2019 
5.080000e+00 88 NaN 2010 
5.080000e+00 88 184.000000 2011 
5.080000e+00 88 NaN 2012 
5.080000e+00 88 167.000000 2013 
5.080000e+00 88 144.000000 2014 
5.080000e+00 88 207.000000 2015 
5.080000e+00 88 156.000000 2016 
5.080000e+00 88 132.000000 2017 
5.080000e+00 88 221.000000 2018 
5.080000e+00 88 200.000000 2019 
5.080000e+00 89 NaN 2007 
5.080000e+00 89 -134.000000 2008 
5.080000e+00 89 -150.000000 2009 
5.080000e+00 89 -209.000000 2010 
5.080000e+00 89 -153.000000 2011 
5.080000e+00 89 NaN 2012 
5.080000e+00 89 -54.000000 2013 
5.080000e+00 89 -161.000000 2014 
5.080000e+00 89 -118.000000 2015 
5.080000e+00 89 -178.000000 2016 
5.080000e+00 89 NaN 2017 
5.080000e+00 89 -157.000000 2018 
5.080000e+00 89 -167.000000 2019 
5.080000e+00 89 -110.000000 2020 
5.080000e+00 90 187.000000 2001 
5.080000e+00 90 160.000000 2002 
5.080000e+00 90 195.000000 2003 
5.080000e+00 90 NaN 2004 
5.080000e+00 90 172.000000 2005 
5.080000e+00 90 219.000000 2006 
5.080000e+00 90 NaN 2007 
5.080000e+00 90 196.000000 2008 
5.080000e+00 90 180.000000 2009 
5.080000e+00 90 142.000000 2010 
5.080000e+00 90 NaN 2011 
5.080000e+00 90 116.000000 2012 
5.080000e+00 90 NaN 2013 
5.080000e+00 90 -8.000000 2014 
5.080000e+00 90 NaN 2015 
5.080000e+00 90 149.000000 2016 
5.080000e+00 90 177.000000 2017 
5.080000e+00 90 200.000000 2018 
5.080000e+00 90 NaN 2019 
5.080000e+00 91 NaN 2005 
5.080000e+00 91 54.000000 2006 
5.080000e+00 91 163.000000 2007 
5.080000e+00 91 NaN 2008 
5.080000e+00 91 -4.000000 2009 
5.080000e+00 91 203.000000 2010 
5.080000e+00 91 2.000000 2011 
5.080000e+00 91 125.000000 2012 
5.080000e+00 91 NaN 2013 
5.080000e+00 91 NaN 2014 
10 1 175.000000 2001 
10 1 171.000000 2001 
10 1 226.000000 2002 
10 1 155.000000 2003 
10 1 158.000000 2004 
10 1 172.000000 2005 
10 1 NaN 2006 
10 1 NaN 2007 
10 1 183.000000 2008 
10 1 126.000000 2009 
10 1 173.000000 2010 
10 1 139.000000 2011 
10 1 179.000000 2012 
10 1 175.000000 2013 
10 1 162.000000 2014 
10 1 142.000000 2015 
10 1 129.000000 2016 
10 1 150.000000 2017 
10 1 205.000000 2018 
10 1 154.000000 2019 
