5.080000e+00 1 17.982920 2001 
5.080000e+00 1 37.974121 2001 
5.080000e+00 1 NaN 2002 
5.080000e+00 1 115.002981 2003 
5.080000e+00 2 16.760870 2004 
5.080000e+00 2 11.200675 2005 
5.080000e+00 2 NaN 2006 
5.080000e+00 2 NaN 2007 
5.080000e+00 2 NaN 2008 
5.080000e+00 2 33.089348 2009 
5.080000e+00 2 15.717977 2010 
5.080000e+00 2 15.561910 2011 
5.080000e+00 2 19.023220 2012 
5.080000e+00 2 17.002491 2013 
5.080000e+00 2 29.982351 2014 
5.080000e+00 2 NaN 2015 
5.080000e+00 2 54.969304 2016 
5.080000e+00 2 19.285285 2017 
5.080000e+00 2 NaN 2018 
5.080000e+00 2 102.864787 2019 
5.080000e+00 3 21.470425 2016 
5.080000e+00 3 229.051626 2017 
5.080000e+00 3 10.449314 2018 
5.080000e+00 4 4.221113 2005 
5.080000e+00 4 NaN 2006 
5.080000e+00 4 215.225504 2007 
5.080000e+00 4 44.564132 2008 
5.080000e+00 4 NaN 2009 
5.080000e+00 4 3.779106 2010 
5.080000e+00 4 25.458610 2011 
5.080000e+00 4 23.133812 2012 
5.080000e+00 4 4.682923 2013 
5.080000e+00 4 NaN 2014 
5.080000e+00 4 5.717199 2015 
5.080000e+00 4 149.036322 2016 
5.080000e+00 5 12.758325 2001 
5.080000e+00 5 13.019969 2001 
5.080000e+00 5 NaN 2002 
5.080000e+00 5 16.473035 2003 
5.080000e+00 5 11.724174 2004 
5.080000e+00 5 108.903982 2005 
5.080000e+00 9 NaN 2007 
5.080000e+00 9 37.440833 2008 
5.080000e+00 9 89.538366 2009 
5.080000e+00 9 NaN 2010 
5.080000e+00 9 81.464172 2011 
5.080000e+00 9 23.893052 2012 
5.080000e+00 9 NaN 2013 
5.080000e+00 9 39.328401 2014 
5.080000e+00 9 4.743848 2015 
5.080000e+00 9 44.261002 2016 
5.080000e+00 9 93.044856 2017 
5.080000e+00 9 64.922536 2018 
5.080000e+00 9 36.153362 2019 
5.080000e+00 10 NaN 2007 
5.080000e+00 10 26.254419 2008 
5.080000e+00 10 11.065647 2009 
5.080000e+00 10 31.080598 2010 
5.080000e+00 10 NaN 2011 
5.080000e+00 10 33.847345 2012 
5.080000e+00 10 NaN 2013 
5.080000e+00 10 4.898304 2014 
5.080000e+00 10 18.801382 2015 
5.080000e+00 10 18.462987 2016 
5.080000e+00 10 54.528023 2017 
5.080000e+00 10 NaN 2018 
5.080000e+00 10 104.700731 2019 
5.080000e+00 11 NaN 2014 
5.080000e+00 11 100.999999 2015 
5.080000e+00 11 24.255438 2016 
5.080000e+00 11 49.707761 2017 
5.080000e+00 11 55.667870 2018 
5.080000e+00 11 59.658762 2019 
5.080000e+00 12 NaN 2007 
5.080000e+00 12 11.462791 2008 
5.080000e+00 12 6.029540 2009 
5.080000e+00 12 17.000001 2010 
5.080000e+00 12 19.440488 2011 
5.080000e+00 12 27.728458 2012 
5.080000e+00 12 NaN 2013 
5.080000e+00 12 7.570387 2014 
5.080000e+00 12 NaN 2015 
5.080000e+00 13 NaN 2016 
5.080000e+00 13 5.853806 2017 
5.080000e+00 13 31.000000 2018 
5.080000e+00 13 NaN 2019 
5.080000e+00 14 NaN 2014 
5.080000e+00 14 NaN 2015 
5.080000e+00 14 21.627078 2016 
5.080000e+00 14 11.638290 2017 
5.080000e+00 14 10.463987 2018 
5.080000e+00 14 11.585230 2019 
5.080000e+00 14 35.150125 2020 
5.080000e+00 15 NaN 2005 
5.080000e+00 15 15.675604 2006 
5.080000e+00 15 10.854460 2007 
5.080000e+00 15 4.840102 2008 
5.080000e+00 15 15.514651 2009 
5.080000e+00 15 NaN 2010 
5.080000e+00 15 5.193859 2011 
5.080000e+00 15 NaN 2012 
5.080000e+00 15 6.061074 2013 
5.080000e+00 15 4.060335 2014 
5.080000e+00 17 NaN 2014 
5.080000e+00 17 18.352792 2015 
5.080000e+00 17 8.614189 2016 
5.080000e+00 17 27.585716 2017 
5.080000e+00 17 136.174622 2018 
5.080000e+00 17 10.249843 2019 
5.080000e+00 17 158.709182 2020 
5.080000e+00 19 NaN 2013 
5.080000e+00 19 161.482161 2014 
5.080000e+00 21 NaN 2007 
5.080000e+00 21 53.905584 2008 
5.080000e+00 21 23.693806 2009 
5.080000e+00 21 57.309912 2010 
5.080000e+00 21 19.053534 2011 
5.080000e+00 21 NaN 2012 
5.080000e+00 21 77.982224 2013 
5.080000e+00 21 NaN 2014 
5.080000e+00 21 21.438628 2015 
5.080000e+00 21 27.889660 2016 
5.080000e+00 21 61.761958 2017 
5.080000e+00 21 23.606993 2018 
5.080000e+00 21 103.169989 2019 
5.080000e+00 22 NaN 2007 
5.080000e+00 22 119.444174 2008 
5.080000e+00 22 90.160957 2009 
5.080000e+00 22 120.195368 2010 
5.080000e+00 22 169.999998 2011 
5.080000e+00 22 64.859630 2012 
5.080000e+00 22 39.558955 2013 
5.080000e+00 22 NaN 2014 
5.080000e+00 22 21.299112 2015 
5.080000e+00 22 21.066640 2016 
5.080000e+00 22 107.000127 2017 
5.080000e+00 22 35.818959 2018 
5.080000e+00 22 98.579031 2019 
5.080000e+00 24 10.203708 2012 
5.080000e+00 24 NaN 2013 
5.080000e+00 24 80.504996 2014 
5.080000e+00 24 14.727046 2015 
5.080000e+00 24 28.080501 2016 
5.080000e+00 24 12.467998 2017 
5.080000e+00 24 NaN 2018 
5.080000e+00 25 NaN 2001 
5.080000e+00 25 5.325059 2001 
5.080000e+00 25 29.325722 2002 
5.080000e+00 25 8.551018 2003 
5.080000e+00 25 13.546415 2004 
5.080000e+00 26 NaN 2005 
5.080000e+00 26 17.491091 2006 
5.080000e+00 26 11.802073 2007 
5.080000e+00 26 99.366397 2008 
5.080000e+00 26 10.180925 2009 
5.080000e+00 26 31.332126 2010 
5.080000e+00 26 57.593842 2011 
5.080000e+00 26 25.726741 2012 
5.080000e+00 26 22.282225 2013 
5.080000e+00 26 13.198805 2014 
5.080000e+00 26 16.498594 2015 
5.080000e+00 26 NaN 2016 
5.080000e+00 26 NaN 2017 
5.080000e+00 26 37.798966 2018 
5.080000e+00 26 39.509614 2019 
5.080000e+00 27 15.917028 2011 
5.080000e+00 27 14.911552 2012 
5.080000e+00 27 59.959037 2013 
5.080000e+00 27 26.760872 2014 
5.080000e+00 27 NaN 2015 
5.080000e+00 27 11.484951 2016 
5.080000e+00 27 NaN 2017 
5.080000e+00 27 27.497937 2018 
5.080000e+00 27 11.936688 2019 
5.080000e+00 27 10.649642 2020 
5.080000e+00 28 NaN 2007 
5.080000e+00 28 27.943827 2008 
5.080000e+00 28 27.299321 2009 
5.080000e+00 28 45.329382 2010 
5.080000e+00 28 6.887132 2011 
5.080000e+00 28 52.832621 2012 
5.080000e+00 28 88.344258 2013 
5.080000e+00 28 NaN 2014 
5.080000e+00 28 89.201511 2015 
5.080000e+00 28 81.999919 2016 
5.080000e+00 28 47.133724 2017 
5.080000e+00 28 24.544265 2018 
5.080000e+00 28 14.283914 2019 
5.080000e+00 29 NaN 2010 
5.080000e+00 29 33.448451 2011 
5.080000e+00 29 19.802573 2012 
5.080000e+00 29 24.362047 2013 
5.080000e+00 29 35.185304 2014 
5.080000e+00 29 77.148078 2015 
5.080000e+00 29 41.888009 2016 
5.080000e+00 29 25.894104 2017 
5.080000e+00 29 20.749432 2018 
5.080000e+00 29 22.399722 2019 
5.080000e+00 30 NaN 2010 
5.080000e+00 30 19.909837 2011 
5.080000e+00 30 NaN 2012 
5.080000e+00 30 NaN 2013 
5.080000e+00 30 8.892420 2014 
5.080000e+00 30 3.745517 2015 
5.080000e+00 30 18.132092 2016 
5.080000e+00 30 26.006144 2017 
5.080000e+00 30 13.025478 2018 
5.080000e+00 30 35.298126 2019 
5.080000e+00 31 45.819559 2010 
5.080000e+00 31 21.627040 2011 
5.080000e+00 31 62.107761 2012 
5.080000e+00 31 81.553126 2013 
5.080000e+00 31 95.483489 2014 
5.080000e+00 31 8.402610 2015 
5.080000e+00 31 110.281841 2016 
5.080000e+00 31 NaN 2017 
5.080000e+00 31 NaN 2018 
5.080000e+00 31 97.306771 2019 
5.080000e+00 33 NaN 2006 
5.080000e+00 33 40.014143 2007 
5.080000e+00 33 12.313489 2008 
5.080000e+00 33 NaN 2009 
5.080000e+00 35 NaN 2008 
5.080000e+00 35 5.545399 2009 
5.080000e+00 35 9.754044 2010 
5.080000e+00 35 4.915175 2011 
5.080000e+00 35 10.413859 2012 
5.080000e+00 35 4.108611 2013 
5.080000e+00 35 55.015425 2014 
5.080000e+00 35 7.795794 2015 
5.080000e+00 35 8.769240 2016 
5.080000e+00 35 28.491748 2017 
5.080000e+00 35 41.721160 2018 
5.080000e+00 35 10.074097 2019 
5.080000e+00 35 4.234415 2020 
5.080000e+00 36 10.134974 2009 
5.080000e+00 36 36.000003 2010 
5.080000e+00 36 11.581732 2011 
5.080000e+00 36 NaN 2012 
5.080000e+00 36 NaN 2013 
5.080000e+00 36 NaN 2014 
5.080000e+00 36 14.682197 2015 
5.080000e+00 36 28.617500 2016 
5.080000e+00 36 176.834765 2017 
5.080000e+00 36 6.913787 2018 
5.080000e+00 36 10.465329 2019 
5.080000e+00 37 39.378363 2010 
5.080000e+00 37 NaN 2011 
5.080000e+00 37 58.022619 2012 
5.080000e+00 37 34.681517 2013 
5.080000e+00 37 22.851772 2014 
5.080000e+00 37 8.719054 2015 
5.080000e+00 37 51.090730 2016 
5.080000e+00 37 40.187144 2017 
5.080000e+00 37 24.420939 2018 
5.080000e+00 37 24.615476 2019 
5.080000e+00 38 33.319923 2010 
5.080000e+00 38 36.811182 2011 
5.080000e+00 38 46.554619 2012 
5.080000e+00 38 42.742936 2013 
5.080000e+00 38 22.762981 2014 
5.080000e+00 38 56.897620 2015 
5.080000e+00 38 7.318725 2016 
5.080000e+00 38 8.869825 2017 
5.080000e+00 38 20.682072 2018 
5.080000e+00 38 7.535621 2019 
5.080000e+00 39 NaN 2010 
5.080000e+00 39 10.001423 2011 
5.080000e+00 39 81.458227 2012 
5.080000e+00 39 32.173256 2013 
5.080000e+00 39 218.002009 2014 
5.080000e+00 39 26.084991 2015 
5.080000e+00 39 60.280712 2016 
5.080000e+00 39 32.991859 2017 
5.080000e+00 39 20.968100 2018 
5.080000e+00 39 138.204679 2019 
5.080000e+00 40 NaN 2013 
5.080000e+00 40 41.684905 2014 
5.080000e+00 40 25.776662 2015 
5.080000e+00 40 25.600215 2016 
5.080000e+00 40 24.490738 2017 
5.080000e+00 40 NaN 2018 
5.080000e+00 40 49.725996 2019 
5.080000e+00 41 NaN 2008 
5.080000e+00 41 78.000041 2009 
5.080000e+00 41 118.263076 2010 
5.080000e+00 41 137.986041 2011 
5.080000e+00 41 18.053680 2012 
5.080000e+00 42 NaN 2013 
5.080000e+00 42 68.508084 2014 
5.080000e+00 42 NaN 2015 
5.080000e+00 42 19.146602 2016 
5.080000e+00 42 89.369698 2017 
5.080000e+00 42 NaN 2018 
5.080000e+00 42 21.270075 2019 
5.080000e+00 44 NaN 2007 
5.080000e+00 44 26.533285 2008 
5.080000e+00 44 8.515527 2009 
5.080000e+00 44 8.736253 2010 
5.080000e+00 44 27.040642 2011 
5.080000e+00 44 49.692702 2012 
5.080000e+00 44 NaN 2013 
5.080000e+00 44 NaN 2014 
5.080000e+00 44 6.496645 2015 
5.080000e+00 44 7.194748 2016 
5.080000e+00 46 NaN 2011 
5.080000e+00 46 NaN 2012 
5.080000e+00 47 NaN 2005 
5.080000e+00 47 5.165791 2006 
5.080000e+00 47 6.701487 2007 
5.080000e+00 47 11.328483 2008 
5.080000e+00 47 10.480641 2009 
5.080000e+00 47 4.037869 2010 
5.080000e+00 47 30.327930 2011 
5.080000e+00 48 NaN 2016 
5.080000e+00 48 7.014460 2017 
5.080000e+00 48 52.528268 2018 
5.080000e+00 48 55.497678 2019 
5.080000e+00 49 52.342878 2001 
5.080000e+00 49 44.605944 2001 
5.080000e+00 49 185.248802 2002 
5.080000e+00 49 150.607637 2003 
5.080000e+00 49 122.151689 2004 
5.080000e+00 49 77.136252 2005 
5.080000e+00 49 10.120204 2006 
5.080000e+00 50 NaN 2007 
5.080000e+00 50 39.442346 2008 
5.080000e+00 50 67.559895 2009 
5.080000e+00 50 169.415268 2010 
5.080000e+00 50 83.765550 2011 
5.080000e+00 50 18.944540 2012 
5.080000e+00 50 46.289773 2013 
5.080000e+00 50 55.353262 2014 
5.080000e+00 50 53.927465 2015 
5.080000e+00 50 132.593352 2016 
5.080000e+00 50 41.469714 2017 
5.080000e+00 50 59.071633 2018 
5.080000e+00 50 20.529148 2019 
5.080000e+00 51 8.709052 2010 
5.080000e+00 51 NaN 2011 
5.080000e+00 51 NaN 2012 
5.080000e+00 51 6.581241 2013 
5.080000e+00 51 NaN 2014 
5.080000e+00 51 NaN 2015 
5.080000e+00 51 14.130742 2016 
5.080000e+00 51 23.729382 2017 
5.080000e+00 51 56.999938 2018 
5.080000e+00 51 58.543343 2019 
5.080000e+00 52 NaN 2010 
5.080000e+00 52 NaN 2011 
5.080000e+00 52 NaN 2012 
5.080000e+00 52 NaN 2013 
5.080000e+00 52 NaN 2014 
5.080000e+00 52 NaN 2015 
5.080000e+00 52 83.325656 2016 
5.080000e+00 52 49.526388 2017 
5.080000e+00 52 NaN 2018 
5.080000e+00 52 28.160730 2019 
5.080000e+00 53 158.625245 2008 
5.080000e+00 53 69.740909 2009 
5.080000e+00 53 89.168522 2010 
5.080000e+00 53 22.329223 2011 
5.080000e+00 53 16.834125 2012 
5.080000e+00 54 NaN 2014 
5.080000e+00 54 66.750828 2015 
5.080000e+00 54 76.916491 2016 
5.080000e+00 54 45.850238 2017 
5.080000e+00 54 82.869150 2018 
5.080000e+00 54 31.184722 2019 
5.080000e+00 54 172.204766 2020 
5.080000e+00 55 NaN 2006 
5.080000e+00 55 28.402854 2007 
5.080000e+00 55 230.196073 2008 
5.080000e+00 55 166.446813 2009 
5.080000e+00 55 17.744546 2010 
5.080000e+00 55 101.596589 2011 
5.080000e+00 55 47.598118 2012 
5.080000e+00 55 121.849760 2013 
5.080000e+00 55 7.548655 2014 
5.080000e+00 55 7.850249 2015 
5.080000e+00 55 157.250354 2016 
5.080000e+00 55 85.630854 2017 
5.080000e+00 55 19.178430 2018 
5.080000e+00 55 116.264701 2019 
5.080000e+00 56 NaN 2010 
5.080000e+00 56 13.051357 2011 
5.080000e+00 56 7.758954 2012 
5.080000e+00 56 NaN 2013 
5.080000e+00 56 11.950029 2014 
5.080000e+00 56 7.923370 2015 
5.080000e+00 56 NaN 2016 
5.080000e+00 56 9.002416 2017 
5.080000e+00 56 45.152464 2018 
5.080000e+00 56 11.060620 2019 
5.080000e+00 56 60.329844 2020 
5.080000e+00 57 NaN 2007 
5.080000e+00 57 14.433948 2008 
5.080000e+00 57 26.949560 2009 
5.080000e+00 57 32.212485 2010 
5.080000e+00 57 NaN 2011 
5.080000e+00 57 NaN 2012 
5.080000e+00 57 16.374569 2013 
5.080000e+00 57 NaN 2014 
5.080000e+00 57 10.440679 2015 
5.080000e+00 57 12.545303 2016 
5.080000e+00 57 NaN 2017 
5.080000e+00 57 6.702841 2018 
5.080000e+00 57 29.378216 2019 
5.080000e+00 58 NaN 2008 
5.080000e+00 58 16.462450 2009 
5.080000e+00 58 168.691070 2010 
5.080000e+00 58 60.427406 2011 
5.080000e+00 58 69.123565 2012 
5.080000e+00 58 40.694413 2013 
5.080000e+00 58 65.643530 2014 
5.080000e+00 58 15.331055 2015 
5.080000e+00 58 33.810063 2016 
5.080000e+00 58 212.446015 2017 
5.080000e+00 58 86.246482 2018 
5.080000e+00 58 60.145094 2019 
5.080000e+00 58 100.372885 2020 
5.080000e+00 59 NaN 2007 
5.080000e+00 59 30.631359 2008 
5.080000e+00 59 10.304471 2009 
5.080000e+00 59 12.719231 2010 
5.080000e+00 59 7.046683 2011 
5.080000e+00 59 24.289503 2012 
5.080000e+00 59 14.787349 2013 
5.080000e+00 59 6.326438 2014 
5.080000e+00 59 14.761115 2015 
5.080000e+00 59 26.864960 2016 
5.080000e+00 59 11.509339 2017 
5.080000e+00 59 43.293683 2018 
5.080000e+00 59 4.295647 2019 
5.080000e+00 59 56.989883 2020 
5.080000e+00 60 NaN 2014 
5.080000e+00 60 133.649856 2015 
5.080000e+00 60 47.350518 2016 
5.080000e+00 60 27.757070 2017 
5.080000e+00 60 55.432520 2018 
5.080000e+00 60 41.665098 2019 
5.080000e+00 61 NaN 2008 
5.080000e+00 61 41.560381 2009 
5.080000e+00 61 NaN 2010 
5.080000e+00 61 24.914526 2011 
5.080000e+00 61 17.572032 2012 
5.080000e+00 61 8.856943 2013 
5.080000e+00 61 14.857716 2014 
5.080000e+00 61 23.973984 2015 
5.080000e+00 61 10.807152 2016 
5.080000e+00 61 NaN 2017 
5.080000e+00 61 24.276263 2018 
5.080000e+00 61 NaN 2019 
5.080000e+00 61 39.678152 2020 
5.080000e+00 62 NaN 2008 
5.080000e+00 62 16.017496 2009 
5.080000e+00 62 NaN 2010 
5.080000e+00 62 18.031077 2011 
5.080000e+00 62 4.227855 2012 
5.080000e+00 62 6.522699 2013 
5.080000e+00 62 NaN 2014 
5.080000e+00 62 3.590281 2015 
5.080000e+00 62 12.035830 2016 
5.080000e+00 62 72.716209 2017 
5.080000e+00 62 12.154374 2018 
5.080000e+00 62 10.421370 2019 
5.080000e+00 63 NaN 2001 
5.080000e+00 63 NaN 2001 
5.080000e+00 63 106.474462 2002 
5.080000e+00 63 12.351593 2003 
5.080000e+00 63 NaN 2004 
5.080000e+00 63 4.693245 2005 
5.080000e+00 63 7.785566 2006 
5.080000e+00 63 NaN 2007 
5.080000e+00 65 33.720517 2010 
5.080000e+00 65 55.097342 2011 
5.080000e+00 65 38.958248 2012 
5.080000e+00 65 NaN 2013 
5.080000e+00 65 NaN 2014 
5.080000e+00 65 30.855016 2015 
5.080000e+00 65 17.725978 2016 
5.080000e+00 65 44.584328 2017 
5.080000e+00 65 3.591483 2018 
5.080000e+00 65 52.222808 2019 
5.080000e+00 66 113.363287 2010 
5.080000e+00 66 NaN 2011 
5.080000e+00 66 38.411281 2012 
5.080000e+00 66 12.346630 2013 
5.080000e+00 66 61.246578 2014 
5.080000e+00 66 42.882215 2015 
5.080000e+00 66 46.895860 2016 
5.080000e+00 66 30.653794 2017 
5.080000e+00 66 21.411271 2018 
5.080000e+00 66 24.714677 2019 
5.080000e+00 67 NaN 2007 
5.080000e+00 67 31.801894 2008 
5.080000e+00 67 81.000000 2009 
5.080000e+00 67 81.807793 2010 
5.080000e+00 67 77.155106 2011 
5.080000e+00 67 NaN 2012 
5.080000e+00 67 49.172584 2013 
5.080000e+00 67 7.134431 2014 
5.080000e+00 67 18.925452 2015 
5.080000e+00 67 208.593983 2016 
5.080000e+00 67 97.868705 2017 
5.080000e+00 67 63.999961 2018 
5.080000e+00 68 NaN 2010 
5.080000e+00 68 15.038439 2011 
5.080000e+00 68 26.580685 2012 
5.080000e+00 68 10.078482 2013 
5.080000e+00 68 27.195269 2014 
5.080000e+00 68 NaN 2015 
5.080000e+00 68 13.963666 2016 
5.080000e+00 68 52.944738 2017 
5.080000e+00 68 23.498220 2018 
5.080000e+00 68 16.922740 2019 
5.080000e+00 68 17.607190 2020 
5.080000e+00 69 24.337250 2006 
5.080000e+00 69 3.703057 2007 
5.080000e+00 69 12.101724 2008 
5.080000e+00 69 24.103522 2009 
5.080000e+00 69 9.526499 2010 
5.080000e+00 69 10.535098 2011 
5.080000e+00 71 NaN 2009 
5.080000e+00 71 21.815023 2010 
5.080000e+00 71 21.806990 2011 
5.080000e+00 71 24.395221 2012 
5.080000e+00 71 20.842771 2013 
5.080000e+00 71 52.031303 2014 
5.080000e+00 71 45.253460 2015 
5.080000e+00 71 36.819703 2016 
5.080000e+00 71 21.706003 2017 
5.080000e+00 71 49.172362 2018 
5.080000e+00 71 80.382134 2019 
5.080000e+00 72 NaN 2009 
5.080000e+00 72 NaN 2010 
5.080000e+00 72 17.555361 2011 
5.080000e+00 72 23.715050 2012 
5.080000e+00 72 64.581923 2013 
5.080000e+00 72 58.324078 2014 
5.080000e+00 72 45.654612 2015 
5.080000e+00 72 36.348613 2016 
5.080000e+00 72 29.243713 2017 
5.080000e+00 72 106.036237 2018 
5.080000e+00 72 119.104221 2019 
5.080000e+00 76 NaN 2014 
5.080000e+00 76 48.762812 2015 
5.080000e+00 76 23.331320 2016 
5.080000e+00 76 NaN 2017 
5.080000e+00 76 NaN 2018 
5.080000e+00 76 64.142015 2019 
5.080000e+00 77 NaN 2010 
5.080000e+00 77 25.011399 2011 
5.080000e+00 77 NaN 2012 
5.080000e+00 77 NaN 2013 
5.080000e+00 77 31.000714 2014 
5.080000e+00 77 9.243626 2015 
5.080000e+00 77 7.826445 2016 
5.080000e+00 77 16.341695 2017 
5.080000e+00 77 37.654999 2018 
5.080000e+00 77 5.956454 2019 
5.080000e+00 78 10.743592 2010 
5.080000e+00 78 18.721892 2011 
5.080000e+00 78 19.116190 2012 
5.080000e+00 78 16.417481 2013 
5.080000e+00 78 51.140448 2014 
5.080000e+00 78 18.000000 2015 
5.080000e+00 78 53.296164 2016 
5.080000e+00 78 NaN 2017 
5.080000e+00 78 91.040952 2018 
5.080000e+00 79 21.310644 2012 
5.080000e+00 79 39.674379 2013 
5.080000e+00 79 38.742370 2014 
5.080000e+00 79 36.893885 2015 
5.080000e+00 79 NaN 2016 
5.080000e+00 79 62.635477 2017 
5.080000e+00 80 NaN 2008 
5.080000e+00 80 27.036581 2009 
5.080000e+00 80 16.329775 2010 
5.080000e+00 80 7.302993 2011 
5.080000e+00 80 30.317198 2012 
5.080000e+00 80 16.629851 2013 
5.080000e+00 80 21.093100 2014 
5.080000e+00 80 19.199070 2015 
5.080000e+00 81 NaN 2016 
5.080000e+00 82 17.049257 2010 
5.080000e+00 82 22.342027 2011 
5.080000e+00 82 46.712890 2012 
5.080000e+00 82 64.845780 2013 
5.080000e+00 82 91.789550 2014 
5.080000e+00 82 24.760785 2015 
5.080000e+00 82 11.324003 2016 
5.080000e+00 82 70.752101 2017 
5.080000e+00 82 70.773189 2018 
5.080000e+00 82 25.226067 2019 
5.080000e+00 83 NaN 2010 
5.080000e+00 83 30.249069 2011 
5.080000e+00 83 44.522802 2012 
5.080000e+00 83 NaN 2013 
5.080000e+00 83 39.806273 2014 
5.080000e+00 83 NaN 2015 
5.080000e+00 83 10.754078 2016 
5.080000e+00 83 NaN 2017 
5.080000e+00 83 NaN 2018 
5.080000e+00 83 18.794788 2019 
5.080000e+00 84 NaN 2015 
5.080000e+00 84 47.909442 2016 
5.080000e+00 84 46.442688 2017 
5.080000e+00 84 55.363699 2018 
5.080000e+00 84 83.583271 2019 
5.080000e+00 85 NaN 2008 
5.080000e+00 85 42.015847 2009 
5.080000e+00 85 39.620784 2010 
5.080000e+00 85 83.484990 2011 
5.080000e+00 85 84.993593 2012 
5.080000e+00 85 31.449615 2013 
5.080000e+00 85 70.018082 2014 
5.080000e+00 85 NaN 2015 
5.080000e+00 85 34.142228 2016 
5.080000e+00 85 90.817933 2017 
5.080000e+00 85 50.687360 2018 
5.080000e+00 85 33.323187 2019 
5.080000e+00 85 30.912811 2020 
5.080000e+00 86 NaN 2015 
5.080000e+00 86 NaN 2016 
5.080000e+00 86 48.778738 2017 
5.080000e+00 86 77.662016 2018 
5.080000e+00 86 37.661899 2019 
5.080000e+00 86 148.393130 2020 
5.080000e+00 87 21.713064 2010 
5.080000e+00 87 NaN 2011 
5.080000e+00 87 100.404985 2012 
5.080000e+00 87 45.692534 2013 
5.080000e+00 87 25.671919 2014 
5.080000e+00 87 14.457058 2015 
5.080000e+00 87 174.574231 2016 
5.080000e+00 87 46.812567 2017 
5.080000e+00 87 20.735316 2018 
5.080000e+00 87 21.479162 2019 
5.080000e+00 88 NaN 2010 
5.080000e+00 88 27.024271 2011 
5.080000e+00 88 NaN 2012 
5.080000e+00 88 5.286142 2013 
5.080000e+00 88 8.351460 2014 
5.080000e+00 88 NaN 2015 
5.080000e+00 88 7.632647 2016 
5.080000e+00 88 32.224268 2017 
5.080000e+00 88 NaN 2018 
5.080000e+00 88 31.432427 2019 
5.080000e+00 89 NaN 2007 
5.080000e+00 89 69.549402 2008 
5.080000e+00 89 6.636368 2009 
5.080000e+00 89 28.348101 2010 
5.080000e+00 89 4.830527 2011 
5.080000e+00 89 31.345658 2012 
5.080000e+00 89 9.559277 2013 
5.080000e+00 89 26.247323 2014 
5.080000e+00 89 7.617074 2015 
5.080000e+00 89 5.709413 2016 
5.080000e+00 89 14.661792 2017 
5.080000e+00 89 33.650371 2018 
5.080000e+00 89 14.541610 2019 
5.080000e+00 89 24.320651 2020 
5.080000e+00 90 82.462989 2001 
5.080000e+00 90 30.605668 2002 
5.080000e+00 90 29.059413 2003 
5.080000e+00 90 242.236591 2004 
5.080000e+00 90 33.186405 2005 
5.080000e+00 90 21.347705 2006 
5.080000e+00 90 121.369966 2007 
5.080000e+00 90 19.556086 2008 
5.080000e+00 90 15.128517 2009 
5.080000e+00 90 74.740827 2010 
5.080000e+00 90 39.609598 2011 
5.080000e+00 90 65.398258 2012 
5.080000e+00 90 22.837395 2013 
5.080000e+00 90 NaN 2014 
5.080000e+00 90 188.248799 2015 
5.080000e+00 90 47.783119 2016 
5.080000e+00 90 71.334938 2017 
5.080000e+00 90 27.498997 2018 
5.080000e+00 90 4.701875 2019 
5.080000e+00 91 NaN 2005 
5.080000e+00 91 12.164590 2006 
5.080000e+00 91 6.342255 2007 
5.080000e+00 91 NaN 2008 
5.080000e+00 91 NaN 2009 
5.080000e+00 91 NaN 2010 
5.080000e+00 91 NaN 2011 
5.080000e+00 91 68.019621 2012 
5.080000e+00 91 NaN 2013 
5.080000e+00 91 4.561879 2014 
10 1 32.401173 2001 
10 1 53.082974 2001 
10 1 NaN 2002 
10 1 66.278071 2003 
10 1 22.529539 2004 
10 1 19.987623 2005 
10 1 NaN 2006 
10 1 56.870385 2007 
10 1 17.454004 2008 
10 1 47.678436 2009 
10 1 103.549494 2010 
10 1 31.943552 2011 
10 1 54.769660 2012 
10 1 15.950276 2013 
10 1 85.944165 2014 
10 1 24.938970 2015 
10 1 38.142350 2016 
10 1 89.319364 2017 
10 1 63.000011 2018 
10 1 44.015804 2019 
