5.080000e+00 1 NaN 2001 
5.080000e+00 1 164.445464 2001 
5.080000e+00 1 168.009666 2002 
5.080000e+00 1 124.000000 2003 
5.080000e+00 2 NaN 2004 
5.080000e+00 2 152.544102 2005 
5.080000e+00 2 52.999991 2006 
5.080000e+00 2 161.323722 2007 
5.080000e+00 2 141.023956 2008 
5.080000e+00 2 48.677961 2009 
5.080000e+00 2 209.999995 2010 
5.080000e+00 2 NaN 2011 
5.080000e+00 2 NaN 2012 
5.080000e+00 2 52.000000 2013 
5.080000e+00 2 26.798324 2014 
5.080000e+00 2 36.000627 2015 
5.080000e+00 2 145.000000 2016 
5.080000e+00 2 28.000000 2017 
5.080000e+00 2 53.186890 2018 
5.080000e+00 2 82.259784 2019 
5.080000e+00 3 147.000000 2015 
5.080000e+00 3 NaN 2016 
5.080000e+00 3 298.000000 2017 
5.080000e+00 4 NaN 2005 
5.080000e+00 4 8.237079 2006 
5.080000e+00 4 74.224926 2007 
5.080000e+00 4 NaN 2008 
5.080000e+00 4 74.222264 2009 
5.080000e+00 4 173.000000 2010 
5.080000e+00 4 NaN 2011 
5.080000e+00 4 126.999974 2012 
5.080000e+00 4 194.000000 2013 
5.080000e+00 4 36.000098 2014 
5.080000e+00 4 163.553519 2015 
5.080000e+00 4 64.860097 2016 
5.080000e+00 4 NaN 2017 
5.080000e+00 5 218.000000 2001 
5.080000e+00 5 192.000001 2001 
5.080000e+00 5 NaN 2002 
5.080000e+00 5 307.000000 2003 
5.080000e+00 5 NaN 2004 
5.080000e+00 5 179.977310 2005 
5.080000e+00 9 NaN 2007 
5.080000e+00 9 179.309226 2008 
5.080000e+00 9 169.644075 2009 
5.080000e+00 9 255.000131 2010 
5.080000e+00 9 303.603951 2011 
5.080000e+00 9 208.148912 2012 
5.080000e+00 9 225.327245 2013 
5.080000e+00 9 180.999929 2014 
5.080000e+00 9 157.333807 2015 
5.080000e+00 9 176.260954 2016 
5.080000e+00 9 NaN 2017 
5.080000e+00 9 381.999999 2018 
5.080000e+00 9 279.998422 2019 
5.080000e+00 10 NaN 2007 
5.080000e+00 10 184.111160 2008 
5.080000e+00 10 180.608558 2009 
5.080000e+00 10 198.999995 2010 
5.080000e+00 10 181.162740 2011 
5.080000e+00 10 190.000000 2012 
5.080000e+00 10 198.625088 2013 
5.080000e+00 10 167.130199 2014 
5.080000e+00 10 200.324907 2015 
5.080000e+00 10 185.176748 2016 
5.080000e+00 10 191.927361 2017 
5.080000e+00 10 198.000000 2018 
5.080000e+00 10 176.000044 2019 
5.080000e+00 11 NaN 2014 
5.080000e+00 11 154.433881 2015 
5.080000e+00 11 256.999597 2016 
5.080000e+00 11 179.000002 2017 
5.080000e+00 11 216.200138 2018 
5.080000e+00 11 274.510892 2019 
5.080000e+00 12 NaN 2006 
5.080000e+00 12 191.000000 2007 
5.080000e+00 12 188.893935 2008 
5.080000e+00 12 156.506095 2009 
5.080000e+00 12 190.000000 2010 
5.080000e+00 12 146.976722 2011 
5.080000e+00 12 302.630434 2012 
5.080000e+00 12 304.822047 2013 
5.080000e+00 12 219.000000 2014 
5.080000e+00 12 158.716322 2015 
5.080000e+00 13 -205.000000 2017 
5.080000e+00 13 -162.000000 2018 
5.080000e+00 13 -133.000000 2019 
5.080000e+00 14 51.083389 2014 
5.080000e+00 14 -79.000000 2015 
5.080000e+00 14 -88.263838 2016 
5.080000e+00 14 -84.808511 2017 
5.080000e+00 14 -90.406505 2018 
5.080000e+00 14 NaN 2019 
5.080000e+00 14 -34.460531 2020 
5.080000e+00 15 NaN 2005 
5.080000e+00 15 55.000734 2006 
5.080000e+00 15 157.060323 2007 
5.080000e+00 15 32.236452 2008 
5.080000e+00 15 51.090058 2009 
5.080000e+00 15 NaN 2010 
5.080000e+00 15 -39.999997 2011 
5.080000e+00 15 123.000000 2012 
5.080000e+00 15 56.737442 2013 
5.080000e+00 15 34.289055 2014 
5.080000e+00 17 195.550120 2014 
5.080000e+00 17 165.170975 2015 
5.080000e+00 17 170.702019 2016 
5.080000e+00 17 177.000000 2017 
5.080000e+00 17 213.000000 2018 
5.080000e+00 17 192.999998 2019 
5.080000e+00 19 NaN 2013 
5.080000e+00 19 163.428168 2014 
5.080000e+00 21 NaN 2007 
5.080000e+00 21 171.453777 2008 
5.080000e+00 21 140.000000 2009 
5.080000e+00 21 156.728448 2010 
5.080000e+00 21 185.000000 2011 
5.080000e+00 21 204.999928 2012 
5.080000e+00 21 161.999993 2013 
5.080000e+00 21 178.266776 2014 
5.080000e+00 21 163.000000 2015 
5.080000e+00 21 169.000000 2016 
5.080000e+00 21 155.483844 2017 
5.080000e+00 21 NaN 2018 
5.080000e+00 21 177.615857 2019 
5.080000e+00 22 NaN 2007 
5.080000e+00 22 170.544248 2008 
5.080000e+00 22 141.000000 2009 
5.080000e+00 22 162.999913 2010 
5.080000e+00 22 148.999843 2011 
5.080000e+00 22 187.999996 2012 
5.080000e+00 22 190.132474 2013 
5.080000e+00 22 148.400283 2014 
5.080000e+00 22 163.000000 2015 
5.080000e+00 22 157.000000 2016 
5.080000e+00 22 150.665870 2017 
5.080000e+00 22 252.000074 2018 
5.080000e+00 22 168.012048 2019 
5.080000e+00 24 203.000000 2012 
5.080000e+00 24 188.000000 2013 
5.080000e+00 24 191.000000 2014 
5.080000e+00 24 209.035313 2015 
5.080000e+00 24 159.972564 2016 
5.080000e+00 24 186.074433 2017 
5.080000e+00 24 NaN 2018 
5.080000e+00 25 187.999747 2001 
5.080000e+00 25 186.894955 2001 
5.080000e+00 25 225.000000 2002 
5.080000e+00 25 177.999948 2003 
5.080000e+00 26 NaN 2004 
5.080000e+00 26 213.999967 2005 
5.080000e+00 26 226.865080 2006 
5.080000e+00 26 193.000000 2007 
5.080000e+00 26 191.716009 2008 
5.080000e+00 26 149.107886 2009 
5.080000e+00 26 186.888138 2010 
5.080000e+00 26 154.760021 2011 
5.080000e+00 26 299.287831 2012 
5.080000e+00 26 199.035208 2013 
5.080000e+00 26 221.000000 2014 
5.080000e+00 26 167.486393 2015 
5.080000e+00 26 279.376304 2016 
5.080000e+00 26 201.999776 2017 
5.080000e+00 26 226.114585 2018 
5.080000e+00 27 163.000000 2010 
5.080000e+00 27 164.908106 2011 
5.080000e+00 27 191.000000 2012 
5.080000e+00 27 195.134194 2013 
5.080000e+00 27 162.225165 2014 
5.080000e+00 27 159.382214 2015 
5.080000e+00 27 189.905496 2016 
5.080000e+00 27 178.184655 2017 
5.080000e+00 27 208.963808 2018 
5.080000e+00 27 201.356650 2019 
5.080000e+00 28 NaN 2007 
5.080000e+00 28 164.396565 2008 
5.080000e+00 28 141.652093 2009 
5.080000e+00 28 167.121792 2010 
5.080000e+00 28 155.773777 2011 
5.080000e+00 28 182.765538 2012 
5.080000e+00 28 164.000000 2013 
5.080000e+00 28 151.999936 2014 
5.080000e+00 28 283.058275 2015 
5.080000e+00 28 169.478955 2016 
5.080000e+00 28 157.370604 2017 
5.080000e+00 28 254.432605 2018 
5.080000e+00 28 179.448666 2019 
5.080000e+00 29 258.349678 2010 
5.080000e+00 29 201.983645 2011 
5.080000e+00 29 181.999970 2012 
5.080000e+00 29 189.527292 2013 
5.080000e+00 29 174.589623 2014 
5.080000e+00 29 155.000026 2015 
5.080000e+00 29 140.053870 2016 
5.080000e+00 29 190.982891 2017 
5.080000e+00 29 273.699302 2018 
5.080000e+00 29 211.567122 2019 
5.080000e+00 30 215.002119 2010 
5.080000e+00 30 163.611170 2011 
5.080000e+00 30 178.893131 2012 
5.080000e+00 30 193.337203 2013 
5.080000e+00 30 130.000000 2014 
5.080000e+00 30 285.647910 2015 
5.080000e+00 30 171.000000 2016 
5.080000e+00 30 146.711422 2017 
5.080000e+00 30 262.017560 2018 
5.080000e+00 30 277.430662 2019 
5.080000e+00 31 188.751746 2010 
5.080000e+00 31 175.707748 2011 
5.080000e+00 31 185.000000 2012 
5.080000e+00 31 184.301785 2013 
5.080000e+00 31 176.000000 2014 
5.080000e+00 31 170.735494 2015 
5.080000e+00 31 209.968200 2016 
5.080000e+00 31 NaN 2017 
5.080000e+00 31 211.844414 2018 
5.080000e+00 31 230.081597 2019 
5.080000e+00 33 NaN 2005 
5.080000e+00 33 NaN 2006 
5.080000e+00 33 169.114214 2007 
5.080000e+00 33 283.000000 2008 
5.080000e+00 35 272.522015 2007 
5.080000e+00 35 192.325813 2008 
5.080000e+00 35 171.031412 2009 
5.080000e+00 35 197.199569 2010 
5.080000e+00 35 145.999942 2011 
5.080000e+00 35 288.648363 2012 
5.080000e+00 35 304.925771 2013 
5.080000e+00 35 224.000000 2014 
5.080000e+00 35 171.386268 2015 
5.080000e+00 35 177.611914 2016 
5.080000e+00 35 256.343264 2017 
5.080000e+00 35 228.807896 2018 
5.080000e+00 35 213.999734 2019 
5.080000e+00 36 175.090037 2009 
5.080000e+00 36 137.999941 2010 
5.080000e+00 36 189.000000 2011 
5.080000e+00 36 266.000059 2012 
5.080000e+00 36 238.813746 2013 
5.080000e+00 36 NaN 2014 
5.080000e+00 36 142.999983 2015 
5.080000e+00 36 141.598774 2016 
5.080000e+00 36 137.108858 2017 
5.080000e+00 36 212.903753 2018 
5.080000e+00 36 185.000000 2019 
5.080000e+00 37 190.884645 2010 
5.080000e+00 37 61.606240 2011 
5.080000e+00 37 150.999897 2012 
5.080000e+00 37 36.000501 2013 
5.080000e+00 37 111.000159 2014 
5.080000e+00 37 35.000108 2015 
5.080000e+00 37 141.000001 2016 
5.080000e+00 37 179.069612 2017 
5.080000e+00 37 55.998300 2018 
5.080000e+00 37 67.999992 2019 
5.080000e+00 38 190.884645 2010 
5.080000e+00 38 61.606240 2011 
5.080000e+00 38 150.999897 2012 
5.080000e+00 38 36.000501 2013 
5.080000e+00 38 111.000159 2014 
5.080000e+00 38 35.000108 2015 
5.080000e+00 38 141.000001 2016 
5.080000e+00 38 179.069612 2017 
5.080000e+00 38 55.998300 2018 
5.080000e+00 38 67.999992 2019 
5.080000e+00 39 190.884645 2010 
5.080000e+00 39 61.606240 2011 
5.080000e+00 39 150.999897 2012 
5.080000e+00 39 36.000501 2013 
5.080000e+00 39 111.000159 2014 
5.080000e+00 39 35.000108 2015 
5.080000e+00 39 141.000001 2016 
5.080000e+00 39 179.069612 2017 
5.080000e+00 39 55.998300 2018 
5.080000e+00 39 67.999992 2019 
5.080000e+00 40 NaN 2013 
5.080000e+00 40 187.265644 2014 
5.080000e+00 40 NaN 2015 
5.080000e+00 40 165.000000 2016 
5.080000e+00 40 178.060220 2017 
5.080000e+00 40 NaN 2018 
5.080000e+00 40 283.200289 2019 
5.080000e+00 41 NaN 2008 
5.080000e+00 41 133.999994 2009 
5.080000e+00 41 180.539583 2010 
5.080000e+00 41 182.349149 2011 
5.080000e+00 41 210.000000 2012 
5.080000e+00 42 NaN 2013 
5.080000e+00 42 187.259774 2014 
5.080000e+00 42 162.524202 2015 
5.080000e+00 42 165.000000 2016 
5.080000e+00 42 NaN 2017 
5.080000e+00 42 NaN 2018 
5.080000e+00 42 283.206608 2019 
5.080000e+00 44 NaN 2007 
5.080000e+00 44 -137.964270 2008 
5.080000e+00 44 -167.909662 2009 
5.080000e+00 44 -197.000000 2010 
5.080000e+00 44 -169.112108 2011 
5.080000e+00 44 -172.265335 2012 
5.080000e+00 44 -76.389132 2013 
5.080000e+00 44 -61.492899 2014 
5.080000e+00 44 -107.999447 2015 
5.080000e+00 44 -184.262528 2016 
5.080000e+00 46 NaN 2012 
5.080000e+00 46 51.201318 2013 
5.080000e+00 47 NaN 2005 
5.080000e+00 47 55.325680 2006 
5.080000e+00 47 NaN 2007 
5.080000e+00 47 26.929062 2008 
5.080000e+00 47 50.274974 2009 
5.080000e+00 47 NaN 2010 
5.080000e+00 47 -31.074979 2011 
5.080000e+00 48 NaN 2016 
5.080000e+00 48 23.000000 2017 
5.080000e+00 48 44.498787 2018 
5.080000e+00 48 67.759783 2019 
5.080000e+00 49 149.999916 2001 
5.080000e+00 49 152.254826 2001 
5.080000e+00 49 206.786819 2002 
5.080000e+00 49 229.599331 2003 
5.080000e+00 49 157.617202 2004 
5.080000e+00 49 239.781793 2005 
5.080000e+00 49 226.880161 2006 
5.080000e+00 50 275.212743 2007 
5.080000e+00 50 141.000001 2008 
5.080000e+00 50 170.999692 2009 
5.080000e+00 50 123.000000 2010 
5.080000e+00 50 166.145506 2011 
5.080000e+00 50 154.000000 2012 
5.080000e+00 50 154.000000 2013 
5.080000e+00 50 175.875994 2014 
5.080000e+00 50 149.225768 2015 
5.080000e+00 50 133.999971 2016 
5.080000e+00 50 149.331528 2017 
5.080000e+00 50 138.000048 2018 
5.080000e+00 50 191.000002 2019 
5.080000e+00 51 159.220945 2010 
5.080000e+00 51 142.542195 2011 
5.080000e+00 51 248.999956 2012 
5.080000e+00 51 223.861084 2013 
5.080000e+00 51 218.000026 2014 
5.080000e+00 51 162.000000 2015 
5.080000e+00 51 172.000000 2016 
5.080000e+00 51 192.880175 2017 
5.080000e+00 51 226.078336 2018 
5.080000e+00 51 202.704083 2019 
5.080000e+00 52 206.896006 2010 
5.080000e+00 52 176.999866 2011 
5.080000e+00 52 NaN 2012 
5.080000e+00 52 NaN 2013 
5.080000e+00 52 161.000600 2014 
5.080000e+00 52 193.945173 2015 
5.080000e+00 52 144.000000 2016 
5.080000e+00 52 178.632480 2017 
5.080000e+00 52 217.997165 2018 
5.080000e+00 52 142.999476 2019 
5.080000e+00 53 NaN 2007 
5.080000e+00 53 180.313734 2008 
5.080000e+00 53 128.543620 2009 
5.080000e+00 53 181.000040 2010 
5.080000e+00 53 205.000000 2011 
5.080000e+00 53 210.000005 2012 
5.080000e+00 54 NaN 2013 
5.080000e+00 54 186.808224 2014 
5.080000e+00 54 160.590450 2015 
5.080000e+00 54 275.000000 2016 
5.080000e+00 54 182.999606 2017 
5.080000e+00 54 NaN 2018 
5.080000e+00 54 277.999999 2019 
5.080000e+00 55 NaN 2006 
5.080000e+00 55 136.000000 2007 
5.080000e+00 55 154.200939 2008 
5.080000e+00 55 135.999990 2009 
5.080000e+00 55 122.488153 2010 
5.080000e+00 55 205.047904 2011 
5.080000e+00 55 232.659710 2012 
5.080000e+00 55 152.000004 2013 
5.080000e+00 55 218.999974 2014 
5.080000e+00 55 199.999965 2015 
5.080000e+00 55 150.000000 2016 
5.080000e+00 55 135.999946 2017 
5.080000e+00 55 261.911937 2018 
5.080000e+00 55 185.000047 2019 
5.080000e+00 56 296.000000 2009 
5.080000e+00 56 185.458679 2010 
5.080000e+00 56 184.685936 2011 
5.080000e+00 56 181.994404 2012 
5.080000e+00 56 154.000000 2013 
5.080000e+00 56 165.000000 2014 
5.080000e+00 56 164.481817 2015 
5.080000e+00 56 166.000000 2016 
5.080000e+00 56 174.818629 2017 
5.080000e+00 56 360.454094 2018 
5.080000e+00 56 186.000000 2019 
5.080000e+00 57 NaN 2007 
5.080000e+00 57 168.000000 2008 
5.080000e+00 57 138.000000 2009 
5.080000e+00 57 165.898031 2010 
5.080000e+00 57 145.033658 2011 
5.080000e+00 57 176.617157 2012 
5.080000e+00 57 165.999175 2013 
5.080000e+00 57 177.000148 2014 
5.080000e+00 57 196.459726 2015 
5.080000e+00 57 144.999997 2016 
5.080000e+00 57 156.170581 2017 
5.080000e+00 57 211.000000 2018 
5.080000e+00 57 198.440092 2019 
5.080000e+00 58 NaN 2007 
5.080000e+00 58 172.000000 2008 
5.080000e+00 58 141.000025 2009 
5.080000e+00 58 161.000007 2010 
5.080000e+00 58 154.239355 2011 
5.080000e+00 58 187.000112 2012 
5.080000e+00 58 190.170133 2013 
5.080000e+00 58 128.000000 2014 
5.080000e+00 58 164.000000 2015 
5.080000e+00 58 167.959679 2016 
5.080000e+00 58 134.078957 2017 
5.080000e+00 58 212.334175 2018 
5.080000e+00 58 182.000004 2019 
5.080000e+00 59 NaN 2006 
5.080000e+00 59 233.000182 2007 
5.080000e+00 59 191.799016 2008 
5.080000e+00 59 143.000000 2009 
5.080000e+00 59 185.000000 2010 
5.080000e+00 59 142.861130 2011 
5.080000e+00 59 289.000000 2012 
5.080000e+00 59 304.224317 2013 
5.080000e+00 59 218.000000 2014 
5.080000e+00 59 167.561578 2015 
5.080000e+00 59 149.000000 2016 
5.080000e+00 59 231.788670 2017 
5.080000e+00 59 195.000000 2018 
5.080000e+00 59 238.953230 2019 
5.080000e+00 60 NaN 2014 
5.080000e+00 60 199.733087 2015 
5.080000e+00 60 151.750370 2016 
5.080000e+00 60 169.000000 2017 
5.080000e+00 60 212.452748 2018 
5.080000e+00 60 175.999834 2019 
5.080000e+00 61 NaN 2007 
5.080000e+00 61 172.604579 2008 
5.080000e+00 61 176.017396 2009 
5.080000e+00 61 176.000000 2010 
5.080000e+00 61 160.661662 2011 
5.080000e+00 61 212.601109 2012 
5.080000e+00 61 223.884154 2013 
5.080000e+00 61 216.988076 2014 
5.080000e+00 61 166.874505 2015 
5.080000e+00 61 183.000466 2016 
5.080000e+00 61 184.700457 2017 
5.080000e+00 61 229.560667 2018 
5.080000e+00 61 209.833431 2019 
5.080000e+00 62 -116.000001 2008 
5.080000e+00 62 NaN 2009 
5.080000e+00 62 -66.842932 2010 
5.080000e+00 62 -172.908799 2011 
5.080000e+00 62 -46.000000 2012 
5.080000e+00 62 -174.000160 2013 
5.080000e+00 62 NaN 2014 
5.080000e+00 62 -128.038739 2015 
5.080000e+00 62 -77.420604 2016 
5.080000e+00 62 -84.860080 2017 
5.080000e+00 62 -88.289478 2018 
5.080000e+00 62 NaN 2019 
5.080000e+00 63 208.000000 2001 
5.080000e+00 63 175.000000 2001 
5.080000e+00 63 218.083776 2002 
5.080000e+00 63 NaN 2003 
5.080000e+00 63 NaN 2004 
5.080000e+00 63 300.361014 2005 
5.080000e+00 63 215.477026 2006 
5.080000e+00 65 159.498391 2010 
5.080000e+00 65 193.000000 2011 
5.080000e+00 65 188.999776 2012 
5.080000e+00 65 180.999642 2013 
5.080000e+00 65 175.999896 2014 
5.080000e+00 65 204.198919 2015 
5.080000e+00 65 172.265599 2016 
5.080000e+00 65 168.000000 2017 
5.080000e+00 65 203.617282 2018 
5.080000e+00 65 199.178795 2019 
5.080000e+00 66 213.000000 2010 
5.080000e+00 66 210.352570 2011 
5.080000e+00 66 194.270316 2012 
5.080000e+00 66 195.000000 2013 
5.080000e+00 66 182.321882 2014 
5.080000e+00 66 155.999964 2015 
5.080000e+00 66 174.197799 2016 
5.080000e+00 66 197.327302 2017 
5.080000e+00 66 212.819453 2018 
5.080000e+00 66 173.902974 2019 
5.080000e+00 67 NaN 2007 
5.080000e+00 67 171.022474 2008 
5.080000e+00 67 137.000000 2009 
5.080000e+00 67 152.295349 2010 
5.080000e+00 67 145.000000 2011 
5.080000e+00 67 210.000000 2012 
5.080000e+00 67 221.747790 2013 
5.080000e+00 67 189.618915 2014 
5.080000e+00 67 159.507203 2015 
5.080000e+00 67 165.000000 2016 
5.080000e+00 67 177.000000 2017 
5.080000e+00 67 NaN 2018 
5.080000e+00 68 NaN 2009 
5.080000e+00 68 177.000011 2010 
5.080000e+00 68 213.000000 2011 
5.080000e+00 68 178.082616 2012 
5.080000e+00 68 164.000000 2013 
5.080000e+00 68 215.391080 2014 
5.080000e+00 68 116.124368 2015 
5.080000e+00 68 171.049185 2016 
5.080000e+00 68 136.999995 2017 
5.080000e+00 68 276.591132 2018 
5.080000e+00 68 180.999978 2019 
5.080000e+00 69 NaN 2005 
5.080000e+00 69 17.440002 2006 
5.080000e+00 69 NaN 2007 
5.080000e+00 69 24.101338 2008 
5.080000e+00 69 50.999864 2009 
5.080000e+00 69 NaN 2010 
5.080000e+00 71 NaN 2008 
5.080000e+00 71 187.441313 2009 
5.080000e+00 71 173.872210 2010 
5.080000e+00 71 219.751263 2011 
5.080000e+00 71 154.000000 2012 
5.080000e+00 71 181.015303 2013 
5.080000e+00 71 222.999238 2014 
5.080000e+00 71 137.113064 2015 
5.080000e+00 71 139.000000 2016 
5.080000e+00 71 145.769585 2017 
5.080000e+00 71 274.000000 2018 
5.080000e+00 71 173.999998 2019 
5.080000e+00 72 NaN 2008 
5.080000e+00 72 187.428868 2009 
5.080000e+00 72 173.879823 2010 
5.080000e+00 72 219.748210 2011 
5.080000e+00 72 154.000000 2012 
5.080000e+00 72 181.009619 2013 
5.080000e+00 72 222.999765 2014 
5.080000e+00 72 137.063339 2015 
5.080000e+00 72 139.000000 2016 
5.080000e+00 72 146.483988 2017 
5.080000e+00 72 274.000000 2018 
5.080000e+00 72 174.000004 2019 
5.080000e+00 76 NaN 2015 
5.080000e+00 76 110.200048 2016 
5.080000e+00 76 NaN 2017 
5.080000e+00 76 83.999982 2018 
5.080000e+00 76 141.813949 2019 
5.080000e+00 77 194.573157 2010 
5.080000e+00 77 225.435350 2011 
5.080000e+00 77 NaN 2012 
5.080000e+00 77 167.327250 2013 
5.080000e+00 77 187.546179 2014 
5.080000e+00 77 164.000000 2015 
5.080000e+00 77 160.000000 2016 
5.080000e+00 77 155.241100 2017 
5.080000e+00 77 214.000381 2018 
5.080000e+00 77 195.000186 2019 
5.080000e+00 78 NaN 2010 
5.080000e+00 78 179.000585 2011 
5.080000e+00 78 179.972740 2012 
5.080000e+00 78 170.000012 2013 
5.080000e+00 78 113.000032 2014 
5.080000e+00 78 194.558108 2015 
5.080000e+00 78 146.000000 2016 
5.080000e+00 78 185.301614 2017 
5.080000e+00 78 NaN 2018 
5.080000e+00 79 212.788539 2012 
5.080000e+00 79 215.965058 2013 
5.080000e+00 79 180.999986 2014 
5.080000e+00 79 202.034918 2015 
5.080000e+00 79 NaN 2016 
5.080000e+00 80 -169.000102 2009 
5.080000e+00 80 -168.336385 2010 
5.080000e+00 80 -167.866306 2011 
5.080000e+00 80 -179.600645 2012 
5.080000e+00 80 -77.273615 2013 
5.080000e+00 80 -73.495979 2014 
5.080000e+00 80 -107.000000 2015 
5.080000e+00 80 -163.310099 2016 
5.080000e+00 81 NaN 2016 
5.080000e+00 81 -182.710837 2017 
5.080000e+00 82 160.772166 2010 
5.080000e+00 82 168.558889 2011 
5.080000e+00 82 175.999837 2012 
5.080000e+00 82 175.535340 2013 
5.080000e+00 82 171.000000 2014 
5.080000e+00 82 160.000000 2015 
5.080000e+00 82 195.999987 2016 
5.080000e+00 82 193.661192 2017 
5.080000e+00 82 NaN 2018 
5.080000e+00 82 203.999020 2019 
5.080000e+00 83 NaN 2010 
5.080000e+00 83 178.325490 2011 
5.080000e+00 83 205.999907 2012 
5.080000e+00 83 162.914600 2013 
5.080000e+00 83 188.678816 2014 
5.080000e+00 83 196.207831 2015 
5.080000e+00 83 172.000000 2016 
5.080000e+00 83 161.443918 2017 
5.080000e+00 83 209.999999 2018 
5.080000e+00 83 187.591547 2019 
5.080000e+00 84 NaN 2014 
5.080000e+00 84 201.529302 2015 
5.080000e+00 84 257.000000 2016 
5.080000e+00 84 177.000000 2017 
5.080000e+00 84 212.000000 2018 
5.080000e+00 85 NaN 2007 
5.080000e+00 85 179.304425 2008 
5.080000e+00 85 126.534743 2009 
5.080000e+00 85 182.299354 2010 
5.080000e+00 85 187.481768 2011 
5.080000e+00 85 209.000000 2012 
5.080000e+00 85 225.422023 2013 
5.080000e+00 85 189.485991 2014 
5.080000e+00 85 162.844385 2015 
5.080000e+00 85 176.304311 2016 
5.080000e+00 85 NaN 2017 
5.080000e+00 85 381.909519 2018 
5.080000e+00 85 279.999449 2019 
5.080000e+00 86 NaN 2014 
5.080000e+00 86 148.441258 2015 
5.080000e+00 86 176.281782 2016 
5.080000e+00 86 NaN 2017 
5.080000e+00 86 NaN 2018 
5.080000e+00 86 279.999607 2019 
5.080000e+00 87 247.390344 2010 
5.080000e+00 87 181.804270 2011 
5.080000e+00 87 163.000000 2012 
5.080000e+00 87 182.811344 2013 
5.080000e+00 87 146.000000 2014 
5.080000e+00 87 156.000036 2015 
5.080000e+00 87 172.854143 2016 
5.080000e+00 87 141.438436 2017 
5.080000e+00 87 205.317477 2018 
5.080000e+00 87 NaN 2019 
5.080000e+00 88 NaN 2010 
5.080000e+00 88 187.999999 2011 
5.080000e+00 88 NaN 2012 
5.080000e+00 88 165.668847 2013 
5.080000e+00 88 176.000000 2014 
5.080000e+00 88 205.671168 2015 
5.080000e+00 88 154.999814 2016 
5.080000e+00 88 159.000000 2017 
5.080000e+00 88 211.000122 2018 
5.080000e+00 88 198.768359 2019 
5.080000e+00 89 NaN 2006 
5.080000e+00 89 192.860130 2007 
5.080000e+00 89 189.547901 2008 
5.080000e+00 89 149.999995 2009 
5.080000e+00 89 187.865391 2010 
5.080000e+00 89 147.579538 2011 
5.080000e+00 89 302.001081 2012 
5.080000e+00 89 177.000000 2013 
5.080000e+00 89 221.000000 2014 
5.080000e+00 89 168.107780 2015 
5.080000e+00 89 178.115765 2016 
5.080000e+00 89 204.000011 2017 
5.080000e+00 89 232.999952 2018 
5.080000e+00 89 231.000000 2019 
5.080000e+00 90 196.033950 2001 
5.080000e+00 90 163.000000 2002 
5.080000e+00 90 197.345542 2003 
5.080000e+00 90 NaN 2004 
5.080000e+00 90 175.881880 2005 
5.080000e+00 90 218.114389 2006 
5.080000e+00 90 178.510023 2007 
5.080000e+00 90 185.976283 2008 
5.080000e+00 90 182.000043 2009 
5.080000e+00 90 144.329666 2010 
5.080000e+00 90 50.000010 2011 
5.080000e+00 90 165.402057 2012 
5.080000e+00 90 187.859539 2013 
5.080000e+00 90 NaN 2014 
5.080000e+00 90 NaN 2015 
5.080000e+00 90 143.931954 2016 
5.080000e+00 90 179.000000 2017 
5.080000e+00 90 197.999995 2018 
5.080000e+00 90 64.108620 2019 
5.080000e+00 91 NaN 2005 
5.080000e+00 91 53.281077 2006 
5.080000e+00 91 159.496979 2007 
5.080000e+00 91 35.021805 2008 
5.080000e+00 91 50.000000 2009 
5.080000e+00 91 201.353235 2010 
5.080000e+00 91 33.064964 2011 
5.080000e+00 91 123.464310 2012 
5.080000e+00 91 55.550560 2013 
5.080000e+00 91 NaN 2014 
10 1 206.000000 2001 
10 1 177.091782 2001 
10 1 226.224300 2002 
10 1 184.466738 2003 
10 1 190.589011 2004 
10 1 190.514317 2005 
10 1 NaN 2006 
10 1 153.000000 2007 
10 1 180.997569 2008 
10 1 162.042190 2009 
10 1 184.345616 2010 
10 1 163.555759 2011 
10 1 181.862143 2012 
10 1 180.000034 2013 
10 1 173.000006 2014 
10 1 160.000012 2015 
10 1 162.812576 2016 
10 1 162.351321 2017 
10 1 209.812196 2018 
10 1 191.304929 2019 
