5.080000e+00 1 NaT 2001 
5.080000e+00 1 01-Jun-2000 2001 
5.080000e+00 1 NaT 2002 
5.080000e+00 1 17-Jun-2002 2003 
5.080000e+00 2 NaT 2004 
5.080000e+00 2 01-Jul-2004 2005 
5.080000e+00 2 NaT 2006 
5.080000e+00 2 26-Apr-2006 2007 
5.080000e+00 2 NaT 2008 
5.080000e+00 2 08-Jun-2008 2009 
5.080000e+00 2 10-Jun-2009 2010 
5.080000e+00 2 13-Jun-2010 2011 
5.080000e+00 2 14-Jul-2011 2012 
5.080000e+00 2 NaT 2013 
5.080000e+00 2 20-Jun-2013 2014 
5.080000e+00 2 NaT 2015 
5.080000e+00 2 NaT 2016 
5.080000e+00 2 NaT 2017 
5.080000e+00 2 NaT 2018 
5.080000e+00 2 22-Jun-2018 2019 
5.080000e+00 3 10-Jan-2015 2016 
5.080000e+00 3 20-Aug-2015 2017 
5.080000e+00 3 NaT 2018 
5.080000e+00 4 NaT 2005 
5.080000e+00 4 NaT 2006 
5.080000e+00 4 29-Jul-2006 2007 
5.080000e+00 4 NaT 2008 
5.080000e+00 4 NaT 2009 
5.080000e+00 4 04-Sep-2009 2010 
5.080000e+00 4 25-Oct-2010 2011 
5.080000e+00 4 13-Aug-2011 2012 
5.080000e+00 4 20-Aug-2012 2013 
5.080000e+00 4 NaT 2014 
5.080000e+00 4 NaT 2015 
5.080000e+00 4 14-Sep-2015 2016 
5.080000e+00 5 NaT 2001 
5.080000e+00 5 30-Sep-2000 2001 
5.080000e+00 5 NaT 2002 
5.080000e+00 5 03-Dec-2002 2003 
5.080000e+00 5 NaT 2004 
5.080000e+00 5 14-Oct-2004 2005 
5.080000e+00 9 NaT 2008 
5.080000e+00 9 04-Feb-2008 2009 
5.080000e+00 9 16-Nov-2008 2010 
5.080000e+00 9 NaT 2011 
5.080000e+00 9 NaT 2012 
5.080000e+00 9 29-Aug-2011 2013 
5.080000e+00 9 NaT 2014 
5.080000e+00 9 NaT 2015 
5.080000e+00 9 16-Nov-2014 2016 
5.080000e+00 9 12-Sep-2015 2017 
5.080000e+00 9 09-Sep-2016 2018 
5.080000e+00 9 NaT 2019 
5.080000e+00 9 19-Oct-2018 2020 
5.080000e+00 10 NaT 2008 
5.080000e+00 10 11-Nov-2007 2009 
5.080000e+00 10 16-Oct-2008 2010 
5.080000e+00 10 NaT 2011 
5.080000e+00 10 NaT 2012 
5.080000e+00 10 25-Aug-2011 2013 
5.080000e+00 10 NaT 2014 
5.080000e+00 10 03-Aug-2013 2015 
5.080000e+00 10 23-Aug-2014 2016 
5.080000e+00 10 NaT 2017 
5.080000e+00 10 07-Oct-2016 2018 
5.080000e+00 10 06-Dec-2017 2019 
5.080000e+00 10 16-Sep-2018 2020 
5.080000e+00 11 NaT 2015 
5.080000e+00 11 NaT 2016 
5.080000e+00 11 24-Sep-2015 2017 
5.080000e+00 11 10-Oct-2016 2018 
5.080000e+00 11 20-Dec-2017 2019 
5.080000e+00 11 20-Oct-2018 2020 
5.080000e+00 12 NaT 2007 
5.080000e+00 12 NaT 2008 
5.080000e+00 12 01-Feb-2008 2009 
5.080000e+00 12 27-Oct-2008 2010 
5.080000e+00 12 NaT 2011 
5.080000e+00 12 22-Dec-2010 2012 
5.080000e+00 12 02-Mar-2012 2013 
5.080000e+00 12 15-Sep-2012 2014 
5.080000e+00 12 09-Sep-2013 2015 
5.080000e+00 13 NaT 2016 
5.080000e+00 13 21-Jan-2016 2017 
5.080000e+00 13 NaT 2018 
5.080000e+00 13 NaT 2019 
5.080000e+00 14 NaT 2014 
5.080000e+00 14 NaT 2015 
5.080000e+00 14 NaT 2016 
5.080000e+00 14 04-Sep-2015 2017 
5.080000e+00 14 02-Dec-2016 2018 
5.080000e+00 14 NaT 2019 
5.080000e+00 14 26-Sep-2018 2020 
5.080000e+00 15 NaT 2005 
5.080000e+00 15 NaT 2006 
5.080000e+00 15 01-Mar-2006 2007 
5.080000e+00 15 NaT 2008 
5.080000e+00 15 13-Apr-2008 2009 
5.080000e+00 15 NaT 2010 
5.080000e+00 15 NaT 2011 
5.080000e+00 15 NaT 2012 
5.080000e+00 15 NaT 2013 
5.080000e+00 15 14-May-2013 2014 
5.080000e+00 17 NaT 2014 
5.080000e+00 17 NaT 2015 
5.080000e+00 17 NaT 2016 
5.080000e+00 17 21-Sep-2015 2017 
5.080000e+00 17 13-Dec-2016 2018 
5.080000e+00 17 NaT 2019 
5.080000e+00 17 15-Dec-2018 2020 
5.080000e+00 19 NaT 2013 
5.080000e+00 19 28-Jul-2013 2014 
5.080000e+00 21 NaT 2007 
5.080000e+00 21 24-Jun-2007 2008 
5.080000e+00 21 28-Nov-2008 2009 
5.080000e+00 21 24-Nov-2009 2010 
5.080000e+00 21 31-Aug-2010 2011 
5.080000e+00 21 NaT 2012 
5.080000e+00 21 NaT 2013 
5.080000e+00 21 NaT 2014 
5.080000e+00 21 22-Aug-2014 2015 
5.080000e+00 21 25-Aug-2015 2016 
5.080000e+00 21 23-Sep-2016 2017 
5.080000e+00 21 11-Nov-2017 2018 
5.080000e+00 21 09-Nov-2018 2019 
5.080000e+00 22 NaT 2008 
5.080000e+00 22 29-Aug-2007 2009 
5.080000e+00 22 14-Sep-2008 2010 
5.080000e+00 22 23-Sep-2009 2011 
5.080000e+00 22 31-Aug-2010 2012 
5.080000e+00 22 16-Oct-2011 2013 
5.080000e+00 22 25-Sep-2012 2014 
5.080000e+00 22 NaT 2015 
5.080000e+00 22 31-Jul-2014 2016 
5.080000e+00 22 25-Oct-2015 2017 
5.080000e+00 22 13-Oct-2016 2018 
5.080000e+00 22 25-Aug-2017 2019 
5.080000e+00 22 13-Sep-2018 2020 
5.080000e+00 24 NaT 2012 
5.080000e+00 24 NaT 2013 
5.080000e+00 24 NaT 2014 
5.080000e+00 24 NaT 2015 
5.080000e+00 24 NaT 2016 
5.080000e+00 24 13-Nov-2016 2017 
5.080000e+00 24 NaT 2018 
5.080000e+00 25 NaT 2001 
5.080000e+00 25 29-Jan-2000 2001 
5.080000e+00 25 07-Feb-2001 2002 
5.080000e+00 25 12-Feb-2002 2003 
5.080000e+00 25 17-Feb-2003 2004 
5.080000e+00 26 NaT 2005 
5.080000e+00 26 12-Feb-2005 2006 
5.080000e+00 26 05-Dec-2005 2007 
5.080000e+00 26 NaT 2008 
5.080000e+00 26 20-Aug-2007 2009 
5.080000e+00 26 18-Oct-2008 2010 
5.080000e+00 26 21-Aug-2009 2011 
5.080000e+00 26 10-Feb-2011 2012 
5.080000e+00 26 28-Jan-2012 2013 
5.080000e+00 26 15-Sep-2012 2014 
5.080000e+00 26 NaT 2015 
5.080000e+00 26 NaT 2016 
5.080000e+00 26 NaT 2017 
5.080000e+00 26 14-Jan-2017 2018 
5.080000e+00 26 NaT 2019 
5.080000e+00 27 NaT 2011 
5.080000e+00 27 03-Sep-2010 2012 
5.080000e+00 27 06-Dec-2011 2013 
5.080000e+00 27 NaT 2014 
5.080000e+00 27 NaT 2015 
5.080000e+00 27 18-Dec-2014 2016 
5.080000e+00 27 NaT 2017 
5.080000e+00 27 19-Dec-2016 2018 
5.080000e+00 27 17-Dec-2017 2019 
5.080000e+00 27 26-Aug-2018 2020 
5.080000e+00 28 NaT 2007 
5.080000e+00 28 11-Jan-2008 2008 
5.080000e+00 28 14-Aug-2008 2009 
5.080000e+00 28 NaT 2010 
5.080000e+00 28 19-Jun-2010 2011 
5.080000e+00 28 17-Sep-2011 2012 
5.080000e+00 28 20-Aug-2012 2013 
5.080000e+00 28 NaT 2014 
5.080000e+00 28 NaT 2015 
5.080000e+00 28 18-Sep-2015 2016 
5.080000e+00 28 06-Jul-2016 2017 
5.080000e+00 28 NaT 2018 
5.080000e+00 28 NaT 2019 
5.080000e+00 29 NaT 2011 
5.080000e+00 29 29-Sep-2010 2012 
5.080000e+00 29 19-Dec-2011 2013 
5.080000e+00 29 29-Sep-2012 2014 
5.080000e+00 29 20-Dec-2013 2015 
5.080000e+00 29 05-Jul-2014 2016 
5.080000e+00 29 16-Aug-2015 2017 
5.080000e+00 29 19-Aug-2016 2018 
5.080000e+00 29 27-Aug-2017 2019 
5.080000e+00 29 25-Aug-2018 2020 
5.080000e+00 30 NaT 2010 
5.080000e+00 30 01-Aug-2010 2011 
5.080000e+00 30 NaT 2012 
5.080000e+00 30 NaT 2013 
5.080000e+00 30 NaT 2014 
5.080000e+00 30 19-Jul-2014 2015 
5.080000e+00 30 24-Sep-2015 2016 
5.080000e+00 30 25-Nov-2016 2017 
5.080000e+00 30 05-Nov-2017 2018 
5.080000e+00 30 27-Aug-2018 2019 
5.080000e+00 31 NaT 2011 
5.080000e+00 31 24-Aug-2010 2012 
5.080000e+00 31 21-Aug-2011 2013 
5.080000e+00 31 25-Dec-2012 2014 
5.080000e+00 31 NaT 2015 
5.080000e+00 31 25-Nov-2014 2016 
5.080000e+00 31 13-Sep-2015 2017 
5.080000e+00 31 NaT 2018 
5.080000e+00 31 NaT 2019 
5.080000e+00 31 12-Sep-2018 2020 
5.080000e+00 33 NaT 2006 
5.080000e+00 33 05-Dec-2005 2007 
5.080000e+00 33 18-Jan-2007 2008 
5.080000e+00 33 05-Jan-2008 2009 
5.080000e+00 35 NaT 2008 
5.080000e+00 35 04-Feb-2008 2009 
5.080000e+00 35 NaT 2010 
5.080000e+00 35 06-Feb-2010 2011 
5.080000e+00 35 21-Feb-2011 2012 
5.080000e+00 35 NaT 2013 
5.080000e+00 35 NaT 2014 
5.080000e+00 35 19-Feb-2014 2015 
5.080000e+00 35 NaT 2016 
5.080000e+00 35 24-Jan-2016 2017 
5.080000e+00 35 NaT 2018 
5.080000e+00 35 22-Feb-2018 2019 
5.080000e+00 35 25-Feb-2019 2020 
5.080000e+00 36 NaT 2009 
5.080000e+00 36 29-Aug-2009 2010 
5.080000e+00 36 06-Oct-2010 2011 
5.080000e+00 36 NaT 2012 
5.080000e+00 36 25-Oct-2012 2013 
5.080000e+00 36 NaT 2014 
5.080000e+00 36 30-Aug-2014 2015 
5.080000e+00 36 19-Sep-2015 2016 
5.080000e+00 36 NaT 2017 
5.080000e+00 36 24-Jul-2017 2018 
5.080000e+00 36 28-Aug-2018 2019 
5.080000e+00 37 NaT 2010 
5.080000e+00 37 NaT 2011 
5.080000e+00 37 NaT 2012 
5.080000e+00 37 NaT 2013 
5.080000e+00 37 10-Jun-2013 2014 
5.080000e+00 37 29-May-2014 2015 
5.080000e+00 37 NaT 2016 
5.080000e+00 37 NaT 2017 
5.080000e+00 37 NaT 2018 
5.080000e+00 37 NaT 2019 
5.080000e+00 38 NaT 2010 
5.080000e+00 38 NaT 2011 
5.080000e+00 38 NaT 2012 
5.080000e+00 38 NaT 2013 
5.080000e+00 38 10-Jun-2013 2014 
5.080000e+00 38 02-Jun-2014 2015 
5.080000e+00 38 NaT 2016 
5.080000e+00 38 29-Apr-2016 2017 
5.080000e+00 38 12-May-2017 2018 
5.080000e+00 38 26-May-2018 2019 
5.080000e+00 39 NaT 2010 
5.080000e+00 39 NaT 2011 
5.080000e+00 39 14-Jun-2011 2012 
5.080000e+00 39 NaT 2013 
5.080000e+00 39 08-Jun-2013 2014 
5.080000e+00 39 04-Jun-2014 2015 
5.080000e+00 39 10-Jul-2015 2016 
5.080000e+00 39 02-Jul-2016 2017 
5.080000e+00 39 NaT 2018 
5.080000e+00 39 20-Jun-2018 2019 
5.080000e+00 40 NaT 2014 
5.080000e+00 40 13-Oct-2013 2015 
5.080000e+00 40 11-Nov-2014 2016 
5.080000e+00 40 18-Dec-2015 2017 
5.080000e+00 40 08-Sep-2016 2018 
5.080000e+00 40 NaT 2019 
5.080000e+00 40 09-Nov-2018 2020 
5.080000e+00 41 NaT 2008 
5.080000e+00 41 03-Dec-2008 2009 
5.080000e+00 41 10-Sep-2009 2010 
5.080000e+00 41 10-Sep-2010 2011 
5.080000e+00 41 08-Nov-2011 2012 
5.080000e+00 42 NaT 2013 
5.080000e+00 42 15-Oct-2013 2014 
5.080000e+00 42 NaT 2015 
5.080000e+00 42 NaT 2016 
5.080000e+00 42 20-Nov-2016 2017 
5.080000e+00 42 NaT 2018 
5.080000e+00 42 31-Oct-2018 2019 
5.080000e+00 44 NaT 2007 
5.080000e+00 44 27-Jan-2007 2008 
5.080000e+00 44 23-Jan-2008 2009 
5.080000e+00 44 07-Feb-2009 2010 
5.080000e+00 44 06-Feb-2010 2011 
5.080000e+00 44 23-Jan-2011 2012 
5.080000e+00 44 NaT 2013 
5.080000e+00 44 06-Feb-2013 2014 
5.080000e+00 44 11-Mar-2014 2015 
5.080000e+00 44 30-Dec-2014 2016 
5.080000e+00 46 NaT 2011 
5.080000e+00 46 NaT 2012 
5.080000e+00 47 NaT 2005 
5.080000e+00 47 NaT 2006 
5.080000e+00 47 NaT 2007 
5.080000e+00 47 06-Nov-2006 2008 
5.080000e+00 47 09-Nov-2007 2009 
5.080000e+00 47 NaT 2010 
5.080000e+00 47 03-Nov-2009 2011 
5.080000e+00 48 NaT 2016 
5.080000e+00 48 06-Aug-2016 2017 
5.080000e+00 48 NaT 2018 
5.080000e+00 48 12-May-2018 2019 
5.080000e+00 49 NaT 2001 
5.080000e+00 49 30-Sep-2000 2001 
5.080000e+00 49 05-Oct-2001 2002 
5.080000e+00 49 15-Oct-2002 2003 
5.080000e+00 49 09-Nov-2003 2004 
5.080000e+00 49 30-Aug-2004 2005 
5.080000e+00 49 14-Oct-2005 2006 
5.080000e+00 50 NaT 2008 
5.080000e+00 50 01-Sep-2007 2009 
5.080000e+00 50 17-Oct-2008 2010 
5.080000e+00 50 05-Sep-2009 2011 
5.080000e+00 50 16-Aug-2010 2012 
5.080000e+00 50 20-Aug-2011 2013 
5.080000e+00 50 26-Sep-2012 2014 
5.080000e+00 50 NaT 2015 
5.080000e+00 50 09-Dec-2014 2016 
5.080000e+00 50 22-Oct-2015 2017 
5.080000e+00 50 27-Dec-2016 2018 
5.080000e+00 50 06-Oct-2017 2019 
5.080000e+00 50 27-Oct-2018 2020 
5.080000e+00 51 NaT 2010 
5.080000e+00 51 NaT 2011 
5.080000e+00 51 NaT 2012 
5.080000e+00 51 NaT 2013 
5.080000e+00 51 NaT 2014 
5.080000e+00 51 NaT 2015 
5.080000e+00 51 NaT 2016 
5.080000e+00 51 15-Jul-2016 2017 
5.080000e+00 51 12-Jun-2017 2018 
5.080000e+00 51 30-Jul-2018 2019 
5.080000e+00 52 NaT 2010 
5.080000e+00 52 NaT 2011 
5.080000e+00 52 16-Jun-2011 2012 
5.080000e+00 52 NaT 2013 
5.080000e+00 52 NaT 2014 
5.080000e+00 52 NaT 2015 
5.080000e+00 52 20-Sep-2015 2016 
5.080000e+00 52 29-Aug-2016 2017 
5.080000e+00 52 NaT 2018 
5.080000e+00 52 01-May-2018 2019 
5.080000e+00 53 NaT 2008 
5.080000e+00 53 05-Oct-2008 2009 
5.080000e+00 53 18-Nov-2009 2010 
5.080000e+00 53 28-Aug-2010 2011 
5.080000e+00 53 03-Aug-2011 2012 
5.080000e+00 54 NaT 2014 
5.080000e+00 54 NaT 2015 
5.080000e+00 54 19-Nov-2014 2016 
5.080000e+00 54 25-Aug-2015 2017 
5.080000e+00 54 21-Nov-2016 2018 
5.080000e+00 54 02-Dec-2017 2019 
5.080000e+00 54 20-Oct-2018 2020 
5.080000e+00 55 NaT 2007 
5.080000e+00 55 NaT 2008 
5.080000e+00 55 27-Sep-2007 2009 
5.080000e+00 55 25-Sep-2008 2010 
5.080000e+00 55 20-Dec-2009 2011 
5.080000e+00 55 14-Sep-2010 2012 
5.080000e+00 55 27-Nov-2011 2013 
5.080000e+00 55 29-Dec-2012 2014 
5.080000e+00 55 10-Oct-2013 2015 
5.080000e+00 55 29-Nov-2014 2016 
5.080000e+00 55 06-Oct-2015 2017 
5.080000e+00 55 05-Sep-2016 2018 
5.080000e+00 55 21-Dec-2017 2019 
5.080000e+00 55 27-Aug-2018 2020 
5.080000e+00 56 NaT 2010 
5.080000e+00 56 NaT 2011 
5.080000e+00 56 14-Sep-2010 2012 
5.080000e+00 56 NaT 2013 
5.080000e+00 56 NaT 2014 
5.080000e+00 56 NaT 2015 
5.080000e+00 56 NaT 2016 
5.080000e+00 56 NaT 2017 
5.080000e+00 56 12-Nov-2016 2018 
5.080000e+00 56 08-Oct-2017 2019 
5.080000e+00 56 31-Oct-2018 2020 
5.080000e+00 57 NaT 2007 
5.080000e+00 57 NaT 2008 
5.080000e+00 57 10-Aug-2008 2009 
5.080000e+00 57 27-Sep-2009 2010 
5.080000e+00 57 NaT 2011 
5.080000e+00 57 NaT 2012 
5.080000e+00 57 NaT 2013 
5.080000e+00 57 17-Jul-2013 2014 
5.080000e+00 57 09-Sep-2014 2015 
5.080000e+00 57 17-Sep-2015 2016 
5.080000e+00 57 NaT 2017 
5.080000e+00 57 NaT 2018 
5.080000e+00 57 01-Sep-2018 2019 
5.080000e+00 58 NaT 2008 
5.080000e+00 58 01-Sep-2007 2009 
5.080000e+00 58 03-Sep-2008 2010 
5.080000e+00 58 06-Nov-2009 2011 
5.080000e+00 58 14-Sep-2010 2012 
5.080000e+00 58 19-Aug-2011 2013 
5.080000e+00 58 07-Sep-2012 2014 
5.080000e+00 58 17-Oct-2013 2015 
5.080000e+00 58 NaT 2016 
5.080000e+00 58 12-Sep-2015 2017 
5.080000e+00 58 13-Dec-2016 2018 
5.080000e+00 58 17-Dec-2017 2019 
5.080000e+00 58 10-Dec-2018 2020 
5.080000e+00 59 NaT 2007 
5.080000e+00 59 15-Jan-2007 2008 
5.080000e+00 59 01-Jan-2008 2009 
5.080000e+00 59 24-Sep-2008 2010 
5.080000e+00 59 08-Sep-2009 2011 
5.080000e+00 59 07-Oct-2010 2012 
5.080000e+00 59 01-Sep-2011 2013 
5.080000e+00 59 15-Sep-2012 2014 
5.080000e+00 59 21-Aug-2013 2015 
5.080000e+00 59 NaT 2016 
5.080000e+00 59 18-Oct-2015 2017 
5.080000e+00 59 NaT 2018 
5.080000e+00 59 24-Aug-2017 2019 
5.080000e+00 59 01-Sep-2018 2020 
5.080000e+00 60 NaT 2014 
5.080000e+00 60 NaT 2015 
5.080000e+00 60 08-Oct-2015 2016 
5.080000e+00 60 14-Sep-2016 2017 
5.080000e+00 60 25-Oct-2017 2018 
5.080000e+00 60 05-Nov-2018 2019 
5.080000e+00 61 NaT 2008 
5.080000e+00 61 28-Jan-2008 2009 
5.080000e+00 61 02-Jan-2009 2010 
5.080000e+00 61 12-Feb-2010 2011 
5.080000e+00 61 04-Sep-2010 2012 
5.080000e+00 61 NaT 2013 
5.080000e+00 61 27-Jan-2013 2014 
5.080000e+00 61 17-Jan-2014 2015 
5.080000e+00 61 08-Jan-2015 2016 
5.080000e+00 61 NaT 2017 
5.080000e+00 61 NaT 2018 
5.080000e+00 61 NaT 2019 
5.080000e+00 61 NaT 2020 
5.080000e+00 62 NaT 2008 
5.080000e+00 62 23-Jan-2008 2009 
5.080000e+00 62 15-Jan-2009 2010 
5.080000e+00 62 23-Sep-2009 2011 
5.080000e+00 62 14-Sep-2010 2012 
5.080000e+00 62 NaT 2013 
5.080000e+00 62 NaT 2014 
5.080000e+00 62 02-Jan-2014 2015 
5.080000e+00 62 NaT 2016 
5.080000e+00 62 08-Sep-2015 2017 
5.080000e+00 62 14-Dec-2016 2018 
5.080000e+00 62 19-Jan-2018 2019 
5.080000e+00 63 NaT 2001 
5.080000e+00 63 28-Jan-2000 2001 
5.080000e+00 63 07-Jan-2001 2002 
5.080000e+00 63 13-Feb-2002 2003 
5.080000e+00 63 NaT 2004 
5.080000e+00 63 03-Dec-2003 2005 
5.080000e+00 63 03-Jan-2005 2006 
5.080000e+00 63 NaT 2007 
5.080000e+00 65 NaT 2011 
5.080000e+00 65 NaT 2012 
5.080000e+00 65 22-Aug-2011 2013 
5.080000e+00 65 NaT 2014 
5.080000e+00 65 NaT 2015 
5.080000e+00 65 NaT 2016 
5.080000e+00 65 04-Aug-2015 2017 
5.080000e+00 65 NaT 2018 
5.080000e+00 65 15-Feb-2018 2019 
5.080000e+00 65 20-Sep-2018 2020 
5.080000e+00 66 NaT 2010 
5.080000e+00 66 NaT 2011 
5.080000e+00 66 NaT 2012 
5.080000e+00 66 NaT 2013 
5.080000e+00 66 29-Dec-2013 2014 
5.080000e+00 66 02-Sep-2014 2015 
5.080000e+00 66 NaT 2016 
5.080000e+00 66 27-Aug-2016 2017 
5.080000e+00 66 31-Aug-2017 2018 
5.080000e+00 66 NaT 2019 
5.080000e+00 67 NaT 2007 
5.080000e+00 67 13-Jan-2008 2008 
5.080000e+00 67 07-Sep-2008 2009 
5.080000e+00 67 22-Nov-2009 2010 
5.080000e+00 67 16-Nov-2010 2011 
5.080000e+00 67 NaT 2012 
5.080000e+00 67 NaT 2013 
5.080000e+00 67 02-Aug-2013 2014 
5.080000e+00 67 17-Dec-2014 2015 
5.080000e+00 67 29-Aug-2015 2016 
5.080000e+00 67 27-Nov-2016 2017 
5.080000e+00 67 NaT 2018 
5.080000e+00 68 NaT 2010 
5.080000e+00 68 28-Jan-2010 2011 
5.080000e+00 68 09-Sep-2010 2012 
5.080000e+00 68 12-Aug-2011 2013 
5.080000e+00 68 20-Oct-2012 2014 
5.080000e+00 68 NaT 2015 
5.080000e+00 68 31-Aug-2014 2016 
5.080000e+00 68 27-Sep-2015 2017 
5.080000e+00 68 27-Sep-2016 2018 
5.080000e+00 68 10-Aug-2017 2019 
5.080000e+00 68 20-Aug-2018 2020 
5.080000e+00 69 NaT 2006 
5.080000e+00 69 01-Mar-2006 2007 
5.080000e+00 69 08-Nov-2006 2008 
5.080000e+00 69 22-Nov-2007 2009 
5.080000e+00 69 NaT 2010 
5.080000e+00 69 08-Nov-2009 2011 
5.080000e+00 71 NaT 2009 
5.080000e+00 71 11-Sep-2008 2010 
5.080000e+00 71 19-Dec-2009 2011 
5.080000e+00 71 05-Sep-2010 2012 
5.080000e+00 71 12-Dec-2011 2013 
5.080000e+00 71 08-Oct-2012 2014 
5.080000e+00 71 28-Jan-2014 2015 
5.080000e+00 71 10-Oct-2014 2016 
5.080000e+00 71 26-Oct-2015 2017 
5.080000e+00 71 17-Nov-2016 2018 
5.080000e+00 71 14-Dec-2017 2019 
5.080000e+00 72 NaT 2009 
5.080000e+00 72 26-Aug-2008 2010 
5.080000e+00 72 14-Dec-2009 2011 
5.080000e+00 72 03-Sep-2010 2012 
5.080000e+00 72 08-Dec-2011 2013 
5.080000e+00 72 30-Sep-2012 2014 
5.080000e+00 72 26-Feb-2014 2015 
5.080000e+00 72 10-Oct-2014 2016 
5.080000e+00 72 20-Oct-2015 2017 
5.080000e+00 72 14-Nov-2016 2018 
5.080000e+00 72 18-Oct-2017 2019 
5.080000e+00 76 NaT 2014 
5.080000e+00 76 15-Oct-2014 2015 
5.080000e+00 76 29-Sep-2015 2016 
5.080000e+00 76 NaT 2017 
5.080000e+00 76 26-Jul-2017 2018 
5.080000e+00 76 18-Aug-2018 2019 
5.080000e+00 77 NaT 2010 
5.080000e+00 77 11-Sep-2010 2011 
5.080000e+00 77 NaT 2012 
5.080000e+00 77 26-Nov-2012 2013 
5.080000e+00 77 25-May-2013 2014 
5.080000e+00 77 NaT 2015 
5.080000e+00 77 21-Aug-2015 2016 
5.080000e+00 77 13-Jul-2016 2017 
5.080000e+00 77 NaT 2018 
5.080000e+00 77 04-Aug-2018 2019 
5.080000e+00 78 NaT 2010 
5.080000e+00 78 01-Jul-2010 2011 
5.080000e+00 78 04-Jun-2011 2012 
5.080000e+00 78 15-Jun-2012 2013 
5.080000e+00 78 13-Jun-2013 2014 
5.080000e+00 78 22-Jun-2014 2015 
5.080000e+00 78 15-Jun-2015 2016 
5.080000e+00 78 NaT 2017 
5.080000e+00 78 NaT 2018 
5.080000e+00 79 NaT 2012 
5.080000e+00 79 NaT 2013 
5.080000e+00 79 01-Jul-2013 2014 
5.080000e+00 79 NaT 2015 
5.080000e+00 79 NaT 2016 
5.080000e+00 79 NaT 2017 
5.080000e+00 80 NaT 2008 
5.080000e+00 80 06-Feb-2008 2009 
5.080000e+00 80 NaT 2010 
5.080000e+00 80 14-Feb-2010 2011 
5.080000e+00 80 16-Feb-2011 2012 
5.080000e+00 80 19-Feb-2012 2013 
5.080000e+00 80 08-Mar-2013 2014 
5.080000e+00 80 17-Feb-2014 2015 
5.080000e+00 81 NaT 2016 
5.080000e+00 82 NaT 2010 
5.080000e+00 82 07-Oct-2010 2011 
5.080000e+00 82 NaT 2012 
5.080000e+00 82 NaT 2013 
5.080000e+00 82 10-Aug-2013 2014 
5.080000e+00 82 26-Jul-2014 2015 
5.080000e+00 82 09-Aug-2015 2016 
5.080000e+00 82 16-Aug-2016 2017 
5.080000e+00 82 31-Dec-2017 2018 
5.080000e+00 82 14-Sep-2018 2019 
5.080000e+00 83 NaT 2010 
5.080000e+00 83 NaT 2011 
5.080000e+00 83 NaT 2012 
5.080000e+00 83 NaT 2013 
5.080000e+00 83 NaT 2014 
5.080000e+00 83 16-Dec-2014 2015 
5.080000e+00 83 NaT 2016 
5.080000e+00 83 NaT 2017 
5.080000e+00 83 NaT 2018 
5.080000e+00 83 NaT 2019 
5.080000e+00 84 NaT 2015 
5.080000e+00 84 08-Nov-2014 2016 
5.080000e+00 84 04-Dec-2015 2017 
5.080000e+00 84 06-Nov-2016 2018 
5.080000e+00 84 23-Dec-2017 2019 
5.080000e+00 85 NaT 2008 
5.080000e+00 85 11-Jan-2008 2009 
5.080000e+00 85 05-Sep-2008 2010 
5.080000e+00 85 22-Nov-2009 2011 
5.080000e+00 85 11-Sep-2010 2012 
5.080000e+00 85 21-Aug-2011 2013 
5.080000e+00 85 29-Dec-2012 2014 
5.080000e+00 85 NaT 2015 
5.080000e+00 85 12-Nov-2014 2016 
5.080000e+00 85 16-Sep-2015 2017 
5.080000e+00 85 06-Sep-2016 2018 
5.080000e+00 85 20-Dec-2017 2019 
5.080000e+00 85 24-Oct-2018 2020 
5.080000e+00 86 NaT 2015 
5.080000e+00 86 NaT 2016 
5.080000e+00 86 15-Sep-2015 2017 
5.080000e+00 86 06-Sep-2016 2018 
5.080000e+00 86 19-Dec-2017 2019 
5.080000e+00 86 22-Oct-2018 2020 
5.080000e+00 87 NaT 2011 
5.080000e+00 87 NaT 2012 
5.080000e+00 87 26-Aug-2011 2013 
5.080000e+00 87 21-Jul-2012 2014 
5.080000e+00 87 16-Jul-2013 2015 
5.080000e+00 87 03-Sep-2014 2016 
5.080000e+00 87 27-Aug-2015 2017 
5.080000e+00 87 26-Oct-2016 2018 
5.080000e+00 87 09-Nov-2017 2019 
5.080000e+00 87 31-Oct-2018 2020 
5.080000e+00 88 NaT 2010 
5.080000e+00 88 12-Sep-2010 2011 
5.080000e+00 88 NaT 2012 
5.080000e+00 88 NaT 2013 
5.080000e+00 88 NaT 2014 
5.080000e+00 88 23-Dec-2014 2015 
5.080000e+00 88 NaT 2016 
5.080000e+00 88 03-Sep-2016 2017 
5.080000e+00 88 NaT 2018 
5.080000e+00 88 NaT 2019 
5.080000e+00 89 NaT 2007 
5.080000e+00 89 01-Feb-2007 2008 
5.080000e+00 89 03-Mar-2008 2009 
5.080000e+00 89 04-Feb-2009 2010 
5.080000e+00 89 30-Jan-2010 2011 
5.080000e+00 89 25-Jan-2011 2012 
5.080000e+00 89 03-Feb-2012 2013 
5.080000e+00 89 15-Sep-2012 2014 
5.080000e+00 89 14-Sep-2013 2015 
5.080000e+00 89 NaT 2016 
5.080000e+00 89 13-Dec-2015 2017 
5.080000e+00 89 19-Jan-2017 2018 
5.080000e+00 89 04-Mar-2018 2019 
5.080000e+00 89 NaT 2020 
5.080000e+00 90 NaT 2001 
5.080000e+00 90 06-Jun-2001 2002 
5.080000e+00 90 24-Jun-2002 2003 
5.080000e+00 90 04-Aug-2003 2004 
5.080000e+00 90 20-Jun-2004 2005 
5.080000e+00 90 NaT 2006 
5.080000e+00 90 17-Jun-2006 2007 
5.080000e+00 90 NaT 2008 
5.080000e+00 90 04-May-2008 2009 
5.080000e+00 90 NaT 2010 
5.080000e+00 90 NaT 2011 
5.080000e+00 90 14-Jun-2011 2012 
5.080000e+00 90 14-Jun-2012 2013 
5.080000e+00 90 NaT 2014 
5.080000e+00 90 NaT 2015 
5.080000e+00 90 NaT 2016 
5.080000e+00 90 08-Jun-2016 2017 
5.080000e+00 90 NaT 2018 
5.080000e+00 90 13-May-2018 2019 
5.080000e+00 91 NaT 2005 
5.080000e+00 91 NaT 2006 
5.080000e+00 91 NaT 2007 
5.080000e+00 91 NaT 2008 
5.080000e+00 91 30-May-2008 2009 
5.080000e+00 91 NaT 2010 
5.080000e+00 91 16-Jun-2010 2011 
5.080000e+00 91 26-Mar-2011 2012 
5.080000e+00 91 20-Apr-2012 2013 
5.080000e+00 91 03-May-2013 2014 
10 1 NaT 2001 
10 1 04-Sep-2000 2002 
10 1 NaT 2003 
10 1 16-Nov-2002 2004 
10 1 09-Aug-2003 2005 
10 1 20-Aug-2004 2006 
10 1 NaT 2007 
10 1 07-Jan-2007 2008 
10 1 18-Dec-2007 2009 
10 1 16-Oct-2008 2010 
10 1 26-Nov-2009 2011 
10 1 02-Sep-2010 2012 
10 1 17-Sep-2011 2013 
10 1 26-Dec-2012 2014 
10 1 09-Aug-2013 2015 
10 1 22-Aug-2014 2016 
10 1 15-Sep-2015 2017 
10 1 07-Oct-2016 2018 
10 1 11-Dec-2017 2019 
10 1 16-Sep-2018 2020 
