depth,sid,value,WY
5.080000,1,NaN,2001
5.080000,1,75.554536,2001
5.080000,1,77.992529,2002
5.080000,1,111.776861,2003
5.080000,2,NaN,2004
5.080000,2,6.442537,2005
5.080000,2,50.450595,2006
5.080000,2,20.432101,2007
5.080000,2,21.878909,2008
5.080000,2,39.289436,2009
5.080000,2,7.342798,2010
5.080000,2,NaN,2011
5.080000,2,NaN,2012
5.080000,2,9.172529,2013
5.080000,2,11.974240,2014
5.080000,2,8.311090,2015
5.080000,2,29.712938,2016
5.080000,2,11.902704,2017
5.080000,2,31.379200,2018
5.080000,2,13.629838,2019
5.080000,3,213.679636,2016
5.080000,3,NaN,2017
5.080000,3,8.611969,2018
5.080000,4,NaN,2005
5.080000,4,23.580313,2006
5.080000,4,174.073196,2007
5.080000,4,NaN,2008
5.080000,4,174.950190,2009
5.080000,4,47.000000,2010
5.080000,4,NaN,2011
5.080000,4,19.840278,2012
5.080000,4,27.263237,2013
5.080000,4,3.981778,2014
5.080000,4,8.760605,2015
5.080000,4,7.032909,2016
5.080000,4,NaN,2017
5.080000,5,7.375107,2001
5.080000,5,36.125234,2001
5.080000,5,NaN,2002
5.080000,5,4.040341,2003
5.080000,5,NaN,2004
5.080000,5,16.724192,2005
5.080000,9,NaN,2007
5.080000,9,47.433792,2008
5.080000,9,43.934661,2009
5.080000,9,10.000215,2010
5.080000,9,3.845684,2011
5.080000,9,27.581675,2012
5.080000,9,15.077230,2013
5.080000,9,106.535048,2014
5.080000,9,68.661702,2015
5.080000,9,8.450318,2016
5.080000,9,NaN,2017
5.080000,9,31.419924,2018
5.080000,9,31.872121,2019
5.080000,10,NaN,2008
5.080000,10,52.233035,2009
5.080000,10,45.224818,2010
5.080000,10,59.099960,2011
5.080000,10,117.319718,2012
5.080000,10,67.259651,2013
5.080000,10,91.374908,2014
5.080000,10,44.520182,2015
5.080000,10,20.476237,2016
5.080000,10,22.559984,2017
5.080000,10,14.277311,2018
5.080000,10,90.302739,2019
5.080000,10,144.898887,2020
5.080000,11,NaN,2015
5.080000,11,144.439677,2016
5.080000,11,46.526127,2017
5.080000,11,110.349422,2018
5.080000,11,77.455025,2019
5.080000,11,37.930140,2020
5.080000,12,NaN,2007
5.080000,12,21.580507,2008
5.080000,12,18.821816,2009
5.080000,12,119.056476,2010
5.080000,12,17.435017,2011
5.080000,12,199.163759,2012
5.080000,12,14.375093,2013
5.080000,12,5.117037,2014
5.080000,12,47.851555,2015
5.080000,12,66.053570,2016
5.080000,13,36.252288,2017
5.080000,13,12.309412,2018
5.080000,13,12.372048,2019
5.080000,14,9.196429,2014
5.080000,14,9.384401,2015
5.080000,14,76.263935,2016
5.080000,14,9.159451,2017
5.080000,14,42.406505,2018
5.080000,14,NaN,2019
5.080000,14,94.492321,2020
5.080000,15,NaN,2005
5.080000,15,42.649181,2006
5.080000,15,20.291580,2007
5.080000,15,9.311070,2008
5.080000,15,26.145939,2009
5.080000,15,NaN,2010
5.080000,15,194.652239,2011
5.080000,15,25.540600,2012
5.080000,15,7.803340,2013
5.080000,15,5.632609,2014
5.080000,17,28.339759,2015
5.080000,17,65.976135,2016
5.080000,17,64.302202,2017
5.080000,17,62.660262,2018
5.080000,17,16.490276,2019
5.080000,17,49.147726,2020
5.080000,19,NaN,2014
5.080000,19,36.242136,2015
5.080000,21,NaN,2007
5.080000,21,60.928482,2008
5.080000,21,119.431860,2009
5.080000,21,111.664237,2010
5.080000,21,112.864515,2011
5.080000,21,54.843956,2012
5.080000,21,120.249091,2013
5.080000,21,34.262793,2014
5.080000,21,30.475950,2015
5.080000,21,19.353129,2016
5.080000,21,47.042262,2017
5.080000,21,NaN,2018
5.080000,21,185.000951,2019
5.080000,22,NaN,2008
5.080000,22,79.985227,2009
5.080000,22,187.490206,2010
5.080000,22,123.316780,2011
5.080000,22,162.321149,2012
5.080000,22,90.305960,2013
5.080000,22,96.867531,2014
5.080000,22,151.529703,2015
5.080000,22,21.832960,2016
5.080000,22,136.381558,2017
5.080000,22,147.578964,2018
5.080000,22,44.999884,2019
5.080000,22,147.918870,2020
5.080000,24,78.545079,2012
5.080000,24,47.493633,2013
5.080000,24,20.421633,2014
5.080000,24,13.150489,2015
5.080000,24,17.803097,2016
5.080000,24,30.356340,2017
5.080000,24,NaN,2018
5.080000,25,56.411844,2001
5.080000,25,63.105065,2002
5.080000,25,10.796984,2003
5.080000,25,150.000052,2004
5.080000,26,NaN,2005
5.080000,26,35.254191,2006
5.080000,26,20.968098,2007
5.080000,26,144.999801,2008
5.080000,26,17.031840,2009
5.080000,26,124.069343,2010
5.080000,26,26.774160,2011
5.080000,26,207.240496,2012
5.080000,26,13.269584,2013
5.080000,26,20.311951,2014
5.080000,26,15.380251,2015
5.080000,26,26.331132,2016
5.080000,26,7.176487,2017
5.080000,26,144.525864,2018
5.080000,26,27.708933,2019
5.080000,27,119.000000,2011
5.080000,27,84.132337,2012
5.080000,27,86.314492,2013
5.080000,27,21.539489,2014
5.080000,27,40.383752,2015
5.080000,27,27.164016,2016
5.080000,27,14.017044,2017
5.080000,27,65.700960,2018
5.080000,27,12.486224,2019
5.080000,27,123.590080,2020
5.080000,28,NaN,2007
5.080000,28,69.354065,2008
5.080000,28,63.469791,2009
5.080000,28,75.159201,2010
5.080000,28,156.226116,2011
5.080000,28,103.104712,2012
5.080000,28,119.919750,2013
5.080000,28,141.653692,2014
5.080000,28,19.209545,2015
5.080000,28,70.523591,2016
5.080000,28,50.974012,2017
5.080000,28,17.967556,2018
5.080000,28,64.020613,2019
5.080000,29,31.380365,2011
5.080000,29,50.528477,2012
5.080000,29,58.650159,2013
5.080000,29,96.044396,2014
5.080000,29,109.410377,2015
5.080000,29,79.499841,2016
5.080000,29,183.489926,2017
5.080000,29,32.701235,2018
5.080000,29,79.878477,2019
5.080000,29,41.234251,2020
5.080000,30,10.585367,2010
5.080000,30,84.123311,2011
5.080000,30,87.885955,2012
5.080000,30,85.663237,2013
5.080000,30,143.987119,2014
5.080000,30,14.070719,2015
5.080000,30,31.512672,2016
5.080000,30,85.709462,2017
5.080000,30,22.268946,2018
5.080000,30,30.569338,2019
5.080000,31,26.174737,2011
5.080000,31,80.534336,2012
5.080000,31,54.740692,2013
5.080000,31,37.310381,2014
5.080000,31,29.644490,2015
5.080000,31,61.658503,2016
5.080000,31,51.968046,2017
5.080000,31,NaN,2018
5.080000,31,8.041589,2019
5.080000,31,99.001224,2020
5.080000,33,NaN,2006
5.080000,33,NaN,2007
5.080000,33,22.535657,2008
5.080000,33,3.588939,2009
5.080000,35,8.664097,2008
5.080000,35,14.089983,2009
5.080000,35,56.725063,2010
5.080000,35,23.556985,2011
5.080000,35,232.699888,2012
5.080000,35,21.351637,2013
5.080000,35,3.494363,2014
5.080000,35,13.313731,2015
5.080000,35,27.555379,2016
5.080000,35,21.472666,2017
5.080000,35,7.409238,2018
5.080000,35,17.388046,2019
5.080000,35,9.130618,2020
5.080000,36,31.612704,2010
5.080000,36,204.833604,2011
5.080000,36,165.182588,2012
5.080000,36,75.287889,2013
5.080000,36,168.485341,2014
5.080000,36,NaN,2015
5.080000,36,197.354487,2016
5.080000,36,175.177697,2017
5.080000,36,191.891099,2018
5.080000,36,133.047543,2019
5.080000,36,172.569389,2020
5.080000,37,30.964708,2010
5.080000,37,189.092377,2011
5.080000,37,46.001991,2012
5.080000,37,29.576817,2013
5.080000,37,105.502679,2014
5.080000,37,8.300717,2015
5.080000,37,40.447442,2016
5.080000,37,15.258306,2017
5.080000,37,44.879717,2018
5.080000,37,8.196053,2019
5.080000,38,30.964708,2010
5.080000,38,189.092377,2011
5.080000,38,46.001991,2012
5.080000,38,29.576817,2013
5.080000,38,105.502679,2014
5.080000,38,8.300717,2015
5.080000,38,40.447442,2016
5.080000,38,15.258306,2017
5.080000,38,44.879717,2018
5.080000,38,8.196053,2019
5.080000,39,30.964708,2010
5.080000,39,189.092377,2011
5.080000,39,46.001991,2012
5.080000,39,29.576817,2013
5.080000,39,105.502679,2014
5.080000,39,8.300717,2015
5.080000,39,40.447442,2016
5.080000,39,15.258306,2017
5.080000,39,44.879717,2018
5.080000,39,8.196053,2019
5.080000,40,NaN,2014
5.080000,40,22.155148,2015
5.080000,40,NaN,2016
5.080000,40,13.702165,2017
5.080000,40,24.136166,2018
5.080000,40,NaN,2019
5.080000,40,28.020507,2020
5.080000,41,NaN,2008
5.080000,41,134.000011,2009
5.080000,41,143.561410,2010
5.080000,41,131.650150,2011
5.080000,41,24.403599,2012
5.080000,42,NaN,2013
5.080000,42,22.159168,2014
5.080000,42,29.967706,2015
5.080000,42,11.772653,2016
5.080000,42,NaN,2017
5.080000,42,NaN,2018
5.080000,42,28.014190,2019
5.080000,44,NaN,2007
5.080000,44,15.964269,2008
5.080000,44,14.661025,2009
5.080000,44,99.782602,2010
5.080000,44,9.895407,2011
5.080000,44,36.265345,2012
5.080000,44,17.961249,2013
5.080000,44,4.208684,2014
5.080000,44,9.380246,2015
5.080000,44,18.265550,2016
5.080000,46,NaN,2012
5.080000,46,10.423521,2013
5.080000,47,NaN,2005
5.080000,47,42.217540,2006
5.080000,47,NaN,2007
5.080000,47,14.700573,2008
5.080000,47,31.586609,2009
5.080000,47,NaN,2010
5.080000,47,6.075137,2011
5.080000,48,NaN,2016
5.080000,48,35.000001,2017
5.080000,48,30.483894,2018
5.080000,48,31.240216,2019
5.080000,49,183.167885,2001
5.080000,49,143.460452,2002
5.080000,49,131.856939,2003
5.080000,49,90.930681,2004
5.080000,49,162.434302,2005
5.080000,49,110.218224,2006
5.080000,49,124.118404,2007
5.080000,50,28.787257,2008
5.080000,50,179.274464,2009
5.080000,50,145.694086,2010
5.080000,50,230.999944,2011
5.080000,50,17.094143,2012
5.080000,50,225.403938,2013
5.080000,50,138.426908,2014
5.080000,50,145.138498,2015
5.080000,50,160.324803,2016
5.080000,50,178.999997,2017
5.080000,50,190.900306,2018
5.080000,50,205.999931,2019
5.080000,50,118.595200,2020
5.080000,51,23.115023,2011
5.080000,51,153.629574,2012
5.080000,51,18.287692,2013
5.080000,51,64.761228,2014
5.080000,51,75.617522,2015
5.080000,51,19.785044,2016
5.080000,51,30.694127,2017
5.080000,51,10.377533,2018
5.080000,51,8.407104,2019
5.080000,51,62.002748,2020
5.080000,52,18.353491,2010
5.080000,52,80.104205,2011
5.080000,52,NaN,2012
5.080000,52,NaN,2013
5.080000,52,69.999691,2014
5.080000,52,21.644777,2015
5.080000,52,61.612392,2016
5.080000,52,22.819703,2017
5.080000,52,10.393946,2018
5.080000,52,88.000523,2019
5.080000,53,NaN,2007
5.080000,53,45.440661,2008
5.080000,53,171.926200,2009
5.080000,53,132.000249,2010
5.080000,53,102.999870,2011
5.080000,53,23.344778,2012
5.080000,54,NaN,2014
5.080000,54,24.546708,2015
5.080000,54,69.409512,2016
5.080000,54,22.174296,2017
5.080000,54,54.170847,2018
5.080000,54,NaN,2019
5.080000,54,24.267349,2020
5.080000,55,NaN,2007
5.080000,55,170.000059,2008
5.080000,55,143.503953,2009
5.080000,55,215.138113,2010
5.080000,55,197.544228,2011
5.080000,55,148.447199,2012
5.080000,55,69.153537,2013
5.080000,55,97.273526,2014
5.080000,55,74.527986,2015
5.080000,55,178.000042,2016
5.080000,55,185.738750,2017
5.080000,55,176.705463,2018
5.080000,55,45.912087,2019
5.080000,55,151.471101,2020
5.080000,56,10.415132,2010
5.080000,56,55.062825,2011
5.080000,56,49.089433,2012
5.080000,56,10.496207,2013
5.080000,56,149.778759,2014
5.080000,56,124.824468,2015
5.080000,56,31.434215,2016
5.080000,56,15.671916,2017
5.080000,56,35.693216,2018
5.080000,56,10.172086,2019
5.080000,56,61.640202,2020
5.080000,57,NaN,2007
5.080000,57,55.554591,2008
5.080000,57,105.660304,2009
5.080000,57,68.986424,2010
5.080000,57,146.966342,2011
5.080000,57,92.982902,2012
5.080000,57,116.000865,2013
5.080000,57,30.057424,2014
5.080000,57,25.585121,2015
5.080000,57,138.870045,2016
5.080000,57,138.002244,2017
5.080000,57,63.299293,2018
5.080000,57,47.021478,2019
5.080000,58,NaN,2007
5.080000,58,62.708633,2008
5.080000,58,104.599632,2009
5.080000,58,91.867624,2010
5.080000,58,136.149043,2011
5.080000,58,83.999859,2012
5.080000,58,88.539848,2013
5.080000,58,151.767545,2014
5.080000,58,22.558659,2015
5.080000,58,31.654950,2016
5.080000,58,124.296286,2017
5.080000,58,11.893674,2018
5.080000,58,144.999995,2019
5.080000,59,NaN,2007
5.080000,59,94.176300,2008
5.080000,59,22.716285,2009
5.080000,59,160.516572,2010
5.080000,59,18.531228,2011
5.080000,59,232.064482,2012
5.080000,59,23.440970,2013
5.080000,59,4.151903,2014
5.080000,59,59.102516,2015
5.080000,59,31.242749,2016
5.080000,59,193.616645,2017
5.080000,59,86.427916,2018
5.080000,59,153.000003,2019
5.080000,59,44.046770,2020
5.080000,60,NaN,2015
5.080000,60,25.714251,2016
5.080000,60,152.662678,2017
5.080000,60,104.764580,2018
5.080000,60,59.536315,2019
5.080000,60,154.097210,2020
5.080000,61,NaN,2008
5.080000,61,62.190307,2009
5.080000,61,30.930658,2010
5.080000,61,125.433601,2011
5.080000,61,144.071745,2012
5.080000,61,15.479063,2013
5.080000,61,65.944446,2014
5.080000,61,66.547132,2015
5.080000,61,20.761443,2016
5.080000,61,28.297961,2017
5.080000,61,50.933365,2018
5.080000,61,60.750876,2019
5.080000,61,34.808456,2020
5.080000,62,16.653048,2008
5.080000,62,NaN,2009
5.080000,62,10.114044,2010
5.080000,62,12.972768,2011
5.080000,62,28.999999,2012
5.080000,62,9.330368,2013
5.080000,62,NaN,2014
5.080000,62,10.039928,2015
5.080000,62,12.420604,2016
5.080000,62,7.341483,2017
5.080000,62,22.289478,2018
5.080000,62,NaN,2019
5.080000,63,80.890579,2001
5.080000,63,81.247898,2001
5.080000,63,20.916224,2002
5.080000,63,NaN,2003
5.080000,63,NaN,2004
5.080000,63,4.905414,2005
5.080000,63,17.730313,2006
5.080000,65,62.140530,2011
5.080000,65,97.727939,2012
5.080000,65,72.479354,2013
5.080000,65,97.412729,2014
5.080000,65,34.219273,2015
5.080000,65,20.517885,2016
5.080000,65,35.981185,2017
5.080000,65,42.550988,2018
5.080000,65,44.745782,2019
5.080000,65,28.583204,2020
5.080000,66,109.000005,2011
5.080000,66,34.953468,2012
5.080000,66,45.269862,2013
5.080000,66,66.505470,2014
5.080000,66,101.092898,2015
5.080000,66,84.050092,2016
5.080000,66,30.693718,2017
5.080000,66,5.678104,2018
5.080000,66,3.940670,2019
5.080000,66,184.449535,2020
5.080000,67,NaN,2007
5.080000,67,56.548422,2008
5.080000,67,137.813234,2009
5.080000,67,159.443475,2010
5.080000,67,21.229886,2011
5.080000,67,23.818954,2012
5.080000,67,19.540677,2013
5.080000,67,20.076070,2014
5.080000,67,73.029892,2015
5.080000,67,9.005281,2016
5.080000,67,17.925541,2017
5.080000,67,NaN,2018
5.080000,68,NaN,2010
5.080000,68,131.649618,2011
5.080000,68,28.467309,2012
5.080000,68,119.917375,2013
5.080000,68,85.477931,2014
5.080000,68,106.849175,2015
5.080000,68,222.526966,2016
5.080000,68,17.213210,2017
5.080000,68,145.013141,2018
5.080000,68,31.888466,2019
5.080000,68,150.000022,2020
5.080000,69,NaN,2005
5.080000,69,20.373243,2006
5.080000,69,NaN,2007
5.080000,69,16.020441,2008
5.080000,69,31.375588,2009
5.080000,69,NaN,2010
5.080000,71,NaN,2009
5.080000,71,45.351370,2010
5.080000,71,148.127791,2011
5.080000,71,28.754127,2012
5.080000,71,160.617859,2013
5.080000,71,57.492000,2014
5.080000,71,66.899691,2015
5.080000,71,223.887124,2016
5.080000,71,188.796475,2017
5.080000,71,140.230414,2018
5.080000,71,41.303871,2019
5.080000,71,151.901122,2020
5.080000,72,NaN,2009
5.080000,72,45.373995,2010
5.080000,72,148.166837,2011
5.080000,72,29.028899,2012
5.080000,72,160.625324,2013
5.080000,72,57.501229,2014
5.080000,72,66.911810,2015
5.080000,72,223.936762,2016
5.080000,72,188.812957,2017
5.080000,72,139.516007,2018
5.080000,72,41.312661,2019
5.080000,72,151.901340,2020
5.080000,76,NaN,2015
5.080000,76,3.799952,2016
5.080000,76,NaN,2017
5.080000,76,76.000465,2018
5.080000,76,39.186051,2019
5.080000,77,71.005930,2010
5.080000,77,26.233377,2011
5.080000,77,NaN,2012
5.080000,77,116.273038,2013
5.080000,77,19.250868,2014
5.080000,77,62.000004,2015
5.080000,77,113.332445,2016
5.080000,77,96.288911,2017
5.080000,77,53.026922,2018
5.080000,77,35.251768,2019
5.080000,78,NaN,2010
5.080000,78,34.515154,2011
5.080000,78,12.315198,2012
5.080000,78,85.126019,2013
5.080000,78,38.610745,2014
5.080000,78,10.090163,2015
5.080000,78,34.648000,2016
5.080000,78,148.717684,2017
5.080000,78,NaN,2018
5.080000,79,13.981764,2012
5.080000,79,18.887420,2013
5.080000,79,106.298488,2014
5.080000,79,13.792518,2015
5.080000,79,NaN,2016
5.080000,80,19.362532,2009
5.080000,80,32.080163,2010
5.080000,80,14.977318,2011
5.080000,80,58.788079,2012
5.080000,80,20.273615,2013
5.080000,80,19.495979,2014
5.080000,80,7.075791,2015
5.080000,80,36.822666,2016
5.080000,81,NaN,2016
5.080000,81,22.342113,2017
5.080000,82,19.564050,2011
5.080000,82,84.167814,2012
5.080000,82,108.825150,2013
5.080000,82,110.464657,2014
5.080000,82,92.377817,2015
5.080000,82,17.854939,2016
5.080000,82,107.187097,2017
5.080000,82,37.826067,2018
5.080000,82,NaN,2019
5.080000,82,40.283919,2020
5.080000,83,NaN,2010
5.080000,83,112.175881,2011
5.080000,83,32.160321,2012
5.080000,83,109.458093,2013
5.080000,83,21.140978,2014
5.080000,83,24.337457,2015
5.080000,83,26.879575,2016
5.080000,83,43.350417,2017
5.080000,83,26.185077,2018
5.080000,83,50.112668,2019
5.080000,84,NaN,2015
5.080000,84,34.142592,2016
5.080000,84,74.583965,2017
5.080000,84,95.641232,2018
5.080000,84,67.720678,2019
5.080000,85,NaN,2007
5.080000,85,47.068350,2008
5.080000,85,185.465251,2009
5.080000,85,136.350098,2010
5.080000,85,126.518244,2011
5.080000,85,25.407560,2012
5.080000,85,14.938167,2013
5.080000,85,20.194686,2014
5.080000,85,29.343944,2015
5.080000,85,8.324072,2016
5.080000,85,NaN,2017
5.080000,85,30.440532,2018
5.080000,85,31.878058,2019
5.080000,86,NaN,2015
5.080000,86,88.370037,2016
5.080000,86,8.375705,2017
5.080000,86,NaN,2018
5.080000,86,NaN,2019
5.080000,86,31.877888,2020
5.080000,87,26.664235,2010
5.080000,87,16.728732,2011
5.080000,87,95.678450,2012
5.080000,87,32.507563,2013
5.080000,87,155.573876,2014
5.080000,87,70.999964,2015
5.080000,87,14.329161,2016
5.080000,87,122.101843,2017
5.080000,87,28.916689,2018
5.080000,87,NaN,2019
5.080000,88,NaN,2010
5.080000,88,113.000001,2011
5.080000,88,NaN,2012
5.080000,88,110.331125,2013
5.080000,88,29.319656,2014
5.080000,88,9.654564,2015
5.080000,88,46.508211,2016
5.080000,88,84.500614,2017
5.080000,88,73.999864,2018
5.080000,88,30.213645,2019
5.080000,89,NaN,2007
5.080000,89,17.637272,2008
5.080000,89,17.101317,2009
5.080000,89,123.727760,2010
5.080000,89,16.783500,2011
5.080000,89,203.064877,2012
5.080000,89,15.027729,2013
5.080000,89,34.762118,2014
5.080000,89,15.343256,2015
5.080000,89,25.289447,2016
5.080000,89,21.882641,2017
5.080000,89,12.149011,2018
5.080000,89,13.230892,2019
5.080000,89,54.367477,2020
5.080000,90,13.241672,2001
5.080000,90,61.493475,2002
5.080000,90,31.352967,2003
5.080000,90,NaN,2004
5.080000,90,57.118113,2005
5.080000,90,26.089563,2006
5.080000,90,7.174698,2007
5.080000,90,40.214656,2008
5.080000,90,42.758767,2009
5.080000,90,128.669853,2010
5.080000,90,22.701610,2011
5.080000,90,33.934357,2012
5.080000,90,104.439009,2013
5.080000,90,NaN,2014
5.080000,90,NaN,2015
5.080000,90,64.721910,2016
5.080000,90,27.363316,2017
5.080000,90,46.678619,2018
5.080000,90,16.725962,2019
5.080000,91,NaN,2005
5.080000,91,36.913972,2006
5.080000,91,19.291944,2007
5.080000,91,4.501211,2008
5.080000,91,14.395508,2009
5.080000,91,10.646862,2010
5.080000,91,11.716991,2011
5.080000,91,25.003957,2012
5.080000,91,6.159232,2013
5.080000,91,NaN,2014
10.000000,1,50.926903,2001
10.000000,1,63.958300,2001
10.000000,1,11.740202,2002
10.000000,1,74.533412,2003
10.000000,1,17.902098,2004
10.000000,1,7.094870,2005
10.000000,1,NaN,2006
10.000000,1,171.966222,2007
10.000000,1,42.385250,2008
10.000000,1,103.319937,2009
10.000000,1,54.214913,2010
10.000000,1,141.645668,2011
10.000000,1,106.436703,2012
10.000000,1,77.407677,2013
10.000000,1,116.999934,2014
10.000000,1,62.051466,2015
10.000000,1,45.331599,2016
10.000000,1,92.531528,2017
10.000000,1,35.346425,2018
10.000000,1,135.695070,2019
