5.080000e+00 1 NaN 2001 
5.080000e+00 1 4.544328 2001 
5.080000e+00 1 7.833924 2002 
5.080000e+00 1 40.999995 2003 
5.080000e+00 2 NaN 2004 
5.080000e+00 2 36.990832 2005 
5.080000e+00 2 29.564355 2006 
5.080000e+00 2 48.650939 2007 
5.080000e+00 2 NaN 2008 
5.080000e+00 2 33.061613 2009 
5.080000e+00 2 6.999610 2010 
5.080000e+00 2 6.537731 2011 
5.080000e+00 2 19.317266 2012 
5.080000e+00 2 NaN 2013 
5.080000e+00 2 6.525169 2014 
5.080000e+00 2 18.017215 2015 
5.080000e+00 2 4.519418 2016 
5.080000e+00 2 6.183233 2017 
5.080000e+00 2 5.000014 2018 
5.080000e+00 2 29.531216 2019 
5.080000e+00 3 NaN 2016 
5.080000e+00 3 105.787877 2017 
5.080000e+00 3 NaN 2018 
5.080000e+00 4 NaN 2005 
5.080000e+00 4 NaN 2006 
5.080000e+00 4 23.766990 2007 
5.080000e+00 4 NaN 2008 
5.080000e+00 4 NaN 2009 
5.080000e+00 4 NaN 2010 
5.080000e+00 4 NaN 2011 
5.080000e+00 4 106.086322 2012 
5.080000e+00 4 31.399087 2013 
5.080000e+00 4 NaN 2014 
5.080000e+00 4 NaN 2015 
5.080000e+00 4 5.344241 2016 
5.080000e+00 4 NaN 2017 
5.080000e+00 5 NaN 2001 
5.080000e+00 5 126.363086 2001 
5.080000e+00 5 NaN 2002 
5.080000e+00 5 11.999998 2003 
5.080000e+00 5 NaN 2004 
5.080000e+00 5 4.757694 2005 
5.080000e+00 9 NaN 2007 
5.080000e+00 9 8.579845 2008 
5.080000e+00 9 84.167726 2009 
5.080000e+00 9 100.672329 2010 
5.080000e+00 9 NaN 2011 
5.080000e+00 9 24.106495 2012 
5.080000e+00 9 NaN 2013 
5.080000e+00 9 4.991216 2014 
5.080000e+00 9 17.849163 2015 
5.080000e+00 9 39.673841 2016 
5.080000e+00 9 NaN 2017 
5.080000e+00 9 NaN 2018 
5.080000e+00 9 6.739150 2019 
5.080000e+00 10 NaN 2007 
5.080000e+00 10 80.678609 2008 
5.080000e+00 10 73.108863 2009 
5.080000e+00 10 115.210526 2010 
5.080000e+00 10 86.789486 2011 
5.080000e+00 10 128.292701 2012 
5.080000e+00 10 229.135295 2013 
5.080000e+00 10 40.115258 2014 
5.080000e+00 10 82.127284 2015 
5.080000e+00 10 118.403400 2016 
5.080000e+00 10 77.955533 2017 
5.080000e+00 10 NaN 2018 
5.080000e+00 10 34.391439 2019 
5.080000e+00 11 NaN 2015 
5.080000e+00 11 16.000000 2016 
5.080000e+00 11 101.093587 2017 
5.080000e+00 11 86.274323 2018 
5.080000e+00 11 15.094126 2019 
5.080000e+00 11 152.175241 2020 
5.080000e+00 12 NaN 2006 
5.080000e+00 12 102.039203 2007 
5.080000e+00 12 209.000010 2008 
5.080000e+00 12 76.705561 2009 
5.080000e+00 12 97.788729 2010 
5.080000e+00 12 58.380734 2011 
5.080000e+00 12 10.867845 2012 
5.080000e+00 12 31.993798 2013 
5.080000e+00 12 43.426993 2014 
5.080000e+00 12 175.088398 2015 
5.080000e+00 13 NaN 2017 
5.080000e+00 13 24.355907 2018 
5.080000e+00 13 204.073190 2019 
5.080000e+00 14 NaN 2014 
5.080000e+00 14 56.999999 2015 
5.080000e+00 14 NaN 2016 
5.080000e+00 14 103.758868 2017 
5.080000e+00 14 31.045410 2018 
5.080000e+00 14 46.254683 2019 
5.080000e+00 14 9.274439 2020 
5.080000e+00 15 NaN 2005 
5.080000e+00 15 NaN 2006 
5.080000e+00 15 21.000001 2007 
5.080000e+00 15 NaN 2008 
5.080000e+00 15 4.546017 2009 
5.080000e+00 15 NaN 2010 
5.080000e+00 15 4.514027 2011 
5.080000e+00 15 5.135288 2012 
5.080000e+00 15 NaN 2013 
5.080000e+00 15 NaN 2014 
5.080000e+00 17 11.293194 2015 
5.080000e+00 17 93.999869 2016 
5.080000e+00 17 24.561870 2017 
5.080000e+00 17 87.518560 2018 
5.080000e+00 17 18.504658 2019 
5.080000e+00 17 48.486910 2020 
5.080000e+00 19 NaN 2013 
5.080000e+00 19 58.497799 2014 
5.080000e+00 21 NaN 2007 
5.080000e+00 21 89.396877 2008 
5.080000e+00 21 73.213559 2009 
5.080000e+00 21 59.684827 2010 
5.080000e+00 21 106.154267 2011 
5.080000e+00 21 5.258929 2012 
5.080000e+00 21 4.297924 2013 
5.080000e+00 21 8.000829 2014 
5.080000e+00 21 4.797086 2015 
5.080000e+00 21 92.373641 2016 
5.080000e+00 21 63.299275 2017 
5.080000e+00 21 NaN 2018 
5.080000e+00 21 NaN 2019 
5.080000e+00 22 NaN 2007 
5.080000e+00 22 66.050418 2008 
5.080000e+00 22 69.642807 2009 
5.080000e+00 22 61.633603 2010 
5.080000e+00 22 105.868257 2011 
5.080000e+00 22 194.031994 2012 
5.080000e+00 22 160.026785 2013 
5.080000e+00 22 64.652065 2014 
5.080000e+00 22 178.011586 2015 
5.080000e+00 22 94.348836 2016 
5.080000e+00 22 69.445308 2017 
5.080000e+00 22 9.655857 2018 
5.080000e+00 22 108.185439 2019 
5.080000e+00 24 NaN 2012 
5.080000e+00 24 226.852962 2013 
5.080000e+00 24 6.714137 2014 
5.080000e+00 24 200.000029 2015 
5.080000e+00 24 59.000000 2016 
5.080000e+00 24 24.728007 2017 
5.080000e+00 24 NaN 2018 
5.080000e+00 25 NaN 2001 
5.080000e+00 25 107.219004 2002 
5.080000e+00 25 165.894822 2003 
5.080000e+00 25 118.160055 2004 
5.080000e+00 26 NaN 2005 
5.080000e+00 26 53.750871 2006 
5.080000e+00 26 31.046021 2007 
5.080000e+00 26 227.077737 2008 
5.080000e+00 26 212.999986 2009 
5.080000e+00 26 151.213681 2010 
5.080000e+00 26 42.881274 2011 
5.080000e+00 26 58.596496 2012 
5.080000e+00 26 7.728963 2013 
5.080000e+00 26 62.043180 2014 
5.080000e+00 26 33.090598 2015 
5.080000e+00 26 182.987402 2016 
5.080000e+00 26 22.526782 2017 
5.080000e+00 26 30.509862 2018 
5.080000e+00 26 223.333877 2019 
5.080000e+00 27 NaN 2010 
5.080000e+00 27 84.463884 2011 
5.080000e+00 27 26.000002 2012 
5.080000e+00 27 142.127534 2013 
5.080000e+00 27 36.590670 2014 
5.080000e+00 27 36.612691 2015 
5.080000e+00 27 60.124496 2016 
5.080000e+00 27 69.087410 2017 
5.080000e+00 27 22.361233 2018 
5.080000e+00 27 47.898901 2019 
5.080000e+00 28 NaN 2007 
5.080000e+00 28 66.297609 2008 
5.080000e+00 28 69.607209 2009 
5.080000e+00 28 56.267178 2010 
5.080000e+00 28 126.000018 2011 
5.080000e+00 28 6.618067 2012 
5.080000e+00 28 146.906285 2013 
5.080000e+00 28 223.607967 2014 
5.080000e+00 28 37.725165 2015 
5.080000e+00 28 75.126544 2016 
5.080000e+00 28 144.903929 2017 
5.080000e+00 28 NaN 2018 
5.080000e+00 28 12.114525 2019 
5.080000e+00 29 NaN 2010 
5.080000e+00 29 81.928312 2011 
5.080000e+00 29 63.763478 2012 
5.080000e+00 29 174.551916 2013 
5.080000e+00 29 106.811639 2014 
5.080000e+00 29 47.264212 2015 
5.080000e+00 29 56.555218 2016 
5.080000e+00 29 48.338676 2017 
5.080000e+00 29 79.693077 2018 
5.080000e+00 29 141.076807 2019 
5.080000e+00 30 NaN 2010 
5.080000e+00 30 83.664073 2011 
5.080000e+00 30 193.359742 2012 
5.080000e+00 30 39.270033 2013 
5.080000e+00 30 16.053710 2014 
5.080000e+00 30 56.651362 2015 
5.080000e+00 30 143.758923 2016 
5.080000e+00 30 69.556597 2017 
5.080000e+00 30 15.826626 2018 
5.080000e+00 30 130.012469 2019 
5.080000e+00 31 NaN 2010 
5.080000e+00 31 76.355619 2011 
5.080000e+00 31 172.766970 2012 
5.080000e+00 31 230.999588 2013 
5.080000e+00 31 119.855058 2014 
5.080000e+00 31 231.166238 2015 
5.080000e+00 31 31.359680 2016 
5.080000e+00 31 32.809999 2017 
5.080000e+00 31 NaN 2018 
5.080000e+00 31 40.270527 2019 
5.080000e+00 33 NaN 2006 
5.080000e+00 33 NaN 2007 
5.080000e+00 33 43.185830 2008 
5.080000e+00 33 21.266128 2009 
5.080000e+00 35 NaN 2008 
5.080000e+00 35 21.514774 2009 
5.080000e+00 35 71.369104 2010 
5.080000e+00 35 48.079464 2011 
5.080000e+00 35 47.000405 2012 
5.080000e+00 35 4.031351 2013 
5.080000e+00 35 32.647403 2014 
5.080000e+00 35 35.536893 2015 
5.080000e+00 35 44.413051 2016 
5.080000e+00 35 36.664682 2017 
5.080000e+00 35 23.999993 2018 
5.080000e+00 35 207.999803 2019 
5.080000e+00 35 57.461411 2020 
5.080000e+00 36 NaN 2009 
5.080000e+00 36 85.604595 2010 
5.080000e+00 36 59.035647 2011 
5.080000e+00 36 77.359434 2012 
5.080000e+00 36 48.036259 2013 
5.080000e+00 36 NaN 2014 
5.080000e+00 36 161.786858 2015 
5.080000e+00 36 91.549476 2016 
5.080000e+00 36 76.262243 2017 
5.080000e+00 36 125.874627 2018 
5.080000e+00 36 121.800338 2019 
5.080000e+00 37 NaN 2010 
5.080000e+00 37 8.637216 2011 
5.080000e+00 37 7.110302 2012 
5.080000e+00 37 NaN 2013 
5.080000e+00 37 7.239301 2014 
5.080000e+00 37 36.600261 2015 
5.080000e+00 37 5.251694 2016 
5.080000e+00 37 30.331898 2017 
5.080000e+00 37 12.566934 2018 
5.080000e+00 37 13.493138 2019 
5.080000e+00 38 NaN 2010 
5.080000e+00 38 8.637216 2011 
5.080000e+00 38 7.110302 2012 
5.080000e+00 38 NaN 2013 
5.080000e+00 38 7.239301 2014 
5.080000e+00 38 36.600261 2015 
5.080000e+00 38 5.251694 2016 
5.080000e+00 38 30.331898 2017 
5.080000e+00 38 12.566934 2018 
5.080000e+00 38 13.493138 2019 
5.080000e+00 39 NaN 2010 
5.080000e+00 39 8.637216 2011 
5.080000e+00 39 7.110302 2012 
5.080000e+00 39 NaN 2013 
5.080000e+00 39 7.239301 2014 
5.080000e+00 39 36.600261 2015 
5.080000e+00 39 5.251694 2016 
5.080000e+00 39 30.331898 2017 
5.080000e+00 39 12.566934 2018 
5.080000e+00 39 13.493138 2019 
5.080000e+00 40 NaN 2013 
5.080000e+00 40 NaN 2014 
5.080000e+00 40 15.183059 2015 
5.080000e+00 40 118.999317 2016 
5.080000e+00 40 NaN 2017 
5.080000e+00 40 NaN 2018 
5.080000e+00 40 108.107848 2019 
5.080000e+00 41 NaN 2008 
5.080000e+00 41 54.313451 2009 
5.080000e+00 41 118.969893 2010 
5.080000e+00 41 79.935533 2011 
5.080000e+00 41 93.408854 2012 
5.080000e+00 42 NaN 2013 
5.080000e+00 42 4.601764 2014 
5.080000e+00 42 18.407472 2015 
5.080000e+00 42 117.999636 2016 
5.080000e+00 42 NaN 2017 
5.080000e+00 42 NaN 2018 
5.080000e+00 42 7.587910 2019 
5.080000e+00 44 NaN 2007 
5.080000e+00 44 NaN 2008 
5.080000e+00 44 16.605062 2009 
5.080000e+00 44 79.423960 2010 
5.080000e+00 44 44.344750 2011 
5.080000e+00 44 75.032624 2012 
5.080000e+00 44 7.196997 2013 
5.080000e+00 44 86.843170 2014 
5.080000e+00 44 21.583160 2015 
5.080000e+00 44 50.082797 2016 
5.080000e+00 46 NaN 2012 
5.080000e+00 46 NaN 2013 
5.080000e+00 47 NaN 2005 
5.080000e+00 47 NaN 2006 
5.080000e+00 47 NaN 2007 
5.080000e+00 47 NaN 2008 
5.080000e+00 47 8.652703 2009 
5.080000e+00 47 NaN 2010 
5.080000e+00 47 12.912474 2011 
5.080000e+00 48 NaN 2016 
5.080000e+00 48 41.105588 2017 
5.080000e+00 48 8.385421 2018 
5.080000e+00 48 183.107331 2019 
5.080000e+00 49 NaN 2001 
5.080000e+00 49 150.108607 2001 
5.080000e+00 49 96.602028 2002 
5.080000e+00 49 75.065950 2003 
5.080000e+00 49 115.715481 2004 
5.080000e+00 49 157.713358 2005 
5.080000e+00 49 91.831855 2006 
5.080000e+00 50 NaN 2007 
5.080000e+00 50 110.773396 2008 
5.080000e+00 50 57.756125 2009 
5.080000e+00 50 85.682463 2010 
5.080000e+00 50 115.530182 2011 
5.080000e+00 50 146.541931 2012 
5.080000e+00 50 97.778574 2013 
5.080000e+00 50 134.658131 2014 
5.080000e+00 50 118.067771 2015 
5.080000e+00 50 129.362912 2016 
5.080000e+00 50 137.364587 2017 
5.080000e+00 50 118.517460 2018 
5.080000e+00 50 161.309751 2019 
5.080000e+00 51 NaN 2010 
5.080000e+00 51 76.791652 2011 
5.080000e+00 51 13.991568 2012 
5.080000e+00 51 77.769564 2013 
5.080000e+00 51 30.273634 2014 
5.080000e+00 51 5.341762 2015 
5.080000e+00 51 128.325963 2016 
5.080000e+00 51 NaN 2017 
5.080000e+00 51 29.166026 2018 
5.080000e+00 51 101.122318 2019 
5.080000e+00 52 NaN 2010 
5.080000e+00 52 11.000005 2011 
5.080000e+00 52 NaN 2012 
5.080000e+00 52 NaN 2013 
5.080000e+00 52 5.274384 2014 
5.080000e+00 52 4.802661 2015 
5.080000e+00 52 102.402911 2016 
5.080000e+00 52 198.033742 2017 
5.080000e+00 52 13.999121 2018 
5.080000e+00 52 5.333728 2019 
5.080000e+00 53 NaN 2007 
5.080000e+00 53 4.929036 2008 
5.080000e+00 53 54.106280 2009 
5.080000e+00 53 71.460076 2010 
5.080000e+00 53 82.650152 2011 
5.080000e+00 53 94.288119 2012 
5.080000e+00 54 NaN 2013 
5.080000e+00 54 NaN 2014 
5.080000e+00 54 15.773781 2015 
5.080000e+00 54 7.488807 2016 
5.080000e+00 54 37.960804 2017 
5.080000e+00 54 NaN 2018 
5.080000e+00 54 101.190628 2019 
5.080000e+00 55 NaN 2006 
5.080000e+00 55 95.000001 2007 
5.080000e+00 55 127.629420 2008 
5.080000e+00 55 96.013101 2009 
5.080000e+00 55 90.362378 2010 
5.080000e+00 55 71.499506 2011 
5.080000e+00 55 90.775094 2012 
5.080000e+00 55 88.627887 2013 
5.080000e+00 55 196.214499 2014 
5.080000e+00 55 157.000184 2015 
5.080000e+00 55 117.843719 2016 
5.080000e+00 55 132.822645 2017 
5.080000e+00 55 184.563453 2018 
5.080000e+00 55 158.534301 2019 
5.080000e+00 56 NaN 2009 
5.080000e+00 56 106.430964 2010 
5.080000e+00 56 126.690509 2011 
5.080000e+00 56 139.999999 2012 
5.080000e+00 56 76.445575 2013 
5.080000e+00 56 103.951131 2014 
5.080000e+00 56 95.661434 2015 
5.080000e+00 56 30.465675 2016 
5.080000e+00 56 54.279148 2017 
5.080000e+00 56 9.727064 2018 
5.080000e+00 56 159.691052 2019 
5.080000e+00 57 NaN 2007 
5.080000e+00 57 90.448688 2008 
5.080000e+00 57 193.722409 2009 
5.080000e+00 57 79.528687 2010 
5.080000e+00 57 110.163971 2011 
5.080000e+00 57 38.991563 2012 
5.080000e+00 57 25.690571 2013 
5.080000e+00 57 34.662244 2014 
5.080000e+00 57 213.034622 2015 
5.080000e+00 57 110.119740 2016 
5.080000e+00 57 184.843374 2017 
5.080000e+00 57 55.461917 2018 
5.080000e+00 57 132.752556 2019 
5.080000e+00 58 NaN 2007 
5.080000e+00 58 51.249767 2008 
5.080000e+00 58 143.483378 2009 
5.080000e+00 58 78.853463 2010 
5.080000e+00 58 97.822131 2011 
5.080000e+00 58 39.377407 2012 
5.080000e+00 58 57.752917 2013 
5.080000e+00 58 145.824242 2014 
5.080000e+00 58 55.306370 2015 
5.080000e+00 58 90.966420 2016 
5.080000e+00 58 47.825040 2017 
5.080000e+00 58 3.673473 2018 
5.080000e+00 58 247.082312 2019 
5.080000e+00 59 NaN 2007 
5.080000e+00 59 16.843545 2008 
5.080000e+00 59 202.000007 2009 
5.080000e+00 59 161.005277 2010 
5.080000e+00 59 129.646953 2011 
5.080000e+00 59 49.422775 2012 
5.080000e+00 59 24.337523 2013 
5.080000e+00 59 29.164579 2014 
5.080000e+00 59 122.850414 2015 
5.080000e+00 59 175.000012 2016 
5.080000e+00 59 145.280024 2017 
5.080000e+00 59 44.865799 2018 
5.080000e+00 59 204.961753 2019 
5.080000e+00 59 24.112783 2020 
5.080000e+00 60 NaN 2014 
5.080000e+00 60 NaN 2015 
5.080000e+00 60 42.169358 2016 
5.080000e+00 60 74.853409 2017 
5.080000e+00 60 68.404581 2018 
5.080000e+00 60 20.301395 2019 
5.080000e+00 61 NaN 2007 
5.080000e+00 61 38.912794 2008 
5.080000e+00 61 69.421780 2009 
5.080000e+00 61 68.009558 2010 
5.080000e+00 61 76.228593 2011 
5.080000e+00 61 7.892171 2012 
5.080000e+00 61 79.036074 2013 
5.080000e+00 61 30.053894 2014 
5.080000e+00 61 199.000010 2015 
5.080000e+00 61 177.293170 2016 
5.080000e+00 61 74.099562 2017 
5.080000e+00 61 NaN 2018 
5.080000e+00 61 NaN 2019 
5.080000e+00 62 NaN 2008 
5.080000e+00 62 NaN 2009 
5.080000e+00 62 NaN 2010 
5.080000e+00 62 24.850527 2011 
5.080000e+00 62 63.923175 2012 
5.080000e+00 62 NaN 2013 
5.080000e+00 62 NaN 2014 
5.080000e+00 62 NaN 2015 
5.080000e+00 62 NaN 2016 
5.080000e+00 62 NaN 2017 
5.080000e+00 62 9.050731 2018 
5.080000e+00 62 37.400530 2019 
5.080000e+00 63 NaN 2001 
5.080000e+00 63 159.289361 2001 
5.080000e+00 63 NaN 2002 
5.080000e+00 63 8.000000 2003 
5.080000e+00 63 49.540742 2004 
5.080000e+00 63 118.907553 2005 
5.080000e+00 63 NaN 2006 
5.080000e+00 65 NaN 2010 
5.080000e+00 65 168.588909 2011 
5.080000e+00 65 6.630566 2012 
5.080000e+00 65 NaN 2013 
5.080000e+00 65 155.000237 2014 
5.080000e+00 65 4.217693 2015 
5.080000e+00 65 108.404346 2016 
5.080000e+00 65 71.617322 2017 
5.080000e+00 65 NaN 2018 
5.080000e+00 65 99.890540 2019 
5.080000e+00 66 NaN 2010 
5.080000e+00 66 83.421563 2011 
5.080000e+00 66 161.127515 2012 
5.080000e+00 66 64.935523 2013 
5.080000e+00 66 114.602870 2014 
5.080000e+00 66 193.000013 2015 
5.080000e+00 66 48.205824 2016 
5.080000e+00 66 152.605139 2017 
5.080000e+00 66 6.664576 2018 
5.080000e+00 66 102.058250 2019 
5.080000e+00 67 NaN 2007 
5.080000e+00 67 55.819943 2008 
5.080000e+00 67 76.049178 2009 
5.080000e+00 67 58.962804 2010 
5.080000e+00 67 79.342083 2011 
5.080000e+00 67 132.937488 2012 
5.080000e+00 67 NaN 2013 
5.080000e+00 67 5.395977 2014 
5.080000e+00 67 3.731966 2015 
5.080000e+00 67 120.001947 2016 
5.080000e+00 67 NaN 2017 
5.080000e+00 67 NaN 2018 
5.080000e+00 68 NaN 2009 
5.080000e+00 68 33.649658 2010 
5.080000e+00 68 80.187116 2011 
5.080000e+00 68 135.502697 2012 
5.080000e+00 68 93.310011 2013 
5.080000e+00 68 64.573594 2014 
5.080000e+00 68 NaN 2015 
5.080000e+00 68 39.579871 2016 
5.080000e+00 68 90.478937 2017 
5.080000e+00 68 10.000048 2018 
5.080000e+00 68 40.825086 2019 
5.080000e+00 69 NaN 2005 
5.080000e+00 69 NaN 2006 
5.080000e+00 69 NaN 2007 
5.080000e+00 69 4.182873 2008 
5.080000e+00 69 77.608853 2009 
5.080000e+00 69 NaN 2010 
5.080000e+00 71 NaN 2008 
5.080000e+00 71 37.453354 2009 
5.080000e+00 71 106.043464 2010 
5.080000e+00 71 106.384748 2011 
5.080000e+00 71 176.426203 2012 
5.080000e+00 71 130.998293 2013 
5.080000e+00 71 31.828989 2014 
5.080000e+00 71 75.985508 2015 
5.080000e+00 71 87.583732 2016 
5.080000e+00 71 79.782230 2017 
5.080000e+00 71 177.056121 2018 
5.080000e+00 71 61.422790 2019 
5.080000e+00 72 NaN 2008 
5.080000e+00 72 37.451061 2009 
5.080000e+00 72 106.043057 2010 
5.080000e+00 72 106.380889 2011 
5.080000e+00 72 176.427634 2012 
5.080000e+00 72 130.999549 2013 
5.080000e+00 72 31.828634 2014 
5.080000e+00 72 75.515094 2015 
5.080000e+00 72 88.661936 2016 
5.080000e+00 72 80.172206 2017 
5.080000e+00 72 177.084283 2018 
5.080000e+00 72 61.422835 2019 
5.080000e+00 76 NaN 2015 
5.080000e+00 76 23.000217 2016 
5.080000e+00 76 NaN 2017 
5.080000e+00 76 4.818217 2018 
5.080000e+00 76 85.000548 2019 
5.080000e+00 77 NaN 2010 
5.080000e+00 77 170.416327 2011 
5.080000e+00 77 NaN 2012 
5.080000e+00 77 3.777190 2013 
5.080000e+00 77 6.958501 2014 
5.080000e+00 77 50.877560 2015 
5.080000e+00 77 116.664333 2016 
5.080000e+00 77 NaN 2017 
5.080000e+00 77 122.284347 2018 
5.080000e+00 77 91.407677 2019 
5.080000e+00 78 NaN 2010 
5.080000e+00 78 NaN 2011 
5.080000e+00 78 21.721309 2012 
5.080000e+00 78 NaN 2013 
5.080000e+00 78 8.567839 2014 
5.080000e+00 78 9.020930 2015 
5.080000e+00 78 NaN 2016 
5.080000e+00 78 NaN 2017 
5.080000e+00 78 NaN 2018 
5.080000e+00 79 NaN 2012 
5.080000e+00 79 NaN 2013 
5.080000e+00 79 3.676154 2014 
5.080000e+00 79 7.921428 2015 
5.080000e+00 79 NaN 2016 
5.080000e+00 80 NaN 2009 
5.080000e+00 80 102.173402 2010 
5.080000e+00 80 53.875980 2011 
5.080000e+00 80 90.622494 2012 
5.080000e+00 80 NaN 2013 
5.080000e+00 80 144.794149 2014 
5.080000e+00 80 154.044124 2015 
5.080000e+00 80 97.332918 2016 
5.080000e+00 81 NaN 2016 
5.080000e+00 81 11.314258 2017 
5.080000e+00 82 NaN 2010 
5.080000e+00 82 77.419223 2011 
5.080000e+00 82 50.999999 2012 
5.080000e+00 82 140.486407 2013 
5.080000e+00 82 184.000041 2014 
5.080000e+00 82 NaN 2015 
5.080000e+00 82 28.590152 2016 
5.080000e+00 82 120.214697 2017 
5.080000e+00 82 NaN 2018 
5.080000e+00 82 10.133461 2019 
5.080000e+00 83 NaN 2010 
5.080000e+00 83 124.499403 2011 
5.080000e+00 83 36.407106 2012 
5.080000e+00 83 135.428736 2013 
5.080000e+00 83 4.603675 2014 
5.080000e+00 83 52.569665 2015 
5.080000e+00 83 48.625720 2016 
5.080000e+00 83 201.052937 2017 
5.080000e+00 83 7.620599 2018 
5.080000e+00 83 61.405562 2019 
5.080000e+00 84 NaN 2015 
5.080000e+00 84 17.993616 2016 
5.080000e+00 84 165.568118 2017 
5.080000e+00 84 67.781850 2018 
5.080000e+00 84 NaN 2019 
5.080000e+00 85 NaN 2007 
5.080000e+00 85 3.539501 2008 
5.080000e+00 85 84.518346 2009 
5.080000e+00 85 38.679089 2010 
5.080000e+00 85 86.707826 2011 
5.080000e+00 85 98.331607 2012 
5.080000e+00 85 70.358811 2013 
5.080000e+00 85 NaN 2014 
5.080000e+00 85 16.705947 2015 
5.080000e+00 85 124.784377 2016 
5.080000e+00 85 NaN 2017 
5.080000e+00 85 NaN 2018 
5.080000e+00 85 NaN 2019 
5.080000e+00 86 NaN 2014 
5.080000e+00 86 15.131365 2015 
5.080000e+00 86 123.754663 2016 
5.080000e+00 86 NaN 2017 
5.080000e+00 86 NaN 2018 
5.080000e+00 86 NaN 2019 
5.080000e+00 87 NaN 2010 
5.080000e+00 87 87.459504 2011 
5.080000e+00 87 48.099132 2012 
5.080000e+00 87 125.833013 2013 
5.080000e+00 87 19.300487 2014 
5.080000e+00 87 23.093020 2015 
5.080000e+00 87 127.274306 2016 
5.080000e+00 87 63.490514 2017 
5.080000e+00 87 5.195217 2018 
5.080000e+00 87 NaN 2019 
5.080000e+00 88 NaN 2010 
5.080000e+00 88 83.350318 2011 
5.080000e+00 88 NaN 2012 
5.080000e+00 88 NaN 2013 
5.080000e+00 88 6.440199 2014 
5.080000e+00 88 17.294471 2015 
5.080000e+00 88 110.999996 2016 
5.080000e+00 88 143.063398 2017 
5.080000e+00 88 NaN 2018 
5.080000e+00 88 243.059238 2019 
5.080000e+00 89 NaN 2007 
5.080000e+00 89 9.500930 2008 
5.080000e+00 89 207.981989 2009 
5.080000e+00 89 56.928419 2010 
5.080000e+00 89 36.559356 2011 
5.080000e+00 89 51.515060 2012 
5.080000e+00 89 8.933164 2013 
5.080000e+00 89 42.506722 2014 
5.080000e+00 89 40.371142 2015 
5.080000e+00 89 38.073873 2016 
5.080000e+00 89 100.999981 2017 
5.080000e+00 89 18.537602 2018 
5.080000e+00 89 129.294282 2019 
5.080000e+00 89 40.905166 2020 
5.080000e+00 90 NaN 2001 
5.080000e+00 90 4.657092 2002 
5.080000e+00 90 6.941524 2003 
5.080000e+00 90 15.849623 2004 
5.080000e+00 90 27.937386 2005 
5.080000e+00 90 NaN 2006 
5.080000e+00 90 58.300226 2007 
5.080000e+00 90 NaN 2008 
5.080000e+00 90 4.000381 2009 
5.080000e+00 90 6.462547 2010 
5.080000e+00 90 10.895362 2011 
5.080000e+00 90 7.566532 2012 
5.080000e+00 90 24.512469 2013 
5.080000e+00 90 10.765691 2014 
5.080000e+00 90 NaN 2015 
5.080000e+00 90 NaN 2016 
5.080000e+00 90 63.247396 2017 
5.080000e+00 90 7.490157 2018 
5.080000e+00 90 46.671244 2019 
5.080000e+00 91 NaN 2005 
5.080000e+00 91 NaN 2006 
5.080000e+00 91 7.000000 2007 
5.080000e+00 91 NaN 2008 
5.080000e+00 91 31.454524 2009 
5.080000e+00 91 NaN 2010 
5.080000e+00 91 NaN 2011 
5.080000e+00 91 5.840831 2012 
5.080000e+00 91 NaN 2013 
5.080000e+00 91 NaN 2014 
10 1 NaN 2001 
10 1 157.616582 2001 
10 1 16.424589 2002 
10 1 36.830992 2003 
10 1 127.100504 2004 
10 1 129.723472 2005 
10 1 NaN 2006 
10 1 43.000000 2007 
10 1 51.673767 2008 
10 1 69.135607 2009 
10 1 52.545697 2010 
10 1 84.204115 2011 
10 1 168.703623 2012 
10 1 133.497155 2013 
10 1 28.218749 2014 
10 1 202.996871 2015 
10 1 111.442702 2016 
10 1 54.991482 2017 
10 1 19.891484 2018 
10 1 158.492223 2019 
