5.080000e+00 1 NaN 2001 
5.080000e+00 1 91.564841 2001 
5.080000e+00 1 99.414738 2002 
5.080000e+00 1 87.000005 2003 
5.080000e+00 2 NaN 2004 
5.080000e+00 2 93.009168 2005 
5.080000e+00 2 118.000000 2006 
5.080000e+00 2 96.325454 2007 
5.080000e+00 2 NaN 2008 
5.080000e+00 2 95.938387 2009 
5.080000e+00 2 124.000390 2010 
5.080000e+00 2 117.000000 2011 
5.080000e+00 2 119.571703 2012 
5.080000e+00 2 NaN 2013 
5.080000e+00 2 111.474831 2014 
5.080000e+00 2 109.587391 2015 
5.080000e+00 2 60.000000 2016 
5.080000e+00 2 62.374266 2017 
5.080000e+00 2 45.999986 2018 
5.080000e+00 2 110.719308 2019 
5.080000e+00 3 NaN 2016 
5.080000e+00 3 -140.787878 2017 
5.080000e+00 3 NaN 2018 
5.080000e+00 4 NaN 2005 
5.080000e+00 4 NaN 2006 
5.080000e+00 4 135.000000 2007 
5.080000e+00 4 NaN 2008 
5.080000e+00 4 NaN 2009 
5.080000e+00 4 NaN 2010 
5.080000e+00 4 NaN 2011 
5.080000e+00 4 103.913678 2012 
5.080000e+00 4 133.600913 2013 
5.080000e+00 4 NaN 2014 
5.080000e+00 4 NaN 2015 
5.080000e+00 4 48.655759 2016 
5.080000e+00 4 NaN 2017 
5.080000e+00 5 NaN 2001 
5.080000e+00 5 190.999999 2001 
5.080000e+00 5 285.000015 2002 
5.080000e+00 5 157.000002 2003 
5.080000e+00 5 NaN 2004 
5.080000e+00 5 242.242305 2005 
5.080000e+00 9 NaN 2007 
5.080000e+00 9 289.420155 2008 
5.080000e+00 9 201.832273 2009 
5.080000e+00 9 260.362296 2010 
5.080000e+00 9 NaN 2011 
5.080000e+00 9 236.000000 2012 
5.080000e+00 9 NaN 2013 
5.080000e+00 9 157.008784 2014 
5.080000e+00 9 251.100804 2015 
5.080000e+00 9 199.326117 2016 
5.080000e+00 9 252.616067 2017 
5.080000e+00 9 NaN 2018 
5.080000e+00 9 116.260850 2019 
5.080000e+00 10 NaN 2007 
5.080000e+00 10 236.963049 2008 
5.080000e+00 10 240.891146 2009 
5.080000e+00 10 248.531589 2010 
5.080000e+00 10 215.341932 2011 
5.080000e+00 10 267.958823 2012 
5.080000e+00 10 107.000000 2013 
5.080000e+00 10 239.390870 2014 
5.080000e+00 10 247.872716 2015 
5.080000e+00 10 208.596595 2016 
5.080000e+00 10 234.314360 2017 
5.080000e+00 10 NaN 2018 
5.080000e+00 10 253.076613 2019 
5.080000e+00 11 NaN 2015 
5.080000e+00 11 -92.000000 2016 
5.080000e+00 11 -153.171434 2017 
5.080000e+00 11 -116.555909 2018 
5.080000e+00 11 -49.096874 2019 
5.080000e+00 11 -161.982824 2020 
5.080000e+00 12 NaN 2006 
5.080000e+00 12 259.000000 2007 
5.080000e+00 12 144.999990 2008 
5.080000e+00 12 227.294433 2009 
5.080000e+00 12 234.501619 2010 
5.080000e+00 12 238.057904 2011 
5.080000e+00 12 198.132154 2012 
5.080000e+00 12 202.624991 2013 
5.080000e+00 12 238.573007 2014 
5.080000e+00 12 135.999988 2015 
5.080000e+00 13 NaN 2017 
5.080000e+00 13 -151.355910 2018 
5.080000e+00 13 -166.073190 2019 
5.080000e+00 14 NaN 2014 
5.080000e+00 14 -22.000000 2015 
5.080000e+00 14 NaN 2016 
5.080000e+00 14 -136.758868 2017 
5.080000e+00 14 -67.127303 2018 
5.080000e+00 14 -56.254683 2019 
5.080000e+00 14 16.725561 2020 
5.080000e+00 15 NaN 2005 
5.080000e+00 15 NaN 2006 
5.080000e+00 15 135.999999 2007 
5.080000e+00 15 NaN 2008 
5.080000e+00 15 1.453983 2009 
5.080000e+00 15 -45.056116 2010 
5.080000e+00 15 117.485973 2011 
5.080000e+00 15 118.864712 2012 
5.080000e+00 15 NaN 2013 
5.080000e+00 15 NaN 2014 
5.080000e+00 17 -19.293194 2015 
5.080000e+00 17 -156.999913 2016 
5.080000e+00 17 -146.711728 2017 
5.080000e+00 17 -102.518560 2018 
5.080000e+00 17 -42.883198 2019 
5.080000e+00 17 -44.486910 2020 
5.080000e+00 19 NaN 2013 
5.080000e+00 19 248.502201 2014 
5.080000e+00 21 NaN 2007 
5.080000e+00 21 237.865534 2008 
5.080000e+00 21 224.858635 2009 
5.080000e+00 21 256.315173 2010 
5.080000e+00 21 203.975332 2011 
5.080000e+00 21 202.303579 2012 
5.080000e+00 21 159.000000 2013 
5.080000e+00 21 158.746349 2014 
5.080000e+00 21 140.202914 2015 
5.080000e+00 21 218.626413 2016 
5.080000e+00 21 246.673337 2017 
5.080000e+00 21 NaN 2018 
5.080000e+00 21 NaN 2019 
5.080000e+00 22 NaN 2007 
5.080000e+00 22 236.416766 2008 
5.080000e+00 22 231.357192 2009 
5.080000e+00 22 249.397536 2010 
5.080000e+00 22 213.727445 2011 
5.080000e+00 22 167.969767 2012 
5.080000e+00 22 178.973245 2013 
5.080000e+00 22 249.000013 2014 
5.080000e+00 22 109.988342 2015 
5.080000e+00 22 217.660937 2016 
5.080000e+00 22 233.540137 2017 
5.080000e+00 22 190.423031 2018 
5.080000e+00 22 209.814597 2019 
5.080000e+00 24 NaN 2012 
5.080000e+00 24 96.874145 2013 
5.080000e+00 24 161.000000 2014 
5.080000e+00 24 107.999984 2015 
5.080000e+00 24 166.000000 2016 
5.080000e+00 24 123.553850 2017 
5.080000e+00 24 NaN 2018 
5.080000e+00 25 NaN 2001 
5.080000e+00 25 -132.533762 2002 
5.080000e+00 25 -135.893880 2003 
5.080000e+00 25 -66.222992 2004 
5.080000e+00 26 NaN 2005 
5.080000e+00 26 -95.750635 2006 
5.080000e+00 26 -166.596195 2007 
5.080000e+00 26 -211.000779 2008 
5.080000e+00 26 -203.999987 2009 
5.080000e+00 26 -185.024330 2010 
5.080000e+00 26 -72.268218 2011 
5.080000e+00 26 -104.238034 2012 
5.080000e+00 26 -138.503397 2013 
5.080000e+00 26 -146.303261 2014 
5.080000e+00 26 -87.491715 2015 
5.080000e+00 26 -215.000006 2016 
5.080000e+00 26 -42.123986 2017 
5.080000e+00 26 -173.937078 2018 
5.080000e+00 26 -195.333577 2019 
5.080000e+00 27 NaN 2010 
5.080000e+00 27 216.536116 2011 
5.080000e+00 27 182.999998 2012 
5.080000e+00 27 219.915300 2013 
5.080000e+00 27 252.453284 2014 
5.080000e+00 27 117.387309 2015 
5.080000e+00 27 208.819821 2016 
5.080000e+00 27 240.381060 2017 
5.080000e+00 27 289.233124 2018 
5.080000e+00 27 254.467076 2019 
5.080000e+00 28 NaN 2007 
5.080000e+00 28 241.124793 2008 
5.080000e+00 28 229.392791 2009 
5.080000e+00 28 253.902208 2010 
5.080000e+00 28 191.999982 2011 
5.080000e+00 28 202.059214 2012 
5.080000e+00 28 178.093491 2013 
5.080000e+00 28 94.392033 2014 
5.080000e+00 28 118.735089 2015 
5.080000e+00 28 164.999999 2016 
5.080000e+00 28 174.096071 2017 
5.080000e+00 28 NaN 2018 
5.080000e+00 28 201.522685 2019 
5.080000e+00 29 NaN 2010 
5.080000e+00 29 208.586770 2011 
5.080000e+00 29 271.663208 2012 
5.080000e+00 29 190.447891 2013 
5.080000e+00 29 231.188054 2014 
5.080000e+00 29 244.166272 2015 
5.080000e+00 29 229.444781 2016 
5.080000e+00 29 247.865645 2017 
5.080000e+00 29 236.993845 2018 
5.080000e+00 29 197.454202 2019 
5.080000e+00 30 NaN 2010 
5.080000e+00 30 217.000072 2011 
5.080000e+00 30 162.640258 2012 
5.080000e+00 30 110.003656 2013 
5.080000e+00 30 158.999169 2014 
5.080000e+00 30 105.348638 2015 
5.080000e+00 30 179.241076 2016 
5.080000e+00 30 240.249655 2017 
5.080000e+00 30 117.173374 2018 
5.080000e+00 30 196.984419 2019 
5.080000e+00 31 NaN 2010 
5.080000e+00 31 218.952858 2011 
5.080000e+00 31 158.968229 2012 
5.080000e+00 31 112.000411 2013 
5.080000e+00 31 172.144942 2014 
5.080000e+00 31 106.859971 2015 
5.080000e+00 31 220.548592 2016 
5.080000e+00 31 255.604992 2017 
5.080000e+00 31 NaN 2018 
5.080000e+00 31 265.060088 2019 
5.080000e+00 33 NaN 2006 
5.080000e+00 33 NaN 2007 
5.080000e+00 33 -88.185830 2008 
5.080000e+00 33 -84.933024 2009 
5.080000e+00 35 NaN 2008 
5.080000e+00 35 -156.542729 2009 
5.080000e+00 35 -101.369104 2010 
5.080000e+00 35 -63.868394 2011 
5.080000e+00 35 -93.483458 2012 
5.080000e+00 35 -137.031352 2013 
5.080000e+00 35 -140.972957 2014 
5.080000e+00 35 -84.536893 2015 
5.080000e+00 35 -104.022691 2016 
5.080000e+00 35 -51.664682 2017 
5.080000e+00 35 -167.999993 2018 
5.080000e+00 35 -177.999803 2019 
5.080000e+00 35 -187.461519 2020 
5.080000e+00 36 NaN 2009 
5.080000e+00 36 209.395405 2010 
5.080000e+00 36 215.839081 2011 
5.080000e+00 36 172.463480 2012 
5.080000e+00 36 193.241615 2013 
5.080000e+00 36 NaN 2014 
5.080000e+00 36 129.018791 2015 
5.080000e+00 36 202.114078 2016 
5.080000e+00 36 215.737757 2017 
5.080000e+00 36 172.125373 2018 
5.080000e+00 36 193.409240 2019 
5.080000e+00 37 NaN 2010 
5.080000e+00 37 114.362784 2011 
5.080000e+00 37 117.889698 2012 
5.080000e+00 37 NaN 2013 
5.080000e+00 37 128.253785 2014 
5.080000e+00 37 104.399739 2015 
5.080000e+00 37 111.681067 2016 
5.080000e+00 37 57.668102 2017 
5.080000e+00 37 75.504799 2018 
5.080000e+00 37 111.506862 2019 
5.080000e+00 38 NaN 2010 
5.080000e+00 38 114.362784 2011 
5.080000e+00 38 117.889698 2012 
5.080000e+00 38 NaN 2013 
5.080000e+00 38 128.253785 2014 
5.080000e+00 38 104.399739 2015 
5.080000e+00 38 111.681067 2016 
5.080000e+00 38 57.668102 2017 
5.080000e+00 38 75.504799 2018 
5.080000e+00 38 111.506862 2019 
5.080000e+00 39 NaN 2010 
5.080000e+00 39 114.362784 2011 
5.080000e+00 39 117.889698 2012 
5.080000e+00 39 NaN 2013 
5.080000e+00 39 128.253785 2014 
5.080000e+00 39 104.399739 2015 
5.080000e+00 39 111.681067 2016 
5.080000e+00 39 57.668102 2017 
5.080000e+00 39 75.504799 2018 
5.080000e+00 39 111.506862 2019 
5.080000e+00 40 NaN 2013 
5.080000e+00 40 NaN 2014 
5.080000e+00 40 253.155883 2015 
5.080000e+00 40 189.000682 2016 
5.080000e+00 40 NaN 2017 
5.080000e+00 40 NaN 2018 
5.080000e+00 40 252.892142 2019 
5.080000e+00 41 NaN 2008 
5.080000e+00 41 214.078826 2009 
5.080000e+00 41 195.030107 2010 
5.080000e+00 41 199.861203 2011 
5.080000e+00 41 225.591146 2012 
5.080000e+00 42 NaN 2013 
5.080000e+00 42 156.129186 2014 
5.080000e+00 42 251.460264 2015 
5.080000e+00 42 191.000364 2016 
5.080000e+00 42 NaN 2017 
5.080000e+00 42 NaN 2018 
5.080000e+00 42 115.412090 2019 
5.080000e+00 44 NaN 2007 
5.080000e+00 44 NaN 2008 
5.080000e+00 44 -151.605061 2009 
5.080000e+00 44 -103.609275 2010 
5.080000e+00 44 -63.000000 2011 
5.080000e+00 44 -84.032624 2012 
5.080000e+00 44 -139.007915 2013 
5.080000e+00 44 -156.284159 2014 
5.080000e+00 44 -64.583160 2015 
5.080000e+00 44 -108.275964 2016 
5.080000e+00 46 NaN 2012 
5.080000e+00 46 NaN 2013 
5.080000e+00 47 NaN 2005 
5.080000e+00 47 NaN 2006 
5.080000e+00 47 NaN 2007 
5.080000e+00 47 NaN 2008 
5.080000e+00 47 115.665113 2009 
5.080000e+00 47 82.734307 2010 
5.080000e+00 47 117.397615 2011 
5.080000e+00 48 NaN 2016 
5.080000e+00 48 126.095051 2017 
5.080000e+00 48 135.000000 2018 
5.080000e+00 48 39.910961 2019 
5.080000e+00 49 NaN 2001 
5.080000e+00 49 160.507892 2001 
5.080000e+00 49 186.993508 2002 
5.080000e+00 49 217.311448 2003 
5.080000e+00 49 202.284518 2004 
5.080000e+00 49 132.439219 2005 
5.080000e+00 49 174.168145 2006 
5.080000e+00 50 NaN 2007 
5.080000e+00 50 186.226604 2008 
5.080000e+00 50 224.243875 2009 
5.080000e+00 50 204.317537 2010 
5.080000e+00 50 175.223742 2011 
5.080000e+00 50 171.225501 2012 
5.080000e+00 50 193.942220 2013 
5.080000e+00 50 165.001440 2014 
5.080000e+00 50 189.166976 2015 
5.080000e+00 50 172.637088 2016 
5.080000e+00 50 181.635412 2017 
5.080000e+00 50 179.482540 2018 
5.080000e+00 50 201.699599 2019 
5.080000e+00 51 NaN 2010 
5.080000e+00 51 216.774502 2011 
5.080000e+00 51 233.756331 2012 
5.080000e+00 51 189.873592 2013 
5.080000e+00 51 159.220331 2014 
5.080000e+00 51 194.658243 2015 
5.080000e+00 51 200.674037 2016 
5.080000e+00 51 NaN 2017 
5.080000e+00 51 279.722566 2018 
5.080000e+00 51 281.270446 2019 
5.080000e+00 52 NaN 2010 
5.080000e+00 52 153.999995 2011 
5.080000e+00 52 114.929083 2012 
5.080000e+00 52 NaN 2013 
5.080000e+00 52 114.941949 2014 
5.080000e+00 52 137.106307 2015 
5.080000e+00 52 208.596676 2016 
5.080000e+00 52 119.999980 2017 
5.080000e+00 52 121.000879 2018 
5.080000e+00 52 160.666272 2019 
5.080000e+00 53 NaN 2007 
5.080000e+00 53 293.070964 2008 
5.080000e+00 53 220.179014 2009 
5.080000e+00 53 240.956146 2010 
5.080000e+00 53 196.565694 2011 
5.080000e+00 53 224.455575 2012 
5.080000e+00 54 NaN 2013 
5.080000e+00 54 NaN 2014 
5.080000e+00 54 252.964011 2015 
5.080000e+00 54 213.511193 2016 
5.080000e+00 54 271.987562 2017 
5.080000e+00 54 NaN 2018 
5.080000e+00 54 251.809371 2019 
5.080000e+00 55 NaN 2006 
5.080000e+00 55 183.999999 2007 
5.080000e+00 55 184.370580 2008 
5.080000e+00 55 202.462001 2009 
5.080000e+00 55 206.482498 2010 
5.080000e+00 55 199.479039 2011 
5.080000e+00 55 166.000000 2012 
5.080000e+00 55 211.737490 2013 
5.080000e+00 55 146.000035 2014 
5.080000e+00 55 123.999805 2015 
5.080000e+00 55 192.203785 2016 
5.080000e+00 55 178.722401 2017 
5.080000e+00 55 179.439607 2018 
5.080000e+00 55 193.774943 2019 
5.080000e+00 56 NaN 2009 
5.080000e+00 56 210.777916 2010 
5.080000e+00 56 189.841959 2011 
5.080000e+00 56 179.000001 2012 
5.080000e+00 56 194.177273 2013 
5.080000e+00 56 199.247757 2014 
5.080000e+00 56 183.446605 2015 
5.080000e+00 56 209.763062 2016 
5.080000e+00 56 261.720852 2017 
5.080000e+00 56 297.448362 2018 
5.080000e+00 56 194.308947 2019 
5.080000e+00 57 NaN 2007 
5.080000e+00 57 244.551312 2008 
5.080000e+00 57 113.277591 2009 
5.080000e+00 57 237.860617 2010 
5.080000e+00 57 197.836115 2011 
5.080000e+00 57 153.075352 2012 
5.080000e+00 57 117.877847 2013 
5.080000e+00 57 147.337924 2014 
5.080000e+00 57 95.000097 2015 
5.080000e+00 57 200.256028 2016 
5.080000e+00 57 139.944271 2017 
5.080000e+00 57 115.000588 2018 
5.080000e+00 57 180.247443 2019 
5.080000e+00 58 NaN 2007 
5.080000e+00 58 242.165382 2008 
5.080000e+00 58 161.516621 2009 
5.080000e+00 58 238.228883 2010 
5.080000e+00 58 213.876929 2011 
5.080000e+00 58 168.622593 2012 
5.080000e+00 58 106.247083 2013 
5.080000e+00 58 148.175758 2014 
5.080000e+00 58 105.693630 2015 
5.080000e+00 58 219.033580 2016 
5.080000e+00 58 252.174960 2017 
5.080000e+00 58 118.940579 2018 
5.080000e+00 58 107.917770 2019 
5.080000e+00 59 NaN 2007 
5.080000e+00 59 -13.061390 2008 
5.080000e+00 59 -202.000007 2009 
5.080000e+00 59 -197.032457 2010 
5.080000e+00 59 -144.646953 2011 
5.080000e+00 59 -104.422827 2012 
5.080000e+00 59 -143.613536 2013 
5.080000e+00 59 -139.850411 2014 
5.080000e+00 59 -164.000000 2015 
5.080000e+00 59 -213.000012 2016 
5.080000e+00 59 -172.280024 2017 
5.080000e+00 59 -178.865799 2018 
5.080000e+00 59 -178.961958 2019 
5.080000e+00 59 -158.112988 2020 
5.080000e+00 60 NaN 2014 
5.080000e+00 60 NaN 2015 
5.080000e+00 60 196.161690 2016 
5.080000e+00 60 209.416265 2017 
5.080000e+00 60 243.595419 2018 
5.080000e+00 60 250.489340 2019 
5.080000e+00 61 NaN 2007 
5.080000e+00 61 246.509755 2008 
5.080000e+00 61 242.758216 2009 
5.080000e+00 61 261.266389 2010 
5.080000e+00 61 218.824228 2011 
5.080000e+00 61 201.974426 2012 
5.080000e+00 61 190.963926 2013 
5.080000e+00 61 159.999834 2014 
5.080000e+00 61 122.999995 2015 
5.080000e+00 61 168.168643 2016 
5.080000e+00 61 269.900438 2017 
5.080000e+00 61 NaN 2018 
5.080000e+00 61 NaN 2019 
5.080000e+00 62 NaN 2008 
5.080000e+00 62 -83.113689 2009 
5.080000e+00 62 NaN 2010 
5.080000e+00 62 -78.057453 2011 
5.080000e+00 62 -135.531256 2012 
5.080000e+00 62 NaN 2013 
5.080000e+00 62 -161.213426 2014 
5.080000e+00 62 NaN 2015 
5.080000e+00 62 NaN 2016 
5.080000e+00 62 NaN 2017 
5.080000e+00 62 -60.050731 2018 
5.080000e+00 62 -56.000000 2019 
5.080000e+00 63 NaN 2001 
5.080000e+00 63 186.000000 2001 
5.080000e+00 63 NaN 2002 
5.080000e+00 63 158.000000 2003 
5.080000e+00 63 224.000000 2004 
5.080000e+00 63 141.092447 2005 
5.080000e+00 63 NaN 2006 
5.080000e+00 65 NaN 2010 
5.080000e+00 65 199.999999 2011 
5.080000e+00 65 202.163099 2012 
5.080000e+00 65 NaN 2013 
5.080000e+00 65 146.999807 2014 
5.080000e+00 65 150.225782 2015 
5.080000e+00 65 216.595694 2016 
5.080000e+00 65 251.150487 2017 
5.080000e+00 65 NaN 2018 
5.080000e+00 65 258.775082 2019 
5.080000e+00 66 NaN 2010 
5.080000e+00 66 208.882729 2011 
5.080000e+00 66 203.872419 2012 
5.080000e+00 66 211.890072 2013 
5.080000e+00 66 232.858211 2014 
5.080000e+00 66 122.999987 2015 
5.080000e+00 66 234.764463 2016 
5.080000e+00 66 171.081640 2017 
5.080000e+00 66 181.461689 2018 
5.080000e+00 66 197.000000 2019 
5.080000e+00 67 NaN 2007 
5.080000e+00 67 245.180057 2008 
5.080000e+00 67 199.554598 2009 
5.080000e+00 67 242.037447 2010 
5.080000e+00 67 196.999857 2011 
5.080000e+00 67 189.062512 2012 
5.080000e+00 67 NaN 2013 
5.080000e+00 67 156.604023 2014 
5.080000e+00 67 136.268034 2015 
5.080000e+00 67 188.998084 2016 
5.080000e+00 67 NaN 2017 
5.080000e+00 67 NaN 2018 
5.080000e+00 68 NaN 2009 
5.080000e+00 68 275.790944 2010 
5.080000e+00 68 210.717667 2011 
5.080000e+00 68 190.497302 2012 
5.080000e+00 68 228.690125 2013 
5.080000e+00 68 152.237764 2014 
5.080000e+00 68 NaN 2015 
5.080000e+00 68 212.874588 2016 
5.080000e+00 68 218.521062 2017 
5.080000e+00 68 184.999952 2018 
5.080000e+00 68 253.824118 2019 
5.080000e+00 69 NaN 2005 
5.080000e+00 69 NaN 2006 
5.080000e+00 69 NaN 2007 
5.080000e+00 69 -33.509920 2008 
5.080000e+00 69 49.391147 2009 
5.080000e+00 69 41.000047 2010 
5.080000e+00 71 NaN 2008 
5.080000e+00 71 270.854751 2009 
5.080000e+00 71 202.458065 2010 
5.080000e+00 71 194.480964 2011 
5.080000e+00 71 171.573796 2012 
5.080000e+00 71 206.001707 2013 
5.080000e+00 71 171.707670 2014 
5.080000e+00 71 174.541637 2015 
5.080000e+00 71 204.416268 2016 
5.080000e+00 71 216.736122 2017 
5.080000e+00 71 120.000113 2018 
5.080000e+00 71 250.179942 2019 
5.080000e+00 72 NaN 2008 
5.080000e+00 72 270.854838 2009 
5.080000e+00 72 202.458064 2010 
5.080000e+00 72 194.483336 2011 
5.080000e+00 72 171.572365 2012 
5.080000e+00 72 206.000450 2013 
5.080000e+00 72 171.707882 2014 
5.080000e+00 72 174.998703 2015 
5.080000e+00 72 203.473617 2016 
5.080000e+00 72 216.735275 2017 
5.080000e+00 72 120.000160 2018 
5.080000e+00 72 250.179918 2019 
5.080000e+00 76 NaN 2015 
5.080000e+00 76 203.000000 2016 
5.080000e+00 76 154.853946 2017 
5.080000e+00 76 98.217321 2018 
5.080000e+00 76 136.000000 2019 
5.080000e+00 77 NaN 2010 
5.080000e+00 77 125.847476 2011 
5.080000e+00 77 202.194413 2012 
5.080000e+00 77 159.000000 2013 
5.080000e+00 77 158.956137 2014 
5.080000e+00 77 103.315024 2015 
5.080000e+00 77 174.548971 2016 
5.080000e+00 77 NaN 2017 
5.080000e+00 77 252.983478 2018 
5.080000e+00 77 250.592322 2019 
5.080000e+00 78 NaN 2010 
5.080000e+00 78 NaN 2011 
5.080000e+00 78 151.075020 2012 
5.080000e+00 78 NaN 2013 
5.080000e+00 78 112.437281 2014 
5.080000e+00 78 132.979070 2015 
5.080000e+00 78 NaN 2016 
5.080000e+00 78 NaN 2017 
5.080000e+00 78 NaN 2018 
5.080000e+00 79 NaN 2012 
5.080000e+00 79 NaN 2013 
5.080000e+00 79 158.000000 2014 
5.080000e+00 79 136.236330 2015 
5.080000e+00 79 139.203124 2016 
5.080000e+00 80 NaN 2009 
5.080000e+00 80 -105.661977 2010 
5.080000e+00 80 -65.626612 2011 
5.080000e+00 80 -88.174171 2012 
5.080000e+00 80 NaN 2013 
5.080000e+00 80 -163.999963 2014 
5.080000e+00 80 -167.152314 2015 
5.080000e+00 80 -110.999532 2016 
5.080000e+00 81 NaN 2016 
5.080000e+00 81 -44.314259 2017 
5.080000e+00 82 NaN 2010 
5.080000e+00 82 220.113802 2011 
5.080000e+00 82 196.000001 2012 
5.080000e+00 82 187.513600 2013 
5.080000e+00 82 156.999959 2014 
5.080000e+00 82 NaN 2015 
5.080000e+00 82 196.417705 2016 
5.080000e+00 82 270.948078 2017 
5.080000e+00 82 NaN 2018 
5.080000e+00 82 207.999997 2019 
5.080000e+00 83 NaN 2010 
5.080000e+00 83 175.500880 2011 
5.080000e+00 83 112.000000 2012 
5.080000e+00 83 250.867864 2013 
5.080000e+00 83 112.640661 2014 
5.080000e+00 83 107.999999 2015 
5.080000e+00 83 139.000000 2016 
5.080000e+00 83 128.947061 2017 
5.080000e+00 83 120.894602 2018 
5.080000e+00 83 161.450780 2019 
5.080000e+00 84 NaN 2015 
5.080000e+00 84 -93.993616 2016 
5.080000e+00 84 -181.000002 2017 
5.080000e+00 84 -107.386165 2018 
5.080000e+00 84 NaN 2019 
5.080000e+00 85 NaN 2007 
5.080000e+00 85 259.530570 2008 
5.080000e+00 85 198.688051 2009 
5.080000e+00 85 259.194347 2010 
5.080000e+00 85 195.681093 2011 
5.080000e+00 85 221.440920 2012 
5.080000e+00 85 205.757014 2013 
5.080000e+00 85 NaN 2014 
5.080000e+00 85 251.773767 2015 
5.080000e+00 85 181.215623 2016 
5.080000e+00 85 270.945480 2017 
5.080000e+00 85 NaN 2018 
5.080000e+00 85 NaN 2019 
5.080000e+00 86 NaN 2014 
5.080000e+00 86 252.551811 2015 
5.080000e+00 86 181.245337 2016 
5.080000e+00 86 270.983438 2017 
5.080000e+00 86 NaN 2018 
5.080000e+00 86 NaN 2019 
5.080000e+00 87 NaN 2010 
5.080000e+00 87 215.565682 2011 
5.080000e+00 87 268.900868 2012 
5.080000e+00 87 222.166986 2013 
5.080000e+00 87 194.804818 2014 
5.080000e+00 87 136.099405 2015 
5.080000e+00 87 188.725694 2016 
5.080000e+00 87 247.509485 2017 
5.080000e+00 87 118.138928 2018 
5.080000e+00 87 NaN 2019 
5.080000e+00 88 NaN 2010 
5.080000e+00 88 200.886346 2011 
5.080000e+00 88 162.000006 2012 
5.080000e+00 88 NaN 2013 
5.080000e+00 88 157.000001 2014 
5.080000e+00 88 137.705529 2015 
5.080000e+00 88 206.000004 2016 
5.080000e+00 88 184.936602 2017 
5.080000e+00 88 NaN 2018 
5.080000e+00 88 102.997271 2019 
5.080000e+00 89 NaN 2007 
5.080000e+00 89 -55.065346 2008 
5.080000e+00 89 -200.981989 2009 
5.080000e+00 89 -105.529981 2010 
5.080000e+00 89 -73.138587 2011 
5.080000e+00 89 -99.600726 2012 
5.080000e+00 89 -142.290244 2013 
5.080000e+00 89 -141.999942 2014 
5.080000e+00 89 -96.370731 2015 
5.080000e+00 89 -113.584150 2016 
5.080000e+00 89 -121.999982 2017 
5.080000e+00 89 -152.044202 2018 
5.080000e+00 89 -68.000001 2019 
5.080000e+00 89 -185.000000 2020 
5.080000e+00 90 NaN 2001 
5.080000e+00 90 96.468619 2002 
5.080000e+00 90 116.058476 2003 
5.080000e+00 90 113.849624 2004 
5.080000e+00 90 98.199667 2005 
5.080000e+00 90 NaN 2006 
5.080000e+00 90 78.160234 2007 
5.080000e+00 90 NaN 2008 
5.080000e+00 90 102.999619 2009 
5.080000e+00 90 103.537453 2010 
5.080000e+00 90 116.000371 2011 
5.080000e+00 90 112.433468 2012 
5.080000e+00 90 100.487531 2013 
5.080000e+00 90 158.328382 2014 
5.080000e+00 90 NaN 2015 
5.080000e+00 90 NaN 2016 
5.080000e+00 90 80.752604 2017 
5.080000e+00 90 117.466487 2018 
5.080000e+00 90 80.873854 2019 
5.080000e+00 91 NaN 2005 
5.080000e+00 91 NaN 2006 
5.080000e+00 91 136.000000 2007 
5.080000e+00 91 NaN 2008 
5.080000e+00 91 91.999976 2009 
5.080000e+00 91 NaN 2010 
5.080000e+00 91 NaN 2011 
5.080000e+00 91 118.159169 2012 
5.080000e+00 91 NaN 2013 
5.080000e+00 91 NaN 2014 
10 1 NaN 2001 
10 1 166.383417 2001 
10 1 238.669585 2002 
10 1 251.169218 2003 
10 1 231.659640 2004 
10 1 182.276510 2005 
10 1 NaN 2006 
10 1 132.000000 2007 
10 1 246.883516 2008 
10 1 234.648691 2009 
10 1 262.526739 2010 
10 1 216.256158 2011 
10 1 165.296059 2012 
10 1 196.502845 2013 
10 1 158.999829 2014 
10 1 112.003094 2015 
10 1 196.999748 2016 
10 1 253.416654 2017 
10 1 117.108516 2018 
10 1 195.999994 2019 
