depth,sid,value,WY
5.080000,1,NaN,2001
5.080000,1,730636.564841,2001
5.080000,1,731009.414738,2002
5.080000,1,731362.000005,2003
5.080000,2,NaN,2004
5.080000,2,732098.009168,2005
5.080000,2,732488.000000,2006
5.080000,2,732831.325454,2007
5.080000,2,NaN,2008
5.080000,2,733560.938387,2009
5.080000,2,733954.000390,2010
5.080000,2,734312.000000,2011
5.080000,2,734679.571703,2012
5.080000,2,NaN,2013
5.080000,2,735401.474831,2014
5.080000,2,735764.587391,2015
5.080000,2,736080.000000,2016
5.080000,2,736447.374266,2017
5.080000,2,736795.999986,2018
5.080000,2,737225.719308,2019
5.080000,3,NaN,2016
5.080000,3,736221.212122,2017
5.080000,3,NaN,2018
5.080000,4,NaN,2005
5.080000,4,NaN,2006
5.080000,4,732870.000000,2007
5.080000,4,NaN,2008
5.080000,4,NaN,2009
5.080000,4,NaN,2010
5.080000,4,NaN,2011
5.080000,4,734663.913678,2012
5.080000,4,735058.600913,2013
5.080000,4,NaN,2014
5.080000,4,NaN,2015
5.080000,4,736068.655759,2016
5.080000,4,NaN,2017
5.080000,5,NaN,2001
5.080000,5,730735.999999,2001
5.080000,5,NaN,2002
5.080000,5,731432.000002,2003
5.080000,5,NaN,2004
5.080000,5,732247.242305,2005
5.080000,9,NaN,2007
5.080000,9,733389.420155,2008
5.080000,9,733666.832273,2009
5.080000,9,734090.362296,2010
5.080000,9,NaN,2011
5.080000,9,734796.000000,2012
5.080000,9,NaN,2013
5.080000,9,735447.008784,2014
5.080000,9,735906.100804,2015
5.080000,9,736219.326117,2016
5.080000,9,NaN,2017
5.080000,9,NaN,2018
5.080000,9,737231.260850,2019
5.080000,10,NaN,2008
5.080000,10,733336.963049,2009
5.080000,10,733705.891146,2010
5.080000,10,734078.531589,2011
5.080000,10,734410.341932,2012
5.080000,10,734827.958823,2013
5.080000,10,735032.000000,2014
5.080000,10,735529.390870,2015
5.080000,10,735902.872716,2016
5.080000,10,736228.596595,2017
5.080000,10,736619.314360,2018
5.080000,10,NaN,2019
5.080000,10,737368.076613,2020
5.080000,11,NaN,2015
5.080000,11,735905.000000,2016
5.080000,11,736208.828566,2017
5.080000,11,736610.444091,2018
5.080000,11,737042.903126,2019
5.080000,11,737295.017176,2020
5.080000,12,NaN,2007
5.080000,12,732994.000000,2008
5.080000,12,733244.999990,2009
5.080000,12,733692.294433,2010
5.080000,12,734064.501619,2011
5.080000,12,734433.057904,2012
5.080000,12,734758.132154,2013
5.080000,12,735127.624991,2014
5.080000,12,735528.573007,2015
5.080000,12,735790.999988,2016
5.080000,13,NaN,2017
5.080000,13,736575.644090,2018
5.080000,13,736925.926810,2019
5.080000,14,NaN,2014
5.080000,14,735610.000000,2015
5.080000,14,NaN,2016
5.080000,14,736225.241132,2017
5.080000,14,736659.872697,2018
5.080000,14,737035.745317,2019
5.080000,14,737473.725561,2020
5.080000,15,NaN,2005
5.080000,15,NaN,2006
5.080000,15,732870.999999,2007
5.080000,15,NaN,2008
5.080000,15,733466.453983,2009
5.080000,15,NaN,2010
5.080000,15,734312.485973,2011
5.080000,15,734678.864712,2012
5.080000,15,NaN,2013
5.080000,15,NaN,2014
5.080000,17,735612.706806,2015
5.080000,17,735840.000087,2016
5.080000,17,736215.288272,2017
5.080000,17,736624.481440,2018
5.080000,17,737049.116802,2019
5.080000,17,737412.513090,2020
5.080000,19,NaN,2014
5.080000,19,735538.502201,2015
5.080000,21,NaN,2007
5.080000,21,733337.865534,2008
5.080000,21,733689.858635,2009
5.080000,21,734086.315173,2010
5.080000,21,734398.975332,2011
5.080000,21,734762.303579,2012
5.080000,21,735084.000000,2013
5.080000,21,735448.746349,2014
5.080000,21,735795.202914,2015
5.080000,21,736238.626413,2016
5.080000,21,736631.673337,2017
5.080000,21,NaN,2018
5.080000,21,NaN,2019
5.080000,22,NaN,2008
5.080000,22,733336.416766,2009
5.080000,22,733696.357192,2010
5.080000,22,734079.397536,2011
5.080000,22,734408.727445,2012
5.080000,22,734727.969767,2013
5.080000,22,735103.973245,2014
5.080000,22,735539.000013,2015
5.080000,22,735764.988342,2016
5.080000,22,736237.660937,2017
5.080000,22,736618.540137,2018
5.080000,22,736940.423031,2019
5.080000,22,737324.814597,2020
5.080000,24,NaN,2012
5.080000,24,735021.874145,2013
5.080000,24,735451.000000,2014
5.080000,24,735762.999984,2015
5.080000,24,736186.000000,2016
5.080000,24,736508.553850,2017
5.080000,24,NaN,2018
5.080000,25,NaN,2001
5.080000,25,730754.466238,2002
5.080000,25,731116.106120,2003
5.080000,25,731550.777008,2004
5.080000,26,NaN,2005
5.080000,26,732251.249365,2006
5.080000,26,732545.403805,2007
5.080000,26,732865.999221,2008
5.080000,26,733238.000013,2009
5.080000,26,733621.975670,2010
5.080000,26,734099.731782,2011
5.080000,26,734432.761966,2012
5.080000,26,734763.496603,2013
5.080000,26,735120.696739,2014
5.080000,26,735544.508285,2015
5.080000,26,735781.999994,2016
5.080000,26,736319.876014,2017
5.080000,26,736553.062922,2018
5.080000,26,736896.666423,2019
5.080000,27,NaN,2011
5.080000,27,734411.536116,2012
5.080000,27,734742.999998,2013
5.080000,27,735144.915300,2014
5.080000,27,735542.453284,2015
5.080000,27,735772.387309,2016
5.080000,27,736228.819821,2017
5.080000,27,736625.381060,2018
5.080000,27,737039.233124,2019
5.080000,27,737369.467076,2020
5.080000,28,NaN,2007
5.080000,28,733341.124793,2008
5.080000,28,733694.392791,2009
5.080000,28,734083.902208,2010
5.080000,28,734386.999982,2011
5.080000,28,734762.059214,2012
5.080000,28,735103.093491,2013
5.080000,28,735384.392033,2014
5.080000,28,735773.735089,2015
5.080000,28,736184.999999,2016
5.080000,28,736559.096071,2017
5.080000,28,NaN,2018
5.080000,28,737316.522685,2019
5.080000,29,NaN,2011
5.080000,29,734403.586770,2012
5.080000,29,734831.663208,2013
5.080000,29,735115.447891,2014
5.080000,29,735521.188054,2015
5.080000,29,735899.166272,2016
5.080000,29,736249.444781,2017
5.080000,29,736632.865645,2018
5.080000,29,736986.993845,2019
5.080000,29,737312.454202,2020
5.080000,30,NaN,2010
5.080000,30,734412.000072,2011
5.080000,30,734722.640258,2012
5.080000,30,735035.003656,2013
5.080000,30,735448.999169,2014
5.080000,30,735760.348638,2015
5.080000,30,736199.241076,2016
5.080000,30,736625.249655,2017
5.080000,30,736867.173374,2018
5.080000,30,737311.984419,2019
5.080000,31,NaN,2011
5.080000,31,734413.952858,2012
5.080000,31,734718.968229,2013
5.080000,31,735037.000411,2014
5.080000,31,735462.144942,2015
5.080000,31,735761.859971,2016
5.080000,31,736240.548592,2017
5.080000,31,736640.604992,2018
5.080000,31,NaN,2019
5.080000,31,737380.060088,2020
5.080000,33,NaN,2006
5.080000,33,NaN,2007
5.080000,33,732988.814170,2008
5.080000,33,733357.066976,2009
5.080000,35,NaN,2008
5.080000,35,733285.457271,2009
5.080000,35,733705.630896,2010
5.080000,35,734108.131606,2011
5.080000,35,734443.516542,2012
5.080000,35,734764.968648,2013
5.080000,35,735126.027043,2014
5.080000,35,735547.463107,2015
5.080000,35,735892.977309,2016
5.080000,35,736310.335318,2017
5.080000,35,736559.000007,2018
5.080000,35,736914.000197,2019
5.080000,35,737269.538481,2020
5.080000,36,NaN,2010
5.080000,36,734039.395405,2011
5.080000,36,734410.839081,2012
5.080000,36,734732.463480,2013
5.080000,36,735118.241615,2014
5.080000,36,NaN,2015
5.080000,36,735784.018791,2016
5.080000,36,736222.114078,2017
5.080000,36,736600.737757,2018
5.080000,36,736922.125373,2019
5.080000,36,737308.409240,2020
5.080000,37,NaN,2010
5.080000,37,734309.362784,2011
5.080000,37,734677.889698,2012
5.080000,37,NaN,2013
5.080000,37,735418.253785,2014
5.080000,37,735759.399739,2015
5.080000,37,736131.681067,2016
5.080000,37,736442.668102,2017
5.080000,37,736825.504799,2018
5.080000,37,737226.506862,2019
5.080000,38,NaN,2010
5.080000,38,734309.362784,2011
5.080000,38,734677.889698,2012
5.080000,38,NaN,2013
5.080000,38,735418.253785,2014
5.080000,38,735759.399739,2015
5.080000,38,736131.681067,2016
5.080000,38,736442.668102,2017
5.080000,38,736825.504799,2018
5.080000,38,737226.506862,2019
5.080000,39,NaN,2010
5.080000,39,734309.362784,2011
5.080000,39,734677.889698,2012
5.080000,39,NaN,2013
5.080000,39,735418.253785,2014
5.080000,39,735759.399739,2015
5.080000,39,736131.681067,2016
5.080000,39,736442.668102,2017
5.080000,39,736825.504799,2018
5.080000,39,737226.506862,2019
5.080000,40,NaN,2014
5.080000,40,NaN,2015
5.080000,40,735908.155883,2016
5.080000,40,736209.000682,2017
5.080000,40,NaN,2018
5.080000,40,NaN,2019
5.080000,40,737367.892142,2020
5.080000,41,NaN,2008
5.080000,41,733679.078826,2009
5.080000,41,734025.030107,2010
5.080000,41,734394.861203,2011
5.080000,41,734785.591146,2012
5.080000,42,NaN,2013
5.080000,42,735446.129186,2014
5.080000,42,735906.460264,2015
5.080000,42,736211.000364,2016
5.080000,42,NaN,2017
5.080000,42,NaN,2018
5.080000,42,737230.412090,2019
5.080000,44,NaN,2007
5.080000,44,NaN,2008
5.080000,44,733290.394939,2009
5.080000,44,733703.390725,2010
5.080000,44,734109.000000,2011
5.080000,44,734452.967376,2012
5.080000,44,734762.992085,2013
5.080000,44,735110.715841,2014
5.080000,44,735567.416840,2015
5.080000,44,735888.724036,2016
5.080000,46,NaN,2012
5.080000,46,NaN,2013
5.080000,47,NaN,2005
5.080000,47,NaN,2006
5.080000,47,NaN,2007
5.080000,47,NaN,2008
5.080000,47,733557.665113,2009
5.080000,47,NaN,2010
5.080000,47,734289.397615,2011
5.080000,48,NaN,2016
5.080000,48,736511.095051,2017
5.080000,48,736885.000000,2018
5.080000,48,737154.910961,2019
5.080000,49,NaN,2001
5.080000,49,730705.507892,2002
5.080000,49,731096.993508,2003
5.080000,49,731492.311448,2004
5.080000,49,731842.284518,2005
5.080000,49,732137.439219,2006
5.080000,49,732544.168145,2007
5.080000,50,NaN,2008
5.080000,50,733286.226604,2009
5.080000,50,733689.243875,2010
5.080000,50,734034.317537,2011
5.080000,50,734370.223742,2012
5.080000,50,734731.225501,2013
5.080000,50,735118.942220,2014
5.080000,50,735455.001440,2015
5.080000,50,735844.166976,2016
5.080000,50,736192.637088,2017
5.080000,50,736566.635412,2018
5.080000,50,736929.482540,2019
5.080000,50,737316.699599,2020
5.080000,51,NaN,2011
5.080000,51,734411.774502,2012
5.080000,51,734793.756331,2013
5.080000,51,735114.873592,2014
5.080000,51,735449.220331,2015
5.080000,51,735849.658243,2016
5.080000,51,736220.674037,2017
5.080000,51,NaN,2018
5.080000,51,737029.722566,2019
5.080000,51,737396.270446,2020
5.080000,52,NaN,2010
5.080000,52,734348.999995,2011
5.080000,52,NaN,2012
5.080000,52,NaN,2013
5.080000,52,735404.941949,2014
5.080000,52,735792.106307,2015
5.080000,52,736228.596676,2016
5.080000,52,736504.999980,2017
5.080000,52,736871.000879,2018
5.080000,52,737275.666272,2019
5.080000,53,NaN,2007
5.080000,53,733393.070964,2008
5.080000,53,733685.179014,2009
5.080000,53,734070.956146,2010
5.080000,53,734391.565694,2011
5.080000,53,734784.455575,2012
5.080000,54,NaN,2014
5.080000,54,NaN,2015
5.080000,54,735907.964011,2016
5.080000,54,736233.511193,2017
5.080000,54,736656.987562,2018
5.080000,54,NaN,2019
5.080000,54,737366.809371,2020
5.080000,55,NaN,2007
5.080000,55,732918.999999,2008
5.080000,55,733284.370580,2009
5.080000,55,733667.462001,2010
5.080000,55,734036.482498,2011
5.080000,55,734394.479039,2012
5.080000,55,734726.000000,2013
5.080000,55,735136.737490,2014
5.080000,55,735436.000035,2015
5.080000,55,735778.999805,2016
5.080000,55,736212.203785,2017
5.080000,55,736563.722401,2018
5.080000,55,736929.439607,2019
5.080000,55,737308.774943,2020
5.080000,56,NaN,2010
5.080000,56,734040.777916,2011
5.080000,56,734384.841959,2012
5.080000,56,734739.000001,2013
5.080000,56,735119.177273,2014
5.080000,56,735489.247757,2015
5.080000,56,735838.446605,2016
5.080000,56,736229.763062,2017
5.080000,56,736646.720852,2018
5.080000,56,737047.448362,2019
5.080000,56,737309.308947,2020
5.080000,57,NaN,2007
5.080000,57,733344.551312,2008
5.080000,57,733578.277591,2009
5.080000,57,734067.860617,2010
5.080000,57,734392.836115,2011
5.080000,57,734713.075352,2012
5.080000,57,735042.877847,2013
5.080000,57,735437.337924,2014
5.080000,57,735750.000097,2015
5.080000,57,736220.256028,2016
5.080000,57,736524.944271,2017
5.080000,57,736865.000588,2018
5.080000,57,737295.247443,2019
5.080000,58,NaN,2007
5.080000,58,733342.165382,2008
5.080000,58,733626.516621,2009
5.080000,58,734068.228883,2010
5.080000,58,734408.876929,2011
5.080000,58,734728.622593,2012
5.080000,58,735031.247083,2013
5.080000,58,735438.175758,2014
5.080000,58,735760.693630,2015
5.080000,58,736239.033580,2016
5.080000,58,736637.174960,2017
5.080000,58,736868.940579,2018
5.080000,58,737222.917770,2019
5.080000,59,NaN,2007
5.080000,59,733063.938610,2008
5.080000,59,733239.999993,2009
5.080000,59,733609.967543,2010
5.080000,59,734027.353047,2011
5.080000,59,734432.577173,2012
5.080000,59,734758.386464,2013
5.080000,59,735127.149589,2014
5.080000,59,735468.000000,2015
5.080000,59,735783.999988,2016
5.080000,59,736189.719976,2017
5.080000,59,736548.134201,2018
5.080000,59,736913.038042,2019
5.080000,59,737298.887012,2020
5.080000,60,NaN,2015
5.080000,60,NaN,2016
5.080000,60,736216.161690,2017
5.080000,60,736594.416265,2018
5.080000,60,736993.595419,2019
5.080000,60,737365.489340,2020
5.080000,61,NaN,2008
5.080000,61,733346.509755,2009
5.080000,61,733707.758216,2010
5.080000,61,734091.266389,2011
5.080000,61,734413.824228,2012
5.080000,61,734761.974426,2013
5.080000,61,735115.963926,2014
5.080000,61,735449.999834,2015
5.080000,61,735777.999995,2016
5.080000,61,736188.168643,2017
5.080000,61,736654.900438,2018
5.080000,61,NaN,2019
5.080000,61,NaN,2020
5.080000,62,NaN,2008
5.080000,62,NaN,2009
5.080000,62,NaN,2010
5.080000,62,734093.942547,2011
5.080000,62,734401.468744,2012
5.080000,62,NaN,2013
5.080000,62,NaN,2014
5.080000,62,NaN,2015
5.080000,62,NaN,2016
5.080000,62,NaN,2017
5.080000,62,736666.949269,2018
5.080000,62,737036.000000,2019
5.080000,63,NaN,2001
5.080000,63,730731.000000,2001
5.080000,63,NaN,2002
5.080000,63,731433.000000,2003
5.080000,63,731864.000000,2004
5.080000,63,732146.092447,2005
5.080000,63,NaN,2006
5.080000,65,NaN,2011
5.080000,65,734394.999999,2012
5.080000,65,734762.163099,2013
5.080000,65,NaN,2014
5.080000,65,735436.999807,2015
5.080000,65,735805.225782,2016
5.080000,65,736236.595694,2017
5.080000,65,736636.150487,2018
5.080000,65,NaN,2019
5.080000,65,737373.775082,2020
5.080000,66,NaN,2011
5.080000,66,734403.882729,2012
5.080000,66,734763.872419,2013
5.080000,66,735136.890072,2014
5.080000,66,735522.858211,2015
5.080000,66,735777.999987,2016
5.080000,66,736254.764463,2017
5.080000,66,736556.081640,2018
5.080000,66,736931.461689,2019
5.080000,66,737312.000000,2020
5.080000,67,NaN,2007
5.080000,67,733345.180057,2008
5.080000,67,733664.554598,2009
5.080000,67,734072.037447,2010
5.080000,67,734391.999857,2011
5.080000,67,734749.062512,2012
5.080000,67,NaN,2013
5.080000,67,735446.604023,2014
5.080000,67,735791.268034,2015
5.080000,67,736208.998084,2016
5.080000,67,NaN,2017
5.080000,67,NaN,2018
5.080000,68,NaN,2010
5.080000,68,734105.790944,2011
5.080000,68,734405.717667,2012
5.080000,68,734750.497302,2013
5.080000,68,735153.690125,2014
5.080000,68,735442.237764,2015
5.080000,68,NaN,2016
5.080000,68,736232.874588,2017
5.080000,68,736603.521062,2018
5.080000,68,736934.999952,2019
5.080000,68,737368.824118,2020
5.080000,69,NaN,2005
5.080000,69,NaN,2006
5.080000,69,NaN,2007
5.080000,69,733043.490080,2008
5.080000,69,733491.391147,2009
5.080000,69,NaN,2010
5.080000,71,NaN,2009
5.080000,71,733735.854751,2010
5.080000,71,734032.458065,2011
5.080000,71,734389.480964,2012
5.080000,71,734731.573796,2013
5.080000,71,735131.001707,2014
5.080000,71,735461.707670,2015
5.080000,71,735829.541637,2016
5.080000,71,736224.416268,2017
5.080000,71,736601.736122,2018
5.080000,71,736870.000113,2019
5.080000,71,737365.179942,2020
5.080000,72,NaN,2009
5.080000,72,733735.854838,2010
5.080000,72,734032.458064,2011
5.080000,72,734389.483336,2012
5.080000,72,734731.572365,2013
5.080000,72,735131.000450,2014
5.080000,72,735461.707882,2015
5.080000,72,735829.998703,2016
5.080000,72,736223.473617,2017
5.080000,72,736601.735275,2018
5.080000,72,736870.000160,2019
5.080000,72,737365.179918,2020
5.080000,76,NaN,2015
5.080000,76,736223.000000,2016
5.080000,76,NaN,2017
5.080000,76,736848.217321,2018
5.080000,76,737251.000000,2019
5.080000,77,NaN,2010
5.080000,77,734320.847476,2011
5.080000,77,NaN,2012
5.080000,77,735084.000000,2013
5.080000,77,735448.956137,2014
5.080000,77,735758.315024,2015
5.080000,77,736194.548971,2016
5.080000,77,NaN,2017
5.080000,77,737002.983478,2018
5.080000,77,737365.592322,2019
5.080000,78,NaN,2010
5.080000,78,NaN,2011
5.080000,78,734711.075020,2012
5.080000,78,NaN,2013
5.080000,78,735402.437281,2014
5.080000,78,735787.979070,2015
5.080000,78,NaN,2016
5.080000,78,NaN,2017
5.080000,78,NaN,2018
5.080000,79,NaN,2012
5.080000,79,NaN,2013
5.080000,79,735448.000000,2014
5.080000,79,735791.236330,2015
5.080000,79,NaN,2016
5.080000,80,NaN,2009
5.080000,80,733701.338023,2010
5.080000,80,734106.373388,2011
5.080000,80,734448.825829,2012
5.080000,80,NaN,2013
5.080000,80,735103.000037,2014
5.080000,80,735464.847686,2015
5.080000,80,735886.000468,2016
5.080000,81,NaN,2016
5.080000,81,736317.685741,2017
5.080000,82,NaN,2011
5.080000,82,734415.113802,2012
5.080000,82,734756.000001,2013
5.080000,82,735112.513600,2014
5.080000,82,735446.999959,2015
5.080000,82,NaN,2016
5.080000,82,736216.417705,2017
5.080000,82,736655.948078,2018
5.080000,82,NaN,2019
5.080000,82,737322.999997,2020
5.080000,83,NaN,2010
5.080000,83,734370.500880,2011
5.080000,83,734672.000000,2012
5.080000,83,735175.867864,2013
5.080000,83,735402.640661,2014
5.080000,83,735762.999999,2015
5.080000,83,736159.000000,2016
5.080000,83,736513.947061,2017
5.080000,83,736870.894602,2018
5.080000,83,737276.450780,2019
5.080000,84,NaN,2015
5.080000,84,735903.006384,2016
5.080000,84,736180.999998,2017
5.080000,84,736619.613835,2018
5.080000,84,NaN,2019
5.080000,85,NaN,2007
5.080000,85,733359.530570,2008
5.080000,85,733663.688051,2009
5.080000,85,734089.194347,2010
5.080000,85,734390.681093,2011
5.080000,85,734781.440920,2012
5.080000,85,735130.757014,2013
5.080000,85,NaN,2014
5.080000,85,735906.773767,2015
5.080000,85,736201.215623,2016
5.080000,85,NaN,2017
5.080000,85,NaN,2018
5.080000,85,NaN,2019
5.080000,86,NaN,2015
5.080000,86,735907.551811,2016
5.080000,86,736201.245337,2017
5.080000,86,NaN,2018
5.080000,86,NaN,2019
5.080000,86,NaN,2020
5.080000,87,NaN,2010
5.080000,87,734410.565682,2011
5.080000,87,734828.900868,2012
5.080000,87,735147.166986,2013
5.080000,87,735484.804818,2014
5.080000,87,735791.099405,2015
5.080000,87,736208.725694,2016
5.080000,87,736632.509485,2017
5.080000,87,736868.138928,2018
5.080000,87,NaN,2019
5.080000,88,NaN,2010
5.080000,88,734395.886346,2011
5.080000,88,NaN,2012
5.080000,88,NaN,2013
5.080000,88,735447.000001,2014
5.080000,88,735792.705529,2015
5.080000,88,736226.000004,2016
5.080000,88,736569.936602,2017
5.080000,88,NaN,2018
5.080000,88,737217.997271,2019
5.080000,89,NaN,2007
5.080000,89,733021.934654,2008
5.080000,89,733241.018011,2009
5.080000,89,733701.470019,2010
5.080000,89,734098.861413,2011
5.080000,89,734437.399274,2012
5.080000,89,734759.709756,2013
5.080000,89,735125.000058,2014
5.080000,89,735535.629269,2015
5.080000,89,735883.415850,2016
5.080000,89,736240.000018,2017
5.080000,89,736574.955798,2018
5.080000,89,737023.999999,2019
5.080000,89,737272.000000,2020
5.080000,90,NaN,2001
5.080000,90,731006.468619,2002
5.080000,90,731391.058476,2003
5.080000,90,731753.849624,2004
5.080000,90,732103.199667,2005
5.080000,90,NaN,2006
5.080000,90,732813.160234,2007
5.080000,90,NaN,2008
5.080000,90,733567.999619,2009
5.080000,90,733933.537453,2010
5.080000,90,734311.000371,2011
5.080000,90,734672.433468,2012
5.080000,90,735025.487531,2013
5.080000,90,735448.328382,2014
5.080000,90,NaN,2015
5.080000,90,NaN,2016
5.080000,90,736465.752604,2017
5.080000,90,736867.466487,2018
5.080000,90,737195.873854,2019
5.080000,91,NaN,2005
5.080000,91,NaN,2006
5.080000,91,732871.000000,2007
5.080000,91,NaN,2008
5.080000,91,733556.999976,2009
5.080000,91,NaN,2010
5.080000,91,NaN,2011
5.080000,91,734678.159169,2012
5.080000,91,NaN,2013
5.080000,91,NaN,2014
10.000000,1,NaN,2001
10.000000,1,730711.383417,2001
10.000000,1,731148.669585,2002
10.000000,1,731526.169218,2003
10.000000,1,731871.659640,2004
10.000000,1,732187.276510,2005
10.000000,1,NaN,2006
10.000000,1,732867.000000,2007
10.000000,1,733346.883516,2008
10.000000,1,733699.648691,2009
10.000000,1,734092.526739,2010
10.000000,1,734411.256158,2011
10.000000,1,734725.296059,2012
10.000000,1,735121.502845,2013
10.000000,1,735448.999829,2014
10.000000,1,735767.003094,2015
10.000000,1,736216.999748,2016
10.000000,1,736638.416654,2017
10.000000,1,736867.108516,2018
10.000000,1,737310.999994,2019
